node_id,lat,lon,threshold,prec,evap,in_degree,out_degree,clustering,ffl
0,-6.12565445026178,-78.75,1.0,0.0,,0,6,0.36666666666666664,17
1,-5.183246073298429,-78.75,1.0,28.963200194487904,,0,7,0.3333333333333333,21
2,-4.2408376963350785,-78.75,1.0,166.1608176617328,,2,11,0.2636363636363636,46
3,-3.298429319371728,-78.75,1.0,107.45279403303776,,2,10,0.28888888888888886,39
4,-2.356020942408377,-78.75,1.0,48.54049313741862,,1,9,0.3392857142857143,36
5,-1.4136125654450262,-78.75,1.0,5.077923911254037,,0,10,0.35555555555555557,42
6,-8.952879581151834,-77.5,1.0,3.3798509070863636,,0,17,0.2536764705882353,86
7,-8.010471204188482,-77.5,1.0,68.7562631032352,,4,11,0.36538461538461536,47
8,-7.0680628272251305,-77.5,1.0,82.85564386675378,,5,7,0.4111111111111111,22
9,-6.12565445026178,-77.5,1.0,122.79593191546908,,8,6,0.3181818181818182,17
10,-5.183246073298429,-77.5,1.0,197.51412547881282,,9,5,0.2803030303030303,13
11,-4.2408376963350785,-77.5,1.0,213.10150308589337,,8,5,0.2727272727272727,14
12,-3.298429319371728,-77.5,1.0,231.97652381450334,,6,7,0.2636363636363636,21
13,-2.356020942408377,-77.5,1.0,186.8708273810773,,6,7,0.2818181818181818,23
14,-1.4136125654450262,-77.5,1.0,232.52539256636118,,6,6,0.32954545454545453,21
15,-0.4712041884816754,-77.5,1.0,192.20671290933467,,4,10,0.328125,45
16,0.4712041884816754,-77.5,1.0,151.36037883199378,,2,9,0.32857142857142857,36
17,-10.837696335078537,-76.25,1.0,0.0,,0,12,0.3787878787878788,62
18,-9.895287958115185,-76.25,1.0,28.119590811867923,,0,15,0.2904761904761905,76
19,-8.952879581151834,-76.25,1.0,208.075883264021,,6,21,0.22833333333333333,108
20,-8.010471204188482,-76.25,1.0,144.92451765607467,,8,8,0.38461538461538464,27
21,-7.0680628272251305,-76.25,1.0,174.3022064664477,,11,4,0.358974358974359,9
22,-6.12565445026178,-76.25,1.0,184.05035100512904,,14,4,0.32083333333333336,10
23,-5.183246073298429,-76.25,1.0,194.0268272577995,,16,5,0.25146198830409355,13
24,-4.2408376963350785,-76.25,1.0,170.71187182787847,,10,7,0.22857142857142856,23
25,-3.298429319371728,-76.25,1.0,188.19392889584637,,9,6,0.23717948717948717,18
26,-2.356020942408377,-76.25,1.0,169.53044944421416,,7,6,0.2636363636363636,17
27,-1.4136125654450262,-76.25,1.0,161.201903183546,,9,4,0.3,9
28,-0.4712041884816754,-76.25,1.0,194.10436478872685,,8,5,0.33636363636363636,15
29,0.4712041884816754,-76.25,1.0,214.95681029254544,,5,7,0.34444444444444444,23
30,1.4136125654450262,-76.25,1.0,131.05699641461223,,2,3,0.5,6
31,-13.664921465968591,-75.0,1.0,0.0,,0,0,0.0,0
32,-12.72251308900524,-75.0,1.0,0.0,,0,11,0.39090909090909093,53
33,-11.780104712041888,-75.0,1.0,46.97530102355245,,1,18,0.2631578947368421,99
34,-10.837696335078537,-75.0,1.0,285.8638236098493,,5,29,0.1592741935483871,165
35,-9.895287958115185,-75.0,1.0,290.0052074518073,,8,13,0.2807017543859649,51
36,-8.952879581151834,-75.0,1.0,213.0447256984275,,15,7,0.26052631578947366,22
37,-8.010471204188482,-75.0,1.0,182.40275932561167,,15,6,0.2807017543859649,17
38,-7.0680628272251305,-75.0,1.0,170.1620041672796,,16,4,0.2973856209150327,9
39,-6.12565445026178,-75.0,1.0,169.17989462866976,,20,5,0.2549407114624506,15
40,-5.183246073298429,-75.0,1.0,188.6784209663282,,15,7,0.22105263157894736,25
41,-4.2408376963350785,-75.0,1.0,198.46357571703615,,8,9,0.21428571428571427,36
42,-3.298429319371728,-75.0,1.0,236.95673595169822,,9,7,0.2087912087912088,22
43,-2.356020942408377,-75.0,1.0,225.48602806295773,,7,6,0.2545454545454545,18
44,-1.4136125654450262,-75.0,1.0,214.0970139194039,,7,6,0.21818181818181817,18
45,-0.4712041884816754,-75.0,1.0,203.43602677530697,,10,7,0.21904761904761905,22
46,0.4712041884816754,-75.0,1.0,141.24387102871228,,8,4,0.37777777777777777,10
47,1.4136125654450262,-75.0,1.0,121.54788744520687,,4,2,0.4166666666666667,3
48,2.356020942408377,-75.0,1.0,75.54280199739604,,1,1,0.0,1
49,-14.607329842931941,-73.75,1.0,9.385933279476825,,0,2,0.5,3
50,-13.664921465968591,-73.75,1.0,0.0,,0,8,0.44642857142857145,33
51,-12.72251308900524,-73.75,1.0,64.70923996520686,,3,19,0.2631578947368421,120
52,-11.780104712041888,-73.75,1.0,165.67772998168624,,8,19,0.20666666666666667,98
53,-10.837696335078537,-73.75,1.0,274.22691777992395,,14,8,0.26052631578947366,26
54,-9.895287958115185,-73.75,1.0,215.9420224855346,,17,5,0.28421052631578947,12
55,-8.952879581151834,-73.75,1.0,179.55063754515237,,19,5,0.2510822510822511,12
56,-8.010471204188482,-73.75,1.0,175.63635927679906,,20,4,0.21428571428571427,9
57,-7.0680628272251305,-73.75,1.0,154.33574119313664,,14,4,0.25833333333333336,9
58,-6.12565445026178,-73.75,1.0,161.87890526068725,,10,4,0.2803030303030303,9
59,-5.183246073298429,-73.75,1.0,205.36069408780835,,8,6,0.25,19
60,-4.2408376963350785,-73.75,1.0,216.23224243174607,,6,7,0.2818181818181818,24
61,-3.298429319371728,-73.75,1.0,237.4297173769819,,6,7,0.23636363636363636,22
62,-2.356020942408377,-73.75,1.0,262.4271285476541,,6,7,0.22727272727272727,24
63,-1.4136125654450262,-73.75,1.0,190.07616399588557,,5,7,0.24444444444444444,24
64,-0.4712041884816754,-73.75,1.0,184.5765018796868,,4,7,0.2638888888888889,24
65,0.4712041884816754,-73.75,1.0,173.2886658161833,,9,5,0.26515151515151514,12
66,1.4136125654450262,-73.75,1.0,147.10911219052494,,9,2,0.3055555555555556,3
67,-14.607329842931941,-72.5,1.0,0.0,,0,16,0.2875,85
68,-13.664921465968591,-72.5,1.0,0.0,,0,15,0.28095238095238095,74
69,-12.72251308900524,-72.5,1.0,20.616266770174516,,0,17,0.2426470588235294,83
70,-11.780104712041888,-72.5,1.0,274.460907239064,,12,10,0.3105263157894737,40
71,-10.837696335078537,-72.5,1.0,231.87065816938966,,18,7,0.274703557312253,21
72,-9.895287958115185,-72.5,1.0,179.63718359318966,,19,5,0.2554112554112554,12
73,-8.952879581151834,-72.5,1.0,168.33866286860248,,14,4,0.24583333333333332,9
74,-8.010471204188482,-72.5,1.0,146.7559895270768,,5,4,0.16666666666666666,9
75,-7.0680628272251305,-72.5,1.0,157.1324050743348,,4,4,0.2,9
76,-6.12565445026178,-72.5,1.0,170.6972278104628,,4,6,0.21428571428571427,19
77,-5.183246073298429,-72.5,1.0,240.7699756804371,,8,7,0.20512820512820512,22
78,-4.2408376963350785,-72.5,1.0,242.97775300982678,,7,7,0.25,24
79,-3.298429319371728,-72.5,1.0,257.7475163664911,,6,8,0.25,29
80,-2.356020942408377,-72.5,1.0,280.18514942001343,,6,9,0.23076923076923078,37
81,-1.4136125654450262,-72.5,1.0,199.57222744368363,,6,7,0.24545454545454545,24
82,-0.4712041884816754,-72.5,1.0,192.8811657930954,,6,7,0.24545454545454545,24
83,0.4712041884816754,-72.5,1.0,176.10456124973683,,5,6,0.25,17
84,1.4136125654450262,-72.5,1.0,148.0892094145891,,7,2,0.2857142857142857,3
85,-14.607329842931941,-71.25,1.0,0.0,,0,19,0.27485380116959063,113
86,-13.664921465968591,-71.25,1.0,0.0,,0,17,0.2610294117647059,88
87,-12.72251308900524,-71.25,1.0,241.1187302247398,,8,15,0.3047619047619048,73
88,-11.780104712041888,-71.25,1.0,235.07234953809643,,17,6,0.2785714285714286,19
89,-10.837696335078537,-71.25,1.0,189.33291822070808,,20,4,0.2813852813852814,9
90,-9.895287958115185,-71.25,1.0,168.6152185182276,,16,4,0.2777777777777778,9
91,-8.952879581151834,-71.25,1.0,137.33573314099397,,4,4,0.2,9
92,-8.010471204188482,-71.25,1.0,129.04898188968093,,4,4,0.2,9
93,-7.0680628272251305,-71.25,1.0,176.05481683962662,,4,5,0.21428571428571427,14
94,-6.12565445026178,-71.25,1.0,202.421297844447,,5,6,0.25,19
95,-5.183246073298429,-71.25,1.0,180.51913721355072,,5,6,0.2638888888888889,19
96,-4.2408376963350785,-71.25,1.0,250.63746483036698,,8,7,0.23717948717948717,25
97,-3.298429319371728,-71.25,1.0,228.96895387066365,,6,8,0.25,31
98,-2.356020942408377,-71.25,1.0,229.02258440982928,,6,9,0.27564102564102566,41
99,-1.4136125654450262,-71.25,1.0,200.43847828176598,,6,14,0.25163398692810457,83
100,-0.4712041884816754,-71.25,1.0,213.50946740482527,,6,11,0.2857142857142857,58
101,0.4712041884816754,-71.25,1.0,208.33117490259463,,6,9,0.24358974358974358,38
102,1.4136125654450262,-71.25,1.0,138.5369204159035,,4,4,0.26666666666666666,10
103,-13.664921465968591,-70.0,1.0,81.7935799873316,,2,14,0.3516483516483517,78
104,-12.72251308900524,-70.0,1.0,267.1556359120741,,13,9,0.3105263157894737,35
105,-11.780104712041888,-70.0,1.0,190.18991871463834,,16,4,0.30718954248366015,10
106,-10.837696335078537,-70.0,1.0,189.96712026289026,,16,3,0.28308823529411764,6
107,-9.895287958115185,-70.0,1.0,142.28965283700668,,3,2,0.3333333333333333,3
108,-8.952879581151834,-70.0,1.0,139.22905987771884,,4,4,0.16666666666666666,9
109,-8.010471204188482,-70.0,1.0,124.79078473213121,,4,5,0.19047619047619047,13
110,-7.0680628272251305,-70.0,1.0,161.7300924977644,,4,7,0.20833333333333334,22
111,-6.12565445026178,-70.0,1.0,183.60412766887376,,5,6,0.2638888888888889,19
112,-5.183246073298429,-70.0,1.0,213.02005484830502,,6,8,0.22727272727272727,28
113,-4.2408376963350785,-70.0,1.0,224.59673003491878,,6,11,0.23333333333333334,52
114,-3.298429319371728,-70.0,1.0,235.79351356791256,,6,14,0.25163398692810457,78
115,-2.356020942408377,-70.0,1.0,221.39913616505922,,6,13,0.2610294117647059,69
116,-1.4136125654450262,-70.0,1.0,206.57882957924005,,7,11,0.2791666666666667,56
117,-0.4712041884816754,-70.0,1.0,270.11792975615793,,7,13,0.2875816993464052,79
118,0.4712041884816754,-70.0,1.0,242.49681900949489,,7,12,0.24632352941176472,62
119,1.4136125654450262,-70.0,1.0,187.54288994395526,,5,6,0.3194444444444444,21
120,-15.549738219895294,-68.75,1.0,0.0,,0,17,0.26838235294117646,89
121,-14.607329842931941,-68.75,1.0,38.75342436252828,,1,11,0.32575757575757575,43
122,-13.664921465968591,-68.75,1.0,277.21682395740163,,9,9,0.325,36
123,-12.72251308900524,-68.75,1.0,179.6768810012612,,14,4,0.24166666666666667,9
124,-11.780104712041888,-68.75,1.0,189.65788483669058,,6,3,0.3333333333333333,5
125,-10.837696335078537,-68.75,1.0,203.16102411780895,,2,3,0.0,5
126,-9.895287958115185,-68.75,1.0,118.64248024906082,,2,3,0.16666666666666666,6
127,-8.952879581151834,-68.75,1.0,118.9206471510634,,3,4,0.2,9
128,-8.010471204188482,-68.75,1.0,153.7747376515488,,4,4,0.2,9
129,-7.0680628272251305,-68.75,1.0,170.72700218086706,,4,5,0.2857142857142857,14
130,-6.12565445026178,-68.75,1.0,192.75570252875616,,8,6,0.20454545454545456,18
131,-5.183246073298429,-68.75,1.0,236.29791266473924,,8,8,0.2032967032967033,30
132,-4.2408376963350785,-68.75,1.0,277.90480064784936,,8,12,0.22875816993464052,62
133,-3.298429319371728,-68.75,1.0,266.9848725892993,,6,12,0.29583333333333334,63
134,-2.356020942408377,-68.75,1.0,234.17767770231592,,8,14,0.2578947368421053,82
135,-1.4136125654450262,-68.75,1.0,227.54366428277768,,7,15,0.27631578947368424,91
136,-0.4712041884816754,-68.75,1.0,278.71142222878603,,8,15,0.29904306220095694,95
137,0.4712041884816754,-68.75,1.0,282.39097768115005,,9,14,0.27163461538461536,84
138,1.4136125654450262,-68.75,1.0,234.4284143361569,,6,9,0.2922077922077922,38
139,2.356020942408377,-68.75,1.0,215.26987542045154,,4,4,0.36666666666666664,10
140,-16.492146596858646,-67.5,1.0,0.0,,0,11,0.2727272727272727,41
141,-15.549738219895294,-67.5,1.0,154.8950527208431,,3,12,0.27564102564102566,46
142,-14.607329842931941,-67.5,1.0,128.65159600990827,,5,3,0.3333333333333333,5
143,-13.664921465968591,-67.5,1.0,95.16672291163874,,5,1,0.4166666666666667,1
144,-12.72251308900524,-67.5,1.0,50.95996893334473,,0,2,0.5,3
145,-11.780104712041888,-67.5,1.0,155.41511035202151,,2,2,0.5,3
146,-10.837696335078537,-67.5,1.0,172.3131702732991,,4,4,0.1,9
147,-9.895287958115185,-67.5,1.0,92.49470272379818,,2,4,0.3333333333333333,9
148,-8.952879581151834,-67.5,1.0,146.88047559462603,,5,4,0.14285714285714285,9
149,-8.010471204188482,-67.5,1.0,156.07541373300825,,4,4,0.2,9
150,-7.0680628272251305,-67.5,1.0,167.55265986939236,,5,4,0.21428571428571427,9
151,-6.12565445026178,-67.5,1.0,172.86574320753627,,6,6,0.2222222222222222,18
152,-5.183246073298429,-67.5,1.0,180.59111153069443,,6,7,0.2636363636363636,26
153,-4.2408376963350785,-67.5,1.0,202.5360732543519,,5,9,0.3181818181818182,40
154,-3.298429319371728,-67.5,1.0,206.94547012370944,,6,8,0.3409090909090909,30
155,-2.356020942408377,-67.5,1.0,218.7965028005028,,6,11,0.3333333333333333,55
156,-1.4136125654450262,-67.5,1.0,238.56119052245285,,8,18,0.23731884057971014,108
157,-0.4712041884816754,-67.5,1.0,266.8529658646186,,9,17,0.26545454545454544,97
158,0.4712041884816754,-67.5,1.0,279.048723684996,,10,14,0.29475982532751094,80
159,1.4136125654450262,-67.5,1.0,274.76543415321544,,8,11,0.26119402985074625,45
160,2.356020942408377,-67.5,1.0,296.2329575097202,,6,4,0.4074074074074074,11
161,-18.376963350785346,-66.25,1.0,0.0,,0,1,0.0,1
162,-17.434554973821996,-66.25,1.0,0.0,,0,2,0.5,3
163,-16.492146596858646,-66.25,1.0,50.83214443048456,,0,4,0.08333333333333333,5
164,-15.549738219895294,-66.25,1.0,162.0117181562758,,6,2,0.1,3
165,-14.607329842931941,-66.25,1.0,153.68640248660537,,4,1,0.3333333333333333,1
166,-13.664921465968591,-66.25,1.0,10.92763637874582,,0,0,0.0,0
167,-12.72251308900524,-66.25,1.0,0.0,,0,1,0.0,1
168,-11.780104712041888,-66.25,1.0,96.6567970072339,,2,3,0.16666666666666666,6
169,-10.837696335078537,-66.25,1.0,115.6829390501059,,2,4,0.25,9
170,-9.895287958115185,-66.25,1.0,125.40678103594405,,4,4,0.16666666666666666,9
171,-8.952879581151834,-66.25,1.0,139.9639302924746,,4,4,0.2,9
172,-8.010471204188482,-66.25,1.0,157.9874302637939,,4,4,0.2,9
173,-7.0680628272251305,-66.25,1.0,165.4590253727031,,4,5,0.19047619047619047,13
174,-6.12565445026178,-66.25,1.0,169.34423985529304,,6,6,0.2111111111111111,19
175,-5.183246073298429,-66.25,1.0,175.67846254345653,,6,7,0.2636363636363636,26
176,-4.2408376963350785,-66.25,1.0,181.01076562368567,,6,8,0.29545454545454547,30
177,-3.298429319371728,-66.25,1.0,204.51510084836715,,7,9,0.3021978021978022,34
178,-2.356020942408377,-66.25,1.0,223.57670270426158,,10,10,0.2679738562091503,45
179,-1.4136125654450262,-66.25,1.0,254.01265352889092,,10,13,0.24761904761904763,61
180,-0.4712041884816754,-66.25,1.0,248.1651958495223,,10,14,0.2510822510822511,59
181,0.4712041884816754,-66.25,1.0,231.56913779764062,,10,11,0.30116959064327486,42
182,1.4136125654450262,-66.25,1.0,178.712731344028,,6,11,0.3047619047619048,42
183,2.356020942408377,-66.25,1.0,268.16126953364693,,9,5,0.29545454545454547,9
184,-18.376963350785346,-65.0,1.0,0.0,,0,2,0.0,2
185,-17.434554973821996,-65.0,1.0,29.92078664767376,,0,1,0.0,1
186,-16.492146596858646,-65.0,1.0,120.2190350939654,,4,2,0.0,3
187,-15.549738219895294,-65.0,1.0,155.1118144561051,,2,1,0.0,1
188,-14.607329842931941,-65.0,1.0,76.84267064950123,,0,0,0.0,0
189,-13.664921465968591,-65.0,1.0,17.604600830961658,,0,0,0.0,0
190,-12.72251308900524,-65.0,1.0,0.0,,0,1,0.0,1
191,-11.780104712041888,-65.0,1.0,103.27156935239624,,2,3,0.16666666666666666,6
192,-10.837696335078537,-65.0,1.0,156.96451514917044,,4,3,0.15,5
193,-9.895287958115185,-65.0,1.0,134.09450486544387,,4,2,0.25,3
194,-8.952879581151834,-65.0,1.0,164.13862319024025,,4,4,0.16666666666666666,9
195,-8.010471204188482,-65.0,1.0,169.10124978114558,,4,5,0.21428571428571427,14
196,-7.0680628272251305,-65.0,1.0,167.61478574168163,,4,7,0.2361111111111111,24
197,-6.12565445026178,-65.0,1.0,173.69096749451657,,5,7,0.23333333333333334,24
198,-5.183246073298429,-65.0,1.0,202.2916173817686,,6,9,0.23717948717948717,35
199,-4.2408376963350785,-65.0,1.0,206.30292487962652,,7,9,0.26373626373626374,40
200,-3.298429319371728,-65.0,1.0,207.50407899820604,,6,9,0.2948717948717949,37
201,-2.356020942408377,-65.0,1.0,240.92189710456864,,11,9,0.28104575163398693,38
202,-1.4136125654450262,-65.0,1.0,242.9626952365606,,11,10,0.2807017543859649,44
203,-0.4712041884816754,-65.0,1.0,232.14295307188846,,13,8,0.2807017543859649,26
204,0.4712041884816754,-65.0,1.0,251.58182893658162,,14,9,0.2785714285714286,26
205,1.4136125654450262,-65.0,1.0,223.32373800336626,,14,5,0.31985294117647056,12
206,-20.261780104712045,-63.75,1.0,6.9625258812704915,,0,1,0.0,1
207,-19.319371727748695,-63.75,1.0,38.179952942362505,,0,1,0.0,1
208,-18.376963350785346,-63.75,1.0,75.02736863235565,,4,1,0.0,1
209,-17.434554973821996,-63.75,1.0,42.81128439444426,,0,0,0.0,0
210,-16.492146596858646,-63.75,1.0,119.95737100572549,,1,1,0.0,1
211,-15.549738219895294,-63.75,1.0,101.93161873470005,,0,1,0.0,1
212,-14.607329842931941,-63.75,1.0,177.16031292540475,,2,1,0.0,1
213,-13.664921465968591,-63.75,1.0,91.90353172053771,,0,0,0.0,0
214,-12.72251308900524,-63.75,1.0,76.62443207795201,,0,1,0.0,1
215,-11.780104712041888,-63.75,1.0,146.61317315551216,,2,2,0.0,3
216,-10.837696335078537,-63.75,1.0,163.87062272940608,,4,2,0.08333333333333333,3
217,-9.895287958115185,-63.75,1.0,117.26216135219752,,2,3,0.16666666666666666,6
218,-8.952879581151834,-63.75,1.0,121.56696363914541,,3,5,0.2,13
219,-8.010471204188482,-63.75,1.0,164.74769338862376,,4,7,0.2222222222222222,24
220,-7.0680628272251305,-63.75,1.0,178.66428237636225,,4,10,0.25757575757575757,43
221,-6.12565445026178,-63.75,1.0,194.65715712842942,,5,9,0.25757575757575757,37
222,-5.183246073298429,-63.75,1.0,207.7224079389132,,6,8,0.25757575757575757,30
223,-4.2408376963350785,-63.75,1.0,207.83880994215033,,7,8,0.28205128205128205,32
224,-3.298429319371728,-63.75,1.0,237.4080485547854,,8,10,0.2791666666666667,47
225,-2.356020942408377,-63.75,1.0,300.4325305382669,,15,13,0.19692307692307692,73
226,-1.4136125654450262,-63.75,1.0,278.543938865204,,13,10,0.24285714285714285,45
227,-0.4712041884816754,-63.75,1.0,195.47489829866262,,11,8,0.29044117647058826,24
228,0.4712041884816754,-63.75,1.0,173.2824173547704,,12,7,0.31985294117647056,15
229,1.4136125654450262,-63.75,1.0,154.00318494310721,,13,4,0.38095238095238093,7
230,3.298429319371728,-63.75,1.0,86.62173432079668,,7,2,0.38095238095238093,2
231,-19.319371727748695,-62.5,1.0,0.0,,0,0,0.0,0
232,-18.376963350785346,-62.5,1.0,0.0,,0,0,0.0,0
233,-17.434554973821996,-62.5,1.0,0.0,,0,0,0.0,0
234,-16.492146596858646,-62.5,1.0,101.12381965060388,,0,0,0.0,0
235,-15.549738219895294,-62.5,1.0,144.73068139845964,,1,2,0.0,3
236,-14.607329842931941,-62.5,1.0,200.9359467569115,,2,2,0.0,3
237,-13.664921465968591,-62.5,1.0,172.3469671270392,,2,2,0.0,3
238,-12.72251308900524,-62.5,1.0,93.49118692608742,,2,1,0.0,1
239,-11.780104712041888,-62.5,1.0,61.369458963218314,,0,0,0.0,0
240,-10.837696335078537,-62.5,1.0,42.246831833495186,,0,2,0.5,3
241,-9.895287958115185,-62.5,1.0,116.64840264601786,,2,5,0.25,13
242,-8.952879581151834,-62.5,1.0,165.45222354650446,,4,5,0.19047619047619047,13
243,-8.010471204188482,-62.5,1.0,156.60350859036458,,4,7,0.2777777777777778,26
244,-7.0680628272251305,-62.5,1.0,218.9730883316036,,6,9,0.2564102564102564,37
245,-6.12565445026178,-62.5,1.0,227.95921509324157,,6,9,0.2692307692307692,35
246,-5.183246073298429,-62.5,1.0,243.52445801786018,,7,7,0.26515151515151514,24
247,-4.2408376963350785,-62.5,1.0,221.89985699842535,,7,9,0.25824175824175827,35
248,-3.298429319371728,-62.5,1.0,286.99168780465993,,14,9,0.20952380952380953,41
249,-2.356020942408377,-62.5,1.0,340.3587836122015,,14,13,0.20666666666666667,72
250,-1.4136125654450262,-62.5,1.0,273.6337881744202,,13,11,0.23376623376623376,54
251,-0.4712041884816754,-62.5,1.0,225.40267590209692,,13,7,0.26143790849673204,21
252,0.4712041884816754,-62.5,1.0,127.26986838353194,,9,4,0.35454545454545455,6
253,1.4136125654450262,-62.5,1.0,120.20042692756621,,16,3,0.34191176470588236,3
254,2.356020942408377,-62.5,1.0,85.24223626286613,,10,1,0.41818181818181815,0
255,3.298429319371728,-62.5,1.0,41.137621013431776,,4,0,0.5,0
256,-18.376963350785346,-61.25,1.0,0.0,,0,0,0.0,0
257,-17.434554973821996,-61.25,1.0,0.0,,0,0,0.0,0
258,-16.492146596858646,-61.25,1.0,47.68618427243802,,0,0,0.0,0
259,-15.549738219895294,-61.25,1.0,36.69606793082323,,0,0,0.0,0
260,-14.607329842931941,-61.25,1.0,69.84647882178766,,0,1,0.0,1
261,-13.664921465968591,-61.25,1.0,135.9469434412904,,2,1,0.0,1
262,-12.72251308900524,-61.25,1.0,37.09725901355144,,0,1,0.0,1
263,-11.780104712041888,-61.25,1.0,93.46301995832617,,1,4,0.3333333333333333,9
264,-10.837696335078537,-61.25,1.0,118.87295058550617,,2,4,0.25,9
265,-9.895287958115185,-61.25,1.0,195.1071066071885,,4,5,0.21428571428571427,14
266,-8.952879581151834,-61.25,1.0,178.34891225963315,,4,6,0.26785714285714285,19
267,-8.010471204188482,-61.25,1.0,192.31327117172577,,5,7,0.2222222222222222,23
268,-7.0680628272251305,-61.25,1.0,229.51103179408085,,6,8,0.2727272727272727,29
269,-6.12565445026178,-61.25,1.0,263.83733892099,,8,8,0.2692307692307692,31
270,-5.183246073298429,-61.25,1.0,230.66549243038682,,8,8,0.24175824175824176,30
271,-4.2408376963350785,-61.25,1.0,222.92407445739894,,7,8,0.26282051282051283,30
272,-3.298429319371728,-61.25,1.0,253.09365902482938,,7,8,0.2948717948717949,30
273,-2.356020942408377,-61.25,1.0,255.63347975740135,,7,11,0.3,54
274,-1.4136125654450262,-61.25,1.0,275.77886699441393,,9,10,0.2867647058823529,45
275,-0.4712041884816754,-61.25,1.0,249.61764820622116,,14,7,0.2777777777777778,22
276,0.4712041884816754,-61.25,1.0,165.85429044349752,,14,3,0.3047619047619048,4
277,1.4136125654450262,-61.25,1.0,102.63173083739153,,14,1,0.3380952380952381,0
278,2.356020942408377,-61.25,1.0,57.340743068725416,,14,0,0.3901098901098901,0
279,3.298429319371728,-61.25,1.0,2.5387819464158192,,0,0,0.0,0
280,4.2408376963350785,-61.25,1.0,0.2944406695200975,,0,0,0.0,0
281,-15.549738219895294,-60.0,1.0,0.0,,0,0,0.0,0
282,-14.607329842931941,-60.0,1.0,7.173901142914159,,0,0,0.0,0
283,-13.664921465968591,-60.0,1.0,57.94664178567865,,0,2,0.5,3
284,-12.72251308900524,-60.0,1.0,129.06998590141023,,2,4,0.3333333333333333,10
285,-11.780104712041888,-60.0,1.0,195.1006540381437,,5,4,0.16666666666666666,10
286,-10.837696335078537,-60.0,1.0,240.3907285689396,,6,6,0.16666666666666666,18
287,-9.895287958115185,-60.0,1.0,234.8527592330281,,4,9,0.2818181818181818,42
288,-8.952879581151834,-60.0,1.0,247.43671285867455,,5,8,0.3,35
289,-8.010471204188482,-60.0,1.0,,,0,8,0.39285714285714285,30
290,-7.0680628272251305,-60.0,1.0,280.8656923702446,,7,12,0.21323529411764705,58
291,-6.12565445026178,-60.0,1.0,264.6155917239185,,7,8,0.3076923076923077,32
292,-5.183246073298429,-60.0,1.0,275.43099768059284,,9,9,0.2375,36
293,-4.2408376963350785,-60.0,1.0,271.3598099006533,,10,7,0.23333333333333334,24
294,-3.298429319371728,-60.0,1.0,300.0140317426937,,10,9,0.20955882352941177,33
295,-2.356020942408377,-60.0,1.0,340.8686549764263,,12,9,0.24853801169590642,40
296,-1.4136125654450262,-60.0,1.0,240.480669022687,,7,11,0.3125,50
297,-0.4712041884816754,-60.0,1.0,264.2923725669224,,11,9,0.25163398692810457,32
298,0.4712041884816754,-60.0,1.0,169.27634970528544,,11,2,0.37272727272727274,3
299,1.4136125654450262,-60.0,1.0,100.44498567368245,,4,0,0.4166666666666667,0
300,2.356020942408377,-60.0,1.0,56.416991630967665,,6,0,0.4666666666666667,0
301,3.298429319371728,-60.0,1.0,8.297290665417933,,0,0,0.0,0
302,4.2408376963350785,-60.0,1.0,5.018151597778611,,0,0,0.0,0
303,5.183246073298429,-60.0,1.0,13.289516914933728,,0,0,0.0,0
304,-13.664921465968591,-58.75,1.0,0.0,,0,2,0.5,3
305,-12.72251308900524,-58.75,1.0,0.0,,0,2,0.5,3
306,-11.780104712041888,-58.75,1.0,158.6076882545268,,4,5,0.19047619047619047,12
307,-10.837696335078537,-58.75,1.0,145.588771613122,,4,6,0.30357142857142855,22
308,-9.895287958115185,-58.75,1.0,260.69029591344844,,6,8,0.3384615384615385,37
309,-8.952879581151834,-58.75,1.0,297.2131799411737,,8,11,0.26296296296296295,58
310,-8.010471204188482,-58.75,1.0,315.4580204788373,,9,10,0.25925925925925924,51
311,-7.0680628272251305,-58.75,1.0,320.72375726264016,,7,10,0.26666666666666666,45
312,-6.12565445026178,-58.75,1.0,337.33967134112544,,10,10,0.22875816993464052,46
313,-5.183246073298429,-58.75,1.0,311.22368314900234,,10,9,0.22794117647058823,37
314,-4.2408376963350785,-58.75,1.0,231.6381505371326,,7,7,0.26515151515151514,24
315,-3.298429319371728,-58.75,1.0,279.0241693699745,,7,7,0.24242424242424243,22
316,-2.356020942408377,-58.75,1.0,290.1301584279112,,9,12,0.22807017543859648,55
317,-1.4136125654450262,-58.75,1.0,339.34650523311564,,12,13,0.20948616600790515,55
318,-0.4712041884816754,-58.75,1.0,277.169596150434,,11,9,0.26143790849673204,29
319,0.4712041884816754,-58.75,1.0,194.04557931950913,,11,4,0.30128205128205127,8
320,-13.664921465968591,-57.5,1.0,16.987913754400125,,0,2,0.5,3
321,-12.72251308900524,-57.5,1.0,143.78907279655007,,3,3,0.25,6
322,-11.780104712041888,-57.5,1.0,213.38468817853027,,8,3,0.125,6
323,-10.837696335078537,-57.5,1.0,194.4814365029648,,5,7,0.25555555555555554,28
324,-9.895287958115185,-57.5,1.0,237.99309267327988,,6,10,0.29444444444444445,50
325,-8.952879581151834,-57.5,1.0,302.7234653035118,,9,11,0.30132450331125826,61
326,-8.010471204188482,-57.5,1.0,302.193207399921,,9,10,0.30970149253731344,50
327,-7.0680628272251305,-57.5,1.0,306.6657813665728,,9,8,0.30288461538461536,31
328,-6.12565445026178,-57.5,1.0,298.6344574747459,,8,10,0.25,43
329,-5.183246073298429,-57.5,1.0,287.0438457269679,,9,8,0.2523809523809524,30
330,-4.2408376963350785,-57.5,1.0,232.27963996130322,,7,9,0.22527472527472528,32
331,-3.298429319371728,-57.5,1.0,244.51964938463945,,9,7,0.21978021978021978,22
332,-2.356020942408377,-57.5,1.0,166.34667482739258,,4,12,0.23076923076923078,44
333,-1.4136125654450262,-57.5,1.0,299.50341617805833,,11,12,0.20714285714285716,42
334,-0.4712041884816754,-57.5,1.0,246.1313500656492,,12,10,0.2236842105263158,26
335,0.4712041884816754,-57.5,1.0,188.5048995174141,,10,5,0.30128205128205127,8
336,1.4136125654450262,-57.5,1.0,122.65512366195722,,4,1,0.5,0
337,-13.664921465968591,-56.25,1.0,41.0936903606905,,0,1,0.0,1
338,-12.72251308900524,-56.25,1.0,0.0,,0,5,0.3,11
339,-11.780104712041888,-56.25,1.0,120.50343845117129,,3,6,0.19047619047619047,15
340,-10.837696335078537,-56.25,1.0,184.81945998970886,,4,8,0.26666666666666666,32
341,-9.895287958115185,-56.25,1.0,126.23200010299323,,4,9,0.33636363636363636,39
342,-8.952879581151834,-56.25,1.0,315.3328181824263,,12,10,0.2765957446808511,50
343,-8.010471204188482,-56.25,1.0,296.7723303686074,,10,9,0.3111111111111111,40
344,-7.0680628272251305,-56.25,1.0,300.567001841624,,10,8,0.29411764705882354,31
345,-6.12565445026178,-56.25,1.0,253.76557006521895,,7,8,0.3141025641025641,29
346,-5.183246073298429,-56.25,1.0,269.10214520240754,,10,7,0.2619047619047619,23
347,-4.2408376963350785,-56.25,1.0,185.4331349673871,,7,6,0.2818181818181818,16
348,-3.298429319371728,-56.25,1.0,210.65603051663237,,8,6,0.24242424242424243,16
349,-2.356020942408377,-56.25,1.0,166.94783144840045,,6,7,0.24545454545454545,16
350,-1.4136125654450262,-56.25,1.0,197.59489340517254,,8,9,0.2523809523809524,23
351,-0.4712041884816754,-56.25,1.0,198.21242992771738,,12,6,0.26666666666666666,11
352,0.4712041884816754,-56.25,1.0,152.3058958206487,,9,3,0.32222222222222224,3
353,1.4136125654450262,-56.25,1.0,114.62405353789813,,7,1,0.32142857142857145,0
354,-14.607329842931941,-55.0,1.0,0.0,,0,0,0.0,0
355,-13.664921465968591,-55.0,1.0,0.0,,0,2,0.5,3
356,-12.72251308900524,-55.0,1.0,162.74404751687436,,4,5,0.16666666666666666,13
357,-11.780104712041888,-55.0,1.0,184.05915012741764,,4,4,0.26666666666666666,9
358,-10.837696335078537,-55.0,1.0,131.69797756869463,,2,7,0.2857142857142857,24
359,-9.895287958115185,-55.0,1.0,138.40921012366263,,4,8,0.34444444444444444,33
360,-8.952879581151834,-55.0,1.0,287.69921153543163,,9,9,0.31512605042016806,40
361,-8.010471204188482,-55.0,1.0,291.9563495093715,,10,7,0.3142857142857143,23
362,-7.0680628272251305,-55.0,1.0,263.0801671904522,,11,6,0.29523809523809524,17
363,-6.12565445026178,-55.0,1.0,271.9378677582625,,10,5,0.3076923076923077,14
364,-5.183246073298429,-55.0,1.0,246.5753174309263,,10,6,0.2692307692307692,17
365,-4.2408376963350785,-55.0,1.0,187.1718832738434,,8,3,0.3472222222222222,5
366,-3.298429319371728,-55.0,1.0,138.753837890026,,6,4,0.3392857142857143,9
367,-2.356020942408377,-55.0,1.0,101.16038677808162,,4,3,0.2857142857142857,2
368,-1.4136125654450262,-55.0,1.0,107.44486837229645,,6,4,0.4107142857142857,6
369,-0.4712041884816754,-55.0,1.0,165.99735379525714,,9,4,0.32727272727272727,5
370,0.4712041884816754,-55.0,1.0,131.95404140652585,,5,1,0.4,0
371,1.4136125654450262,-55.0,1.0,107.75401614488058,,4,0,0.5,0
372,2.356020942408377,-55.0,1.0,88.34902381189383,,1,0,0.0,0
373,-14.607329842931941,-53.75,1.0,0.0,,0,0,0.0,0
374,-13.664921465968591,-53.75,1.0,0.0,,0,1,0.0,1
375,-12.72251308900524,-53.75,1.0,203.66720699240943,,5,3,0.06666666666666667,5
376,-11.780104712041888,-53.75,1.0,203.57460259217044,,5,2,0.2,3
377,-10.837696335078537,-53.75,1.0,251.48894572972574,,8,4,0.15555555555555556,10
378,-9.895287958115185,-53.75,1.0,250.77879251560535,,5,7,0.24444444444444444,22
379,-8.952879581151834,-53.75,1.0,288.5309935064482,,9,7,0.25824175824175827,22
380,-8.010471204188482,-53.75,1.0,297.43476872468074,,12,7,0.23897058823529413,21
381,-7.0680628272251305,-53.75,1.0,291.2646855671387,,14,5,0.27205882352941174,13
382,-6.12565445026178,-53.75,1.0,271.40419562920204,,15,5,0.2222222222222222,13
383,-5.183246073298429,-53.75,1.0,202.11754899937006,,8,4,0.34444444444444444,9
384,-4.2408376963350785,-53.75,1.0,194.78715637079583,,12,4,0.22527472527472528,8
385,-3.298429319371728,-53.75,1.0,130.13769861630726,,6,4,0.21428571428571427,8
386,-2.356020942408377,-53.75,1.0,134.85647780298717,,9,3,0.24444444444444444,4
387,-1.4136125654450262,-53.75,1.0,123.05929030563708,,6,1,0.38095238095238093,0
388,-0.4712041884816754,-53.75,1.0,142.412894116733,,7,2,0.375,0
389,0.4712041884816754,-53.75,1.0,119.10818633288648,,6,0,0.4666666666666667,0
390,1.4136125654450262,-53.75,1.0,103.81810758981969,,3,0,0.5,0
391,2.356020942408377,-53.75,1.0,83.71550409272035,,0,0,0.0,0
392,-13.664921465968591,-52.5,1.0,0.0,,0,1,0.0,1
393,-12.72251308900524,-52.5,1.0,51.906600789616306,,0,2,0.0,2
394,-11.780104712041888,-52.5,1.0,169.1302910186959,,3,2,0.0,3
395,-10.837696335078537,-52.5,1.0,110.98184164127663,,1,3,0.5,6
396,-9.895287958115185,-52.5,1.0,199.23668258753816,,5,4,0.2619047619047619,9
397,-8.952879581151834,-52.5,1.0,261.820325645696,,10,5,0.19230769230769232,12
398,-8.010471204188482,-52.5,1.0,258.60933993169766,,10,4,0.25757575757575757,9
399,-7.0680628272251305,-52.5,1.0,270.5634876532188,,13,3,0.2692307692307692,5
400,-6.12565445026178,-52.5,1.0,196.2316436707192,,7,3,0.26785714285714285,6
401,-5.183246073298429,-52.5,1.0,212.67124341042492,,9,4,0.20909090909090908,9
402,-4.2408376963350785,-52.5,1.0,186.88982856587882,,7,3,0.25,6
403,-3.298429319371728,-52.5,1.0,123.18658986722323,,2,2,0.25,3
404,-2.356020942408377,-52.5,1.0,137.23144177104822,,6,2,0.3,3
405,-1.4136125654450262,-52.5,1.0,113.87036454107532,,4,0,0.5,0
406,-0.4712041884816754,-52.5,1.0,137.58600445591796,,8,0,0.4107142857142857,0
407,0.4712041884816754,-52.5,1.0,126.27562511076148,,5,0,0.5,0
408,-8.952879581151834,-51.25,1.0,168.48611493706676,,4,2,0.3333333333333333,3
409,-8.010471204188482,-51.25,1.0,166.90689660694264,,5,2,0.25,3
410,-7.0680628272251305,-51.25,1.0,202.01232219896892,,5,1,0.3333333333333333,1
411,-5.183246073298429,-51.25,1.0,222.42450918618943,,4,2,0.3333333333333333,3
412,-4.2408376963350785,-51.25,1.0,175.4322936115555,,4,3,0.2,6
413,-3.298429319371728,-51.25,1.0,177.85243032255286,,5,3,0.16666666666666666,5
414,-2.356020942408377,-51.25,1.0,153.8663027228635,,5,1,0.25,1
415,-3.298429319371728,-50.0,1.0,157.25671630874928,,3,1,0.5,1
0,-6.12565445026178,-78.75,1.14,0.0,,0,5,0.45,14
1,-5.183246073298429,-78.75,1.14,28.963200194487904,,0,7,0.30952380952380953,20
2,-4.2408376963350785,-78.75,1.14,166.1608176617328,,2,8,0.30357142857142855,28
3,-3.298429319371728,-78.75,1.14,107.45279403303776,,2,8,0.25,26
4,-2.356020942408377,-78.75,1.14,48.54049313741862,,1,8,0.3333333333333333,29
5,-1.4136125654450262,-78.75,1.14,5.077923911254037,,0,6,0.43333333333333335,19
6,-8.952879581151834,-77.5,1.14,3.3798509070863636,,0,14,0.2802197802197802,65
7,-8.010471204188482,-77.5,1.14,68.7562631032352,,3,9,0.37777777777777777,34
8,-7.0680628272251305,-77.5,1.14,82.85564386675378,,5,6,0.4027777777777778,17
9,-6.12565445026178,-77.5,1.14,122.79593191546908,,7,6,0.3,17
10,-5.183246073298429,-77.5,1.14,197.51412547881282,,8,4,0.3,9
11,-4.2408376963350785,-77.5,1.14,213.10150308589337,,6,4,0.2857142857142857,9
12,-3.298429319371728,-77.5,1.14,231.97652381450334,,5,5,0.26785714285714285,12
13,-2.356020942408377,-77.5,1.14,186.8708273810773,,4,5,0.30952380952380953,13
14,-1.4136125654450262,-77.5,1.14,232.52539256636118,,6,5,0.2857142857142857,15
15,-0.4712041884816754,-77.5,1.14,192.20671290933467,,4,9,0.27358490566037735,37
16,0.4712041884816754,-77.5,1.14,151.36037883199378,,2,7,0.375,25
17,-10.837696335078537,-76.25,1.14,0.0,,0,12,0.3409090909090909,57
18,-9.895287958115185,-76.25,1.14,28.119590811867923,,0,13,0.2692307692307692,55
19,-8.952879581151834,-76.25,1.14,208.075883264021,,6,18,0.23160173160173161,85
20,-8.010471204188482,-76.25,1.14,144.92451765607467,,8,8,0.3626373626373626,26
21,-7.0680628272251305,-76.25,1.14,174.3022064664477,,10,4,0.3484848484848485,9
22,-6.12565445026178,-76.25,1.14,184.05035100512904,,12,4,0.34065934065934067,9
23,-5.183246073298429,-76.25,1.14,194.0268272577995,,15,4,0.22426470588235295,9
24,-4.2408376963350785,-76.25,1.14,170.71187182787847,,10,4,0.2196969696969697,9
25,-3.298429319371728,-76.25,1.14,188.19392889584637,,7,6,0.20909090909090908,17
26,-2.356020942408377,-76.25,1.14,169.53044944421416,,7,4,0.2361111111111111,9
27,-1.4136125654450262,-76.25,1.14,161.201903183546,,7,4,0.2916666666666667,9
28,-0.4712041884816754,-76.25,1.14,194.10436478872685,,8,5,0.2636363636363636,14
29,0.4712041884816754,-76.25,1.14,214.95681029254544,,4,5,0.38095238095238093,13
30,1.4136125654450262,-76.25,1.14,131.05699641461223,,1,3,0.5,6
31,-13.664921465968591,-75.0,1.14,0.0,,0,0,0.0,0
32,-12.72251308900524,-75.0,1.14,0.0,,0,8,0.39285714285714285,30
33,-11.780104712041888,-75.0,1.14,46.97530102355245,,0,16,0.25833333333333336,78
34,-10.837696335078537,-75.0,1.14,285.8638236098493,,4,22,0.1793478260869565,110
35,-9.895287958115185,-75.0,1.14,290.0052074518073,,8,8,0.3021978021978022,27
36,-8.952879581151834,-75.0,1.14,213.0447256984275,,13,6,0.25735294117647056,16
37,-8.010471204188482,-75.0,1.14,182.40275932561167,,13,5,0.2708333333333333,12
38,-7.0680628272251305,-75.0,1.14,170.1620041672796,,13,4,0.29523809523809524,9
39,-6.12565445026178,-75.0,1.14,169.17989462866976,,16,4,0.27450980392156865,9
40,-5.183246073298429,-75.0,1.14,188.6784209663282,,12,5,0.22857142857142856,14
41,-4.2408376963350785,-75.0,1.14,198.46357571703615,,6,7,0.21818181818181817,22
42,-3.298429319371728,-75.0,1.14,236.95673595169822,,7,6,0.18181818181818182,18
43,-2.356020942408377,-75.0,1.14,225.48602806295773,,4,6,0.21428571428571427,17
44,-1.4136125654450262,-75.0,1.14,214.0970139194039,,6,5,0.18055555555555555,13
45,-0.4712041884816754,-75.0,1.14,203.43602677530697,,8,5,0.22727272727272727,13
46,0.4712041884816754,-75.0,1.14,141.24387102871228,,7,3,0.35714285714285715,6
47,1.4136125654450262,-75.0,1.14,121.54788744520687,,4,2,0.3333333333333333,3
48,2.356020942408377,-75.0,1.14,75.54280199739604,,1,1,0.0,1
49,-14.607329842931941,-73.75,1.14,9.385933279476825,,0,1,0.0,1
50,-13.664921465968591,-73.75,1.14,0.0,,0,5,0.5,14
51,-12.72251308900524,-73.75,1.14,64.70923996520686,,2,13,0.2619047619047619,56
52,-11.780104712041888,-73.75,1.14,165.67772998168624,,7,17,0.2012987012987013,76
53,-10.837696335078537,-73.75,1.14,274.22691777992395,,14,7,0.2309941520467836,21
54,-9.895287958115185,-73.75,1.14,215.9420224855346,,17,5,0.24473684210526317,12
55,-8.952879581151834,-73.75,1.14,179.55063754515237,,17,4,0.22514619883040934,9
56,-8.010471204188482,-73.75,1.14,175.63635927679906,,15,4,0.21323529411764705,9
57,-7.0680628272251305,-73.75,1.14,154.33574119313664,,7,4,0.2222222222222222,9
58,-6.12565445026178,-73.75,1.14,161.87890526068725,,6,4,0.25,9
59,-5.183246073298429,-73.75,1.14,205.36069408780835,,7,5,0.25555555555555554,15
60,-4.2408376963350785,-73.75,1.14,216.23224243174607,,4,7,0.2638888888888889,22
61,-3.298429319371728,-73.75,1.14,237.4297173769819,,5,6,0.2361111111111111,18
62,-2.356020942408377,-73.75,1.14,262.4271285476541,,5,6,0.2361111111111111,17
63,-1.4136125654450262,-73.75,1.14,190.07616399588557,,4,5,0.2619047619047619,14
64,-0.4712041884816754,-73.75,1.14,184.5765018796868,,4,6,0.23214285714285715,17
65,0.4712041884816754,-73.75,1.14,173.2886658161833,,7,4,0.2361111111111111,9
66,1.4136125654450262,-73.75,1.14,147.10911219052494,,8,2,0.25,3
67,-14.607329842931941,-72.5,1.14,0.0,,0,14,0.29120879120879123,66
68,-13.664921465968591,-72.5,1.14,0.0,,0,13,0.28846153846153844,58
69,-12.72251308900524,-72.5,1.14,20.616266770174516,,0,14,0.24725274725274726,59
70,-11.780104712041888,-72.5,1.14,274.460907239064,,11,8,0.3161764705882353,27
71,-10.837696335078537,-72.5,1.14,231.87065816938966,,15,6,0.2573099415204678,16
72,-9.895287958115185,-72.5,1.14,179.63718359318966,,15,4,0.2757352941176471,9
73,-8.952879581151834,-72.5,1.14,168.33866286860248,,8,3,0.2777777777777778,5
74,-8.010471204188482,-72.5,1.14,146.7559895270768,,4,4,0.16666666666666666,9
75,-7.0680628272251305,-72.5,1.14,157.1324050743348,,4,4,0.2,9
76,-6.12565445026178,-72.5,1.14,170.6972278104628,,4,4,0.2,9
77,-5.183246073298429,-72.5,1.14,240.7699756804371,,6,5,0.18055555555555555,12
78,-4.2408376963350785,-72.5,1.14,242.97775300982678,,5,6,0.25,18
79,-3.298429319371728,-72.5,1.14,257.7475163664911,,6,6,0.23333333333333334,18
80,-2.356020942408377,-72.5,1.14,280.18514942001343,,6,7,0.22727272727272727,24
81,-1.4136125654450262,-72.5,1.14,199.57222744368363,,5,7,0.23333333333333334,24
82,-0.4712041884816754,-72.5,1.14,192.8811657930954,,5,7,0.23333333333333334,24
83,0.4712041884816754,-72.5,1.14,176.10456124973683,,5,6,0.18055555555555555,16
84,1.4136125654450262,-72.5,1.14,148.0892094145891,,4,2,0.25,3
85,-14.607329842931941,-71.25,1.14,0.0,,0,19,0.22807017543859648,96
86,-13.664921465968591,-71.25,1.14,0.0,,0,15,0.23333333333333334,64
87,-12.72251308900524,-71.25,1.14,241.1187302247398,,7,13,0.29411764705882354,54
88,-11.780104712041888,-71.25,1.14,235.07234953809643,,17,5,0.24736842105263157,12
89,-10.837696335078537,-71.25,1.14,189.33291822070808,,18,3,0.26608187134502925,5
90,-9.895287958115185,-71.25,1.14,168.6152185182276,,9,3,0.25555555555555554,5
91,-8.952879581151834,-71.25,1.14,137.33573314099397,,4,3,0.1,5
92,-8.010471204188482,-71.25,1.14,129.04898188968093,,3,4,0.15,9
93,-7.0680628272251305,-71.25,1.14,176.05481683962662,,4,4,0.2,9
94,-6.12565445026178,-71.25,1.14,202.421297844447,,4,6,0.19642857142857142,18
95,-5.183246073298429,-71.25,1.14,180.51913721355072,,4,6,0.25,19
96,-4.2408376963350785,-71.25,1.14,250.63746483036698,,6,6,0.23333333333333334,19
97,-3.298429319371728,-71.25,1.14,228.96895387066365,,6,7,0.22727272727272727,24
98,-2.356020942408377,-71.25,1.14,229.02258440982928,,6,7,0.23636363636363636,24
99,-1.4136125654450262,-71.25,1.14,200.43847828176598,,5,9,0.26515151515151514,39
100,-0.4712041884816754,-71.25,1.14,213.50946740482527,,6,7,0.23636363636363636,24
101,0.4712041884816754,-71.25,1.14,208.33117490259463,,5,5,0.2857142857142857,14
102,1.4136125654450262,-71.25,1.14,138.5369204159035,,3,2,0.3333333333333333,3
103,-13.664921465968591,-70.0,1.14,81.7935799873316,,1,12,0.3141025641025641,49
104,-12.72251308900524,-70.0,1.14,267.1556359120741,,13,5,0.26666666666666666,14
105,-11.780104712041888,-70.0,1.14,190.18991871463834,,15,3,0.2875,6
106,-10.837696335078537,-70.0,1.14,189.96712026289026,,14,2,0.26373626373626374,3
107,-9.895287958115185,-70.0,1.14,142.28965283700668,,3,2,0.0,3
108,-8.952879581151834,-70.0,1.14,139.22905987771884,,3,4,0.1,9
109,-8.010471204188482,-70.0,1.14,124.79078473213121,,3,4,0.2,9
110,-7.0680628272251305,-70.0,1.14,161.7300924977644,,4,4,0.2,9
111,-6.12565445026178,-70.0,1.14,183.60412766887376,,4,5,0.2619047619047619,14
112,-5.183246073298429,-70.0,1.14,213.02005484830502,,5,6,0.2222222222222222,18
113,-4.2408376963350785,-70.0,1.14,224.59673003491878,,5,8,0.22727272727272727,28
114,-3.298429319371728,-70.0,1.14,235.79351356791256,,6,10,0.21428571428571427,41
115,-2.356020942408377,-70.0,1.14,221.39913616505922,,6,9,0.24358974358974358,37
116,-1.4136125654450262,-70.0,1.14,206.57882957924005,,6,9,0.27564102564102566,39
117,-0.4712041884816754,-70.0,1.14,270.11792975615793,,6,11,0.26666666666666666,55
118,0.4712041884816754,-70.0,1.14,242.49681900949489,,6,8,0.25,31
119,1.4136125654450262,-70.0,1.14,187.54288994395526,,5,6,0.2222222222222222,20
120,-15.549738219895294,-68.75,1.14,0.0,,0,11,0.2727272727272727,41
121,-14.607329842931941,-68.75,1.14,38.75342436252828,,0,9,0.2916666666666667,30
122,-13.664921465968591,-68.75,1.14,277.21682395740163,,9,7,0.3131868131868132,24
123,-12.72251308900524,-68.75,1.14,179.6768810012612,,10,4,0.2196969696969697,9
124,-11.780104712041888,-68.75,1.14,189.65788483669058,,4,3,0.25,5
125,-10.837696335078537,-68.75,1.14,203.16102411780895,,2,2,0.0,3
126,-9.895287958115185,-68.75,1.14,118.64248024906082,,2,3,0.16666666666666666,6
127,-8.952879581151834,-68.75,1.14,118.9206471510634,,3,4,0.2,9
128,-8.010471204188482,-68.75,1.14,153.7747376515488,,4,4,0.2,9
129,-7.0680628272251305,-68.75,1.14,170.72700218086706,,4,4,0.2,9
130,-6.12565445026178,-68.75,1.14,192.75570252875616,,5,5,0.21428571428571427,14
131,-5.183246073298429,-68.75,1.14,236.29791266473924,,7,7,0.20454545454545456,22
132,-4.2408376963350785,-68.75,1.14,277.90480064784936,,7,8,0.21794871794871795,29
133,-3.298429319371728,-68.75,1.14,266.9848725892993,,6,11,0.23333333333333334,49
134,-2.356020942408377,-68.75,1.14,234.17767770231592,,6,12,0.24166666666666667,56
135,-1.4136125654450262,-68.75,1.14,227.54366428277768,,7,11,0.25416666666666665,51
136,-0.4712041884816754,-68.75,1.14,278.71142222878603,,7,14,0.260233918128655,81
137,0.4712041884816754,-68.75,1.14,282.39097768115005,,7,10,0.2619047619047619,45
138,1.4136125654450262,-68.75,1.14,234.4284143361569,,5,7,0.25555555555555554,23
139,2.356020942408377,-68.75,1.14,215.26987542045154,,3,3,0.5,6
140,-16.492146596858646,-67.5,1.14,0.0,,0,9,0.25,27
141,-15.549738219895294,-67.5,1.14,154.8950527208431,,3,11,0.26515151515151514,40
142,-14.607329842931941,-67.5,1.14,128.65159600990827,,4,3,0.35,5
143,-13.664921465968591,-67.5,1.14,95.16672291163874,,4,1,0.5,1
144,-12.72251308900524,-67.5,1.14,50.95996893334473,,0,1,0.0,1
145,-11.780104712041888,-67.5,1.14,155.41511035202151,,2,2,0.0,3
146,-10.837696335078537,-67.5,1.14,172.3131702732991,,2,2,0.0,3
147,-9.895287958115185,-67.5,1.14,92.49470272379818,,2,3,0.16666666666666666,6
148,-8.952879581151834,-67.5,1.14,146.88047559462603,,4,4,0.16666666666666666,9
149,-8.010471204188482,-67.5,1.14,156.07541373300825,,4,4,0.2,9
150,-7.0680628272251305,-67.5,1.14,167.55265986939236,,4,4,0.2,9
151,-6.12565445026178,-67.5,1.14,172.86574320753627,,4,5,0.21428571428571427,13
152,-5.183246073298429,-67.5,1.14,180.59111153069443,,6,5,0.20833333333333334,12
153,-4.2408376963350785,-67.5,1.14,202.5360732543519,,5,9,0.24242424242424243,36
154,-3.298429319371728,-67.5,1.14,206.94547012370944,,5,8,0.2818181818181818,28
155,-2.356020942408377,-67.5,1.14,218.7965028005028,,6,8,0.2878787878787879,29
156,-1.4136125654450262,-67.5,1.14,238.56119052245285,,6,11,0.26666666666666666,49
157,-0.4712041884816754,-67.5,1.14,266.8529658646186,,7,16,0.23923444976076555,84
158,0.4712041884816754,-67.5,1.14,279.048723684996,,8,12,0.2814569536423841,61
159,1.4136125654450262,-67.5,1.14,274.76543415321544,,6,9,0.2662337662337662,33
160,2.356020942408377,-67.5,1.14,296.2329575097202,,5,3,0.4,6
161,-18.376963350785346,-66.25,1.14,0.0,,0,1,0.0,1
162,-17.434554973821996,-66.25,1.14,0.0,,0,1,0.0,1
163,-16.492146596858646,-66.25,1.14,50.83214443048456,,0,3,0.16666666666666666,4
164,-15.549738219895294,-66.25,1.14,162.0117181562758,,6,2,0.06666666666666667,3
165,-14.607329842931941,-66.25,1.14,153.68640248660537,,3,1,0.5,1
166,-13.664921465968591,-66.25,1.14,10.92763637874582,,0,0,0.0,0
167,-12.72251308900524,-66.25,1.14,0.0,,0,0,0.0,0
168,-11.780104712041888,-66.25,1.14,96.6567970072339,,1,2,0.0,3
169,-10.837696335078537,-66.25,1.14,115.6829390501059,,2,2,0.0,3
170,-9.895287958115185,-66.25,1.14,125.40678103594405,,2,4,0.16666666666666666,9
171,-8.952879581151834,-66.25,1.14,139.9639302924746,,4,4,0.16666666666666666,9
172,-8.010471204188482,-66.25,1.14,157.9874302637939,,4,4,0.2,9
173,-7.0680628272251305,-66.25,1.14,165.4590253727031,,4,4,0.2,9
174,-6.12565445026178,-66.25,1.14,169.34423985529304,,4,4,0.23333333333333334,10
175,-5.183246073298429,-66.25,1.14,175.67846254345653,,5,4,0.2619047619047619,9
176,-4.2408376963350785,-66.25,1.14,181.01076562368567,,5,5,0.2857142857142857,14
177,-3.298429319371728,-66.25,1.14,204.51510084836715,,6,6,0.3111111111111111,18
178,-2.356020942408377,-66.25,1.14,223.57670270426158,,6,7,0.3181818181818182,22
179,-1.4136125654450262,-66.25,1.14,254.01265352889092,,7,8,0.2948717948717949,31
180,-0.4712041884816754,-66.25,1.14,248.1651958495223,,8,13,0.2309941520467836,52
181,0.4712041884816754,-66.25,1.14,231.56913779764062,,7,10,0.319047619047619,35
182,1.4136125654450262,-66.25,1.14,178.712731344028,,5,10,0.28205128205128205,36
183,2.356020942408377,-66.25,1.14,268.16126953364693,,7,4,0.25,7
184,-18.376963350785346,-65.0,1.14,0.0,,0,1,0.0,1
185,-17.434554973821996,-65.0,1.14,29.92078664767376,,0,1,0.0,1
186,-16.492146596858646,-65.0,1.14,120.2190350939654,,3,1,0.0,1
187,-15.549738219895294,-65.0,1.14,155.1118144561051,,1,1,0.0,1
188,-14.607329842931941,-65.0,1.14,76.84267064950123,,0,0,0.0,0
189,-13.664921465968591,-65.0,1.14,17.604600830961658,,0,0,0.0,0
190,-12.72251308900524,-65.0,1.14,0.0,,0,0,0.0,0
191,-11.780104712041888,-65.0,1.14,103.27156935239624,,1,2,0.0,3
192,-10.837696335078537,-65.0,1.14,156.96451514917044,,2,3,0.0,5
193,-9.895287958115185,-65.0,1.14,134.09450486544387,,3,2,0.16666666666666666,3
194,-8.952879581151834,-65.0,1.14,164.13862319024025,,4,4,0.16666666666666666,9
195,-8.010471204188482,-65.0,1.14,169.10124978114558,,4,5,0.19047619047619047,13
196,-7.0680628272251305,-65.0,1.14,167.61478574168163,,4,5,0.21428571428571427,14
197,-6.12565445026178,-65.0,1.14,173.69096749451657,,4,7,0.2361111111111111,24
198,-5.183246073298429,-65.0,1.14,202.2916173817686,,6,6,0.2,20
199,-4.2408376963350785,-65.0,1.14,206.30292487962652,,6,7,0.20909090909090908,23
200,-3.298429319371728,-65.0,1.14,207.50407899820604,,6,5,0.3194444444444444,13
201,-2.356020942408377,-65.0,1.14,240.92189710456864,,8,7,0.26282051282051283,24
202,-1.4136125654450262,-65.0,1.14,242.9626952365606,,11,9,0.2222222222222222,38
203,-0.4712041884816754,-65.0,1.14,232.14295307188846,,11,8,0.24632352941176472,25
204,0.4712041884816754,-65.0,1.14,251.58182893658162,,13,6,0.2757352941176471,15
205,1.4136125654450262,-65.0,1.14,223.32373800336626,,12,5,0.2857142857142857,11
206,-20.261780104712045,-63.75,1.14,6.9625258812704915,,0,0,0.0,0
207,-19.319371727748695,-63.75,1.14,38.179952942362505,,0,1,0.0,1
208,-18.376963350785346,-63.75,1.14,75.02736863235565,,2,1,0.0,1
209,-17.434554973821996,-63.75,1.14,42.81128439444426,,0,0,0.0,0
210,-16.492146596858646,-63.75,1.14,119.95737100572549,,0,0,0.0,0
211,-15.549738219895294,-63.75,1.14,101.93161873470005,,0,1,0.0,1
212,-14.607329842931941,-63.75,1.14,177.16031292540475,,2,1,0.0,1
213,-13.664921465968591,-63.75,1.14,91.90353172053771,,0,0,0.0,0
214,-12.72251308900524,-63.75,1.14,76.62443207795201,,0,1,0.0,1
215,-11.780104712041888,-63.75,1.14,146.61317315551216,,2,2,0.0,3
216,-10.837696335078537,-63.75,1.14,163.87062272940608,,3,1,0.0,1
217,-9.895287958115185,-63.75,1.14,117.26216135219752,,1,3,0.5,6
218,-8.952879581151834,-63.75,1.14,121.56696363914541,,3,4,0.2,9
219,-8.010471204188482,-63.75,1.14,164.74769338862376,,4,5,0.23809523809523808,14
220,-7.0680628272251305,-63.75,1.14,178.66428237636225,,4,7,0.25,24
221,-6.12565445026178,-63.75,1.14,194.65715712842942,,4,7,0.2777777777777778,24
222,-5.183246073298429,-63.75,1.14,207.7224079389132,,5,7,0.25555555555555554,24
223,-4.2408376963350785,-63.75,1.14,207.83880994215033,,5,6,0.2638888888888889,20
224,-3.298429319371728,-63.75,1.14,237.4080485547854,,6,6,0.26666666666666666,19
225,-2.356020942408377,-63.75,1.14,300.4325305382669,,10,11,0.1783625730994152,50
226,-1.4136125654450262,-63.75,1.14,278.543938865204,,10,9,0.22426470588235295,37
227,-0.4712041884816754,-63.75,1.14,195.47489829866262,,9,6,0.2948717948717949,17
228,0.4712041884816754,-63.75,1.14,173.2824173547704,,10,5,0.32051282051282054,11
229,1.4136125654450262,-63.75,1.14,154.00318494310721,,12,4,0.3516483516483517,6
230,3.298429319371728,-63.75,1.14,86.62173432079668,,6,2,0.3,2
231,-19.319371727748695,-62.5,1.14,0.0,,0,0,0.0,0
232,-18.376963350785346,-62.5,1.14,0.0,,0,0,0.0,0
233,-17.434554973821996,-62.5,1.14,0.0,,0,0,0.0,0
234,-16.492146596858646,-62.5,1.14,101.12381965060388,,0,0,0.0,0
235,-15.549738219895294,-62.5,1.14,144.73068139845964,,1,2,0.0,3
236,-14.607329842931941,-62.5,1.14,200.9359467569115,,2,2,0.0,3
237,-13.664921465968591,-62.5,1.14,172.3469671270392,,2,1,0.0,1
238,-12.72251308900524,-62.5,1.14,93.49118692608742,,0,0,0.0,0
239,-11.780104712041888,-62.5,1.14,61.369458963218314,,0,0,0.0,0
240,-10.837696335078537,-62.5,1.14,42.246831833495186,,0,1,0.0,1
241,-9.895287958115185,-62.5,1.14,116.64840264601786,,1,5,0.3333333333333333,13
242,-8.952879581151834,-62.5,1.14,165.45222354650446,,4,4,0.16666666666666666,9
243,-8.010471204188482,-62.5,1.14,156.60350859036458,,4,6,0.23214285714285715,19
244,-7.0680628272251305,-62.5,1.14,218.9730883316036,,5,7,0.24444444444444444,24
245,-6.12565445026178,-62.5,1.14,227.95921509324157,,6,8,0.22727272727272727,29
246,-5.183246073298429,-62.5,1.14,243.52445801786018,,6,7,0.2727272727272727,24
247,-4.2408376963350785,-62.5,1.14,221.89985699842535,,6,7,0.2545454545454545,24
248,-3.298429319371728,-62.5,1.14,286.99168780465993,,8,7,0.21794871794871795,23
249,-2.356020942408377,-62.5,1.14,340.3587836122015,,11,10,0.18421052631578946,45
250,-1.4136125654450262,-62.5,1.14,273.6337881744202,,7,9,0.2692307692307692,39
251,-0.4712041884816754,-62.5,1.14,225.40267590209692,,10,6,0.2692307692307692,18
252,0.4712041884816754,-62.5,1.14,127.26986838353194,,6,4,0.3392857142857143,6
253,1.4136125654450262,-62.5,1.14,120.20042692756621,,12,3,0.36538461538461536,3
254,2.356020942408377,-62.5,1.14,85.24223626286613,,7,0,0.5,0
255,3.298429319371728,-62.5,1.14,41.137621013431776,,2,0,0.5,0
256,-18.376963350785346,-61.25,1.14,0.0,,0,0,0.0,0
257,-17.434554973821996,-61.25,1.14,0.0,,0,0,0.0,0
258,-16.492146596858646,-61.25,1.14,47.68618427243802,,0,0,0.0,0
259,-15.549738219895294,-61.25,1.14,36.69606793082323,,0,0,0.0,0
260,-14.607329842931941,-61.25,1.14,69.84647882178766,,0,1,0.0,1
261,-13.664921465968591,-61.25,1.14,135.9469434412904,,2,1,0.0,1
262,-12.72251308900524,-61.25,1.14,37.09725901355144,,0,1,0.0,1
263,-11.780104712041888,-61.25,1.14,93.46301995832617,,0,3,0.3333333333333333,5
264,-10.837696335078537,-61.25,1.14,118.87295058550617,,2,4,0.25,9
265,-9.895287958115185,-61.25,1.14,195.1071066071885,,4,5,0.16666666666666666,13
266,-8.952879581151834,-61.25,1.14,178.34891225963315,,4,4,0.23333333333333334,9
267,-8.010471204188482,-61.25,1.14,192.31327117172577,,4,6,0.23214285714285715,18
268,-7.0680628272251305,-61.25,1.14,229.51103179408085,,6,7,0.24545454545454545,24
269,-6.12565445026178,-61.25,1.14,263.83733892099,,6,7,0.2636363636363636,24
270,-5.183246073298429,-61.25,1.14,230.66549243038682,,7,7,0.25757575757575757,24
271,-4.2408376963350785,-61.25,1.14,222.92407445739894,,7,7,0.25,24
272,-3.298429319371728,-61.25,1.14,253.09365902482938,,7,5,0.26666666666666666,14
273,-2.356020942408377,-61.25,1.14,255.63347975740135,,5,9,0.29545454545454547,39
274,-1.4136125654450262,-61.25,1.14,275.77886699441393,,6,9,0.3076923076923077,38
275,-0.4712041884816754,-61.25,1.14,249.61764820622116,,10,6,0.25824175824175827,19
276,0.4712041884816754,-61.25,1.14,165.85429044349752,,12,3,0.26282051282051283,4
277,1.4136125654450262,-61.25,1.14,102.63173083739153,,9,0,0.4166666666666667,0
278,2.356020942408377,-61.25,1.14,57.340743068725416,,10,0,0.43333333333333335,0
279,3.298429319371728,-61.25,1.14,2.5387819464158192,,0,0,0.0,0
280,4.2408376963350785,-61.25,1.14,0.2944406695200975,,0,0,0.0,0
281,-15.549738219895294,-60.0,1.14,0.0,,0,0,0.0,0
282,-14.607329842931941,-60.0,1.14,7.173901142914159,,0,0,0.0,0
283,-13.664921465968591,-60.0,1.14,57.94664178567865,,0,1,0.0,1
284,-12.72251308900524,-60.0,1.14,129.06998590141023,,2,2,0.0,3
285,-11.780104712041888,-60.0,1.14,195.1006540381437,,4,2,0.08333333333333333,3
286,-10.837696335078537,-60.0,1.14,240.3907285689396,,4,4,0.16666666666666666,9
287,-9.895287958115185,-60.0,1.14,234.8527592330281,,4,6,0.23214285714285715,19
288,-8.952879581151834,-60.0,1.14,247.43671285867455,,5,6,0.2361111111111111,20
289,-8.010471204188482,-60.0,1.14,,,0,6,0.36666666666666664,17
290,-7.0680628272251305,-60.0,1.14,280.8656923702446,,6,8,0.24242424242424243,31
291,-6.12565445026178,-60.0,1.14,264.6155917239185,,7,8,0.24358974358974358,31
292,-5.183246073298429,-60.0,1.14,275.43099768059284,,7,7,0.25757575757575757,24
293,-4.2408376963350785,-60.0,1.14,271.3598099006533,,8,7,0.23076923076923078,24
294,-3.298429319371728,-60.0,1.14,300.0140317426937,,7,6,0.23636363636363636,16
295,-2.356020942408377,-60.0,1.14,340.8686549764263,,8,7,0.23717948717948717,26
296,-1.4136125654450262,-60.0,1.14,240.480669022687,,6,9,0.3141025641025641,38
297,-0.4712041884816754,-60.0,1.14,264.2923725669224,,10,8,0.2375,26
298,0.4712041884816754,-60.0,1.14,169.27634970528544,,9,2,0.3611111111111111,3
299,1.4136125654450262,-60.0,1.14,100.44498567368245,,2,0,0.5,0
300,2.356020942408377,-60.0,1.14,56.416991630967665,,0,0,0.0,0
301,3.298429319371728,-60.0,1.14,8.297290665417933,,0,0,0.0,0
302,4.2408376963350785,-60.0,1.14,5.018151597778611,,0,0,0.0,0
303,5.183246073298429,-60.0,1.14,13.289516914933728,,0,0,0.0,0
304,-13.664921465968591,-58.75,1.14,0.0,,0,0,0.0,0
305,-12.72251308900524,-58.75,1.14,0.0,,0,2,0.5,3
306,-11.780104712041888,-58.75,1.14,158.6076882545268,,2,4,0.25,9
307,-10.837696335078537,-58.75,1.14,145.588771613122,,3,5,0.2,13
308,-9.895287958115185,-58.75,1.14,260.69029591344844,,4,6,0.26785714285714285,19
309,-8.952879581151834,-58.75,1.14,297.2131799411737,,5,8,0.24545454545454545,29
310,-8.010471204188482,-58.75,1.14,315.4580204788373,,6,8,0.2196969696969697,30
311,-7.0680628272251305,-58.75,1.14,320.72375726264016,,7,8,0.23717948717948717,31
312,-6.12565445026178,-58.75,1.14,337.33967134112544,,7,8,0.2564102564102564,30
313,-5.183246073298429,-58.75,1.14,311.22368314900234,,7,9,0.23626373626373626,36
314,-4.2408376963350785,-58.75,1.14,231.6381505371326,,7,7,0.25,24
315,-3.298429319371728,-58.75,1.14,279.0241693699745,,7,7,0.2196969696969697,21
316,-2.356020942408377,-58.75,1.14,290.1301584279112,,7,8,0.21153846153846154,28
317,-1.4136125654450262,-58.75,1.14,339.34650523311564,,8,10,0.25416666666666665,40
318,-0.4712041884816754,-58.75,1.14,277.169596150434,,10,9,0.23161764705882354,28
319,0.4712041884816754,-58.75,1.14,194.04557931950913,,9,4,0.3,7
320,-13.664921465968591,-57.5,1.14,16.987913754400125,,0,1,0.0,1
321,-12.72251308900524,-57.5,1.14,143.78907279655007,,2,2,0.0,3
322,-11.780104712041888,-57.5,1.14,213.38468817853027,,5,3,0.13333333333333333,6
323,-10.837696335078537,-57.5,1.14,194.4814365029648,,4,3,0.2,5
324,-9.895287958115185,-57.5,1.14,237.99309267327988,,4,7,0.2222222222222222,24
325,-8.952879581151834,-57.5,1.14,302.7234653035118,,6,7,0.2636363636363636,24
326,-8.010471204188482,-57.5,1.14,302.193207399921,,6,7,0.2727272727272727,24
327,-7.0680628272251305,-57.5,1.14,306.6657813665728,,7,7,0.25757575757575757,24
328,-6.12565445026178,-57.5,1.14,298.6344574747459,,7,7,0.2727272727272727,24
329,-5.183246073298429,-57.5,1.14,287.0438457269679,,7,7,0.2727272727272727,24
330,-4.2408376963350785,-57.5,1.14,232.27963996130322,,7,7,0.23484848484848486,22
331,-3.298429319371728,-57.5,1.14,244.51964938463945,,7,5,0.25555555555555554,12
332,-2.356020942408377,-57.5,1.14,166.34667482739258,,4,9,0.21818181818181817,28
333,-1.4136125654450262,-57.5,1.14,299.50341617805833,,8,12,0.18627450980392157,39
334,-0.4712041884816754,-57.5,1.14,246.1313500656492,,10,10,0.19607843137254902,25
335,0.4712041884816754,-57.5,1.14,188.5048995174141,,10,5,0.26282051282051283,7
336,1.4136125654450262,-57.5,1.14,122.65512366195722,,4,0,0.5,0
337,-13.664921465968591,-56.25,1.14,41.0936903606905,,0,1,0.0,1
338,-12.72251308900524,-56.25,1.14,0.0,,0,3,0.3333333333333333,5
339,-11.780104712041888,-56.25,1.14,120.50343845117129,,2,5,0.15,11
340,-10.837696335078537,-56.25,1.14,184.81945998970886,,4,3,0.1,5
341,-9.895287958115185,-56.25,1.14,126.23200010299323,,3,4,0.3,10
342,-8.952879581151834,-56.25,1.14,315.3328181824263,,9,7,0.2032967032967033,25
343,-8.010471204188482,-56.25,1.14,296.7723303686074,,8,7,0.25,24
344,-7.0680628272251305,-56.25,1.14,300.567001841624,,8,6,0.25757575757575757,18
345,-6.12565445026178,-56.25,1.14,253.76557006521895,,7,7,0.26515151515151514,23
346,-5.183246073298429,-56.25,1.14,269.10214520240754,,7,7,0.26515151515151514,23
347,-4.2408376963350785,-56.25,1.14,185.4331349673871,,7,6,0.24545454545454545,15
348,-3.298429319371728,-56.25,1.14,210.65603051663237,,7,4,0.2777777777777778,8
349,-2.356020942408377,-56.25,1.14,166.94783144840045,,5,7,0.18888888888888888,14
350,-1.4136125654450262,-56.25,1.14,197.59489340517254,,6,9,0.21153846153846154,20
351,-0.4712041884816754,-56.25,1.14,198.21242992771738,,10,5,0.28205128205128205,9
352,0.4712041884816754,-56.25,1.14,152.3058958206487,,8,3,0.3472222222222222,3
353,1.4136125654450262,-56.25,1.14,114.62405353789813,,5,0,0.45,0
354,-14.607329842931941,-55.0,1.14,0.0,,0,0,0.0,0
355,-13.664921465968591,-55.0,1.14,0.0,,0,2,0.5,3
356,-12.72251308900524,-55.0,1.14,162.74404751687436,,4,4,0.13333333333333333,9
357,-11.780104712041888,-55.0,1.14,184.05915012741764,,4,4,0.2,9
358,-10.837696335078537,-55.0,1.14,131.69797756869463,,2,4,0.25,9
359,-9.895287958115185,-55.0,1.14,138.40921012366263,,2,6,0.23333333333333334,17
360,-8.952879581151834,-55.0,1.14,287.69921153543163,,6,7,0.2545454545454545,25
361,-8.010471204188482,-55.0,1.14,291.9563495093715,,8,6,0.25,18
362,-7.0680628272251305,-55.0,1.14,263.0801671904522,,7,6,0.2636363636363636,17
363,-6.12565445026178,-55.0,1.14,271.9378677582625,,9,5,0.25757575757575757,13
364,-5.183246073298429,-55.0,1.14,246.5753174309263,,9,5,0.26515151515151514,13
365,-4.2408376963350785,-55.0,1.14,187.1718832738434,,7,3,0.3392857142857143,5
366,-3.298429319371728,-55.0,1.14,138.753837890026,,6,4,0.2857142857142857,7
367,-2.356020942408377,-55.0,1.14,101.16038677808162,,1,3,0.3333333333333333,1
368,-1.4136125654450262,-55.0,1.14,107.44486837229645,,4,3,0.35714285714285715,1
369,-0.4712041884816754,-55.0,1.14,165.99735379525714,,7,3,0.3392857142857143,3
370,0.4712041884816754,-55.0,1.14,131.95404140652585,,5,1,0.36666666666666664,0
371,1.4136125654450262,-55.0,1.14,107.75401614488058,,4,0,0.5,0
372,2.356020942408377,-55.0,1.14,88.34902381189383,,0,0,0.0,0
373,-14.607329842931941,-53.75,1.14,0.0,,0,0,0.0,0
374,-13.664921465968591,-53.75,1.14,0.0,,0,1,0.0,1
375,-12.72251308900524,-53.75,1.14,203.66720699240943,,4,2,0.16666666666666666,3
376,-11.780104712041888,-53.75,1.14,203.57460259217044,,4,2,0.25,3
377,-10.837696335078537,-53.75,1.14,251.48894572972574,,5,3,0.16666666666666666,6
378,-9.895287958115185,-53.75,1.14,250.77879251560535,,5,4,0.16666666666666666,9
379,-8.952879581151834,-53.75,1.14,288.5309935064482,,7,6,0.21818181818181817,18
380,-8.010471204188482,-53.75,1.14,297.43476872468074,,7,5,0.28888888888888886,13
381,-7.0680628272251305,-53.75,1.14,291.2646855671387,,11,4,0.23076923076923078,9
382,-6.12565445026178,-53.75,1.14,271.40419562920204,,9,5,0.20454545454545456,13
383,-5.183246073298429,-53.75,1.14,202.11754899937006,,7,4,0.2638888888888889,8
384,-4.2408376963350785,-53.75,1.14,194.78715637079583,,8,3,0.2638888888888889,4
385,-3.298429319371728,-53.75,1.14,130.13769861630726,,5,3,0.23333333333333334,5
386,-2.356020942408377,-53.75,1.14,134.85647780298717,,7,2,0.19444444444444445,0
387,-1.4136125654450262,-53.75,1.14,123.05929030563708,,5,1,0.3333333333333333,0
388,-0.4712041884816754,-53.75,1.14,142.412894116733,,5,1,0.3333333333333333,0
389,0.4712041884816754,-53.75,1.14,119.10818633288648,,5,0,0.45,0
390,1.4136125654450262,-53.75,1.14,103.81810758981969,,2,0,0.5,0
391,2.356020942408377,-53.75,1.14,83.71550409272035,,0,0,0.0,0
392,-13.664921465968591,-52.5,1.14,0.0,,0,0,0.0,0
393,-12.72251308900524,-52.5,1.14,51.906600789616306,,0,1,0.0,1
394,-11.780104712041888,-52.5,1.14,169.1302910186959,,2,1,0.0,1
395,-10.837696335078537,-52.5,1.14,110.98184164127663,,1,2,0.0,3
396,-9.895287958115185,-52.5,1.14,199.23668258753816,,4,3,0.15,6
397,-8.952879581151834,-52.5,1.14,261.820325645696,,5,5,0.17857142857142858,12
398,-8.010471204188482,-52.5,1.14,258.60933993169766,,5,4,0.2857142857142857,9
399,-7.0680628272251305,-52.5,1.14,270.5634876532188,,10,3,0.21818181818181817,5
400,-6.12565445026178,-52.5,1.14,196.2316436707192,,5,3,0.26666666666666666,6
401,-5.183246073298429,-52.5,1.14,212.67124341042492,,6,3,0.21428571428571427,5
402,-4.2408376963350785,-52.5,1.14,186.88982856587882,,5,3,0.2,5
403,-3.298429319371728,-52.5,1.14,123.18658986722323,,1,2,0.0,2
404,-2.356020942408377,-52.5,1.14,137.23144177104822,,4,1,0.25,1
405,-1.4136125654450262,-52.5,1.14,113.87036454107532,,3,0,0.5,0
406,-0.4712041884816754,-52.5,1.14,137.58600445591796,,6,0,0.4,0
407,0.4712041884816754,-52.5,1.14,126.27562511076148,,3,0,0.5,0
408,-8.952879581151834,-51.25,1.14,168.48611493706676,,3,2,0.3333333333333333,3
409,-8.010471204188482,-51.25,1.14,166.90689660694264,,4,2,0.25,3
410,-7.0680628272251305,-51.25,1.14,202.01232219896892,,5,1,0.3333333333333333,1
411,-5.183246073298429,-51.25,1.14,222.42450918618943,,4,1,0.5,1
412,-4.2408376963350785,-51.25,1.14,175.4322936115555,,3,2,0.0,3
413,-3.298429319371728,-51.25,1.14,177.85243032255286,,3,2,0.0,3
414,-2.356020942408377,-51.25,1.14,153.8663027228635,,4,1,0.16666666666666666,1
415,-3.298429319371728,-50.0,1.14,157.25671630874928,,3,1,0.0,1
0,-6.12565445026178,-78.75,1.5,0.0,,0,2,0.5,3
1,-5.183246073298429,-78.75,1.5,28.963200194487904,,0,3,0.3333333333333333,5
2,-4.2408376963350785,-78.75,1.5,166.1608176617328,,2,6,0.26666666666666666,18
3,-3.298429319371728,-78.75,1.5,107.45279403303776,,2,5,0.3,13
4,-2.356020942408377,-78.75,1.5,48.54049313741862,,0,4,0.4166666666666667,9
5,-1.4136125654450262,-78.75,1.5,5.077923911254037,,0,4,0.4166666666666667,9
6,-8.952879581151834,-77.5,1.5,3.3798509070863636,,0,11,0.2545454545454545,38
7,-8.010471204188482,-77.5,1.5,68.7562631032352,,2,6,0.4,18
8,-7.0680628272251305,-77.5,1.5,82.85564386675378,,4,5,0.3333333333333333,12
9,-6.12565445026178,-77.5,1.5,122.79593191546908,,5,4,0.3333333333333333,9
10,-5.183246073298429,-77.5,1.5,197.51412547881282,,5,4,0.14285714285714285,9
11,-4.2408376963350785,-77.5,1.5,213.10150308589337,,5,4,0.21428571428571427,9
12,-3.298429319371728,-77.5,1.5,231.97652381450334,,4,3,0.35,6
13,-2.356020942408377,-77.5,1.5,186.8708273810773,,3,4,0.25,9
14,-1.4136125654450262,-77.5,1.5,232.52539256636118,,4,4,0.3,9
15,-0.4712041884816754,-77.5,1.5,192.20671290933467,,3,4,0.25,9
16,0.4712041884816754,-77.5,1.5,151.36037883199378,,1,6,0.3,17
17,-10.837696335078537,-76.25,1.5,0.0,,0,9,0.3472222222222222,33
18,-9.895287958115185,-76.25,1.5,28.119590811867923,,0,8,0.2857142857142857,23
19,-8.952879581151834,-76.25,1.5,208.075883264021,,5,12,0.23333333333333334,39
20,-8.010471204188482,-76.25,1.5,144.92451765607467,,7,5,0.34444444444444444,11
21,-7.0680628272251305,-76.25,1.5,174.3022064664477,,9,3,0.32222222222222224,4
22,-6.12565445026178,-76.25,1.5,184.05035100512904,,12,4,0.21978021978021978,8
23,-5.183246073298429,-76.25,1.5,194.0268272577995,,7,4,0.19444444444444445,8
24,-4.2408376963350785,-76.25,1.5,170.71187182787847,,5,4,0.19047619047619047,9
25,-3.298429319371728,-76.25,1.5,188.19392889584637,,6,4,0.21428571428571427,9
26,-2.356020942408377,-76.25,1.5,169.53044944421416,,5,4,0.19047619047619047,9
27,-1.4136125654450262,-76.25,1.5,161.201903183546,,6,4,0.19642857142857142,9
28,-0.4712041884816754,-76.25,1.5,194.10436478872685,,7,3,0.17857142857142858,5
29,0.4712041884816754,-76.25,1.5,214.95681029254544,,3,4,0.3,9
30,1.4136125654450262,-76.25,1.5,131.05699641461223,,1,2,0.0,3
31,-13.664921465968591,-75.0,1.5,0.0,,0,0,0.0,0
32,-12.72251308900524,-75.0,1.5,0.0,,0,6,0.3333333333333333,16
33,-11.780104712041888,-75.0,1.5,46.97530102355245,,0,9,0.2222222222222222,24
34,-10.837696335078537,-75.0,1.5,285.8638236098493,,4,17,0.16374269005847952,67
35,-9.895287958115185,-75.0,1.5,290.0052074518073,,7,6,0.2818181818181818,14
36,-8.952879581151834,-75.0,1.5,213.0447256984275,,10,4,0.23484848484848486,9
37,-8.010471204188482,-75.0,1.5,182.40275932561167,,13,3,0.21978021978021978,4
38,-7.0680628272251305,-75.0,1.5,170.1620041672796,,10,0,0.3111111111111111,0
39,-6.12565445026178,-75.0,1.5,169.17989462866976,,7,2,0.21428571428571427,3
40,-5.183246073298429,-75.0,1.5,188.6784209663282,,5,2,0.3,3
41,-4.2408376963350785,-75.0,1.5,198.46357571703615,,3,4,0.15,8
42,-3.298429319371728,-75.0,1.5,236.95673595169822,,4,4,0.2,9
43,-2.356020942408377,-75.0,1.5,225.48602806295773,,4,4,0.16666666666666666,8
44,-1.4136125654450262,-75.0,1.5,214.0970139194039,,4,4,0.16666666666666666,8
45,-0.4712041884816754,-75.0,1.5,203.43602677530697,,4,3,0.15,5
46,0.4712041884816754,-75.0,1.5,141.24387102871228,,5,3,0.2,5
47,1.4136125654450262,-75.0,1.5,121.54788744520687,,4,2,0.25,3
48,2.356020942408377,-75.0,1.5,75.54280199739604,,0,0,0.0,0
49,-14.607329842931941,-73.75,1.5,9.385933279476825,,0,0,0.0,0
50,-13.664921465968591,-73.75,1.5,0.0,,0,4,0.5,9
51,-12.72251308900524,-73.75,1.5,64.70923996520686,,1,10,0.2545454545454545,35
52,-11.780104712041888,-73.75,1.5,165.67772998168624,,5,11,0.22527472527472528,40
53,-10.837696335078537,-73.75,1.5,274.22691777992395,,12,4,0.18681318681318682,8
54,-9.895287958115185,-73.75,1.5,215.9420224855346,,15,4,0.18382352941176472,8
55,-8.952879581151834,-73.75,1.5,179.55063754515237,,13,3,0.18681318681318682,5
56,-8.010471204188482,-73.75,1.5,175.63635927679906,,9,3,0.2111111111111111,5
57,-7.0680628272251305,-73.75,1.5,154.33574119313664,,3,2,0.16666666666666666,3
58,-6.12565445026178,-73.75,1.5,161.87890526068725,,2,3,0.16666666666666666,6
59,-5.183246073298429,-73.75,1.5,205.36069408780835,,2,3,0.0,5
60,-4.2408376963350785,-73.75,1.5,216.23224243174607,,2,4,0.08333333333333333,8
61,-3.298429319371728,-73.75,1.5,237.4297173769819,,3,4,0.2,9
62,-2.356020942408377,-73.75,1.5,262.4271285476541,,4,3,0.15,5
63,-1.4136125654450262,-73.75,1.5,190.07616399588557,,3,3,0.08333333333333333,5
64,-0.4712041884816754,-73.75,1.5,184.5765018796868,,3,3,0.08333333333333333,5
65,0.4712041884816754,-73.75,1.5,173.2886658161833,,3,3,0.0,5
66,1.4136125654450262,-73.75,1.5,147.10911219052494,,5,1,0.4166666666666667,1
67,-14.607329842931941,-72.5,1.5,0.0,,0,9,0.25,27
68,-13.664921465968591,-72.5,1.5,0.0,,0,8,0.2857142857142857,24
69,-12.72251308900524,-72.5,1.5,20.616266770174516,,0,10,0.23333333333333334,31
70,-11.780104712041888,-72.5,1.5,274.460907239064,,9,6,0.27564102564102566,16
71,-10.837696335078537,-72.5,1.5,231.87065816938966,,13,3,0.24725274725274726,5
72,-9.895287958115185,-72.5,1.5,179.63718359318966,,9,3,0.2111111111111111,5
73,-8.952879581151834,-72.5,1.5,168.33866286860248,,3,2,0.0,3
74,-8.010471204188482,-72.5,1.5,146.7559895270768,,3,2,0.0,3
75,-7.0680628272251305,-72.5,1.5,157.1324050743348,,3,3,0.08333333333333333,6
76,-6.12565445026178,-72.5,1.5,170.6972278104628,,2,3,0.16666666666666666,5
77,-5.183246073298429,-72.5,1.5,240.7699756804371,,4,3,0.05,5
78,-4.2408376963350785,-72.5,1.5,242.97775300982678,,3,3,0.08333333333333333,5
79,-3.298429319371728,-72.5,1.5,257.7475163664911,,3,4,0.1,8
80,-2.356020942408377,-72.5,1.5,280.18514942001343,,4,4,0.13333333333333333,8
81,-1.4136125654450262,-72.5,1.5,199.57222744368363,,3,4,0.1,9
82,-0.4712041884816754,-72.5,1.5,192.8811657930954,,3,5,0.13333333333333333,13
83,0.4712041884816754,-72.5,1.5,176.10456124973683,,3,2,0.0,3
84,1.4136125654450262,-72.5,1.5,148.0892094145891,,2,1,0.0,1
85,-14.607329842931941,-71.25,1.5,0.0,,0,12,0.20454545454545456,39
86,-13.664921465968591,-71.25,1.5,0.0,,0,11,0.22727272727272727,36
87,-12.72251308900524,-71.25,1.5,241.1187302247398,,7,8,0.27564102564102566,27
88,-11.780104712041888,-71.25,1.5,235.07234953809643,,12,3,0.23717948717948717,6
89,-10.837696335078537,-71.25,1.5,189.33291822070808,,13,2,0.23717948717948717,3
90,-9.895287958115185,-71.25,1.5,168.6152185182276,,3,2,0.0,3
91,-8.952879581151834,-71.25,1.5,137.33573314099397,,2,2,0.0,3
92,-8.010471204188482,-71.25,1.5,129.04898188968093,,2,2,0.0,3
93,-7.0680628272251305,-71.25,1.5,176.05481683962662,,3,4,0.15,9
94,-6.12565445026178,-71.25,1.5,202.421297844447,,4,3,0.1,5
95,-5.183246073298429,-71.25,1.5,180.51913721355072,,2,4,0.16666666666666666,9
96,-4.2408376963350785,-71.25,1.5,250.63746483036698,,4,4,0.06666666666666667,8
97,-3.298429319371728,-71.25,1.5,228.96895387066365,,3,4,0.05,8
98,-2.356020942408377,-71.25,1.5,229.02258440982928,,3,4,0.2,9
99,-1.4136125654450262,-71.25,1.5,200.43847828176598,,3,5,0.13333333333333333,12
100,-0.4712041884816754,-71.25,1.5,213.50946740482527,,3,5,0.26666666666666666,14
101,0.4712041884816754,-71.25,1.5,208.33117490259463,,3,4,0.1,8
102,1.4136125654450262,-71.25,1.5,138.5369204159035,,1,2,0.0,3
103,-13.664921465968591,-70.0,1.5,81.7935799873316,,0,9,0.25,27
104,-12.72251308900524,-70.0,1.5,267.1556359120741,,9,4,0.2727272727272727,9
105,-11.780104712041888,-70.0,1.5,190.18991871463834,,12,3,0.21153846153846154,5
106,-10.837696335078537,-70.0,1.5,189.96712026289026,,4,2,0.25,3
107,-9.895287958115185,-70.0,1.5,142.28965283700668,,2,2,0.0,3
108,-8.952879581151834,-70.0,1.5,139.22905987771884,,2,1,0.0,1
109,-8.010471204188482,-70.0,1.5,124.79078473213121,,1,4,0.3333333333333333,9
110,-7.0680628272251305,-70.0,1.5,161.7300924977644,,3,4,0.2,9
111,-6.12565445026178,-70.0,1.5,183.60412766887376,,4,3,0.15,5
112,-5.183246073298429,-70.0,1.5,213.02005484830502,,3,3,0.16666666666666666,6
113,-4.2408376963350785,-70.0,1.5,224.59673003491878,,3,4,0.2,9
114,-3.298429319371728,-70.0,1.5,235.79351356791256,,3,4,0.15,9
115,-2.356020942408377,-70.0,1.5,221.39913616505922,,4,6,0.16071428571428573,18
116,-1.4136125654450262,-70.0,1.5,206.57882957924005,,3,6,0.23809523809523808,18
117,-0.4712041884816754,-70.0,1.5,270.11792975615793,,5,9,0.20454545454545456,36
118,0.4712041884816754,-70.0,1.5,242.49681900949489,,5,6,0.2361111111111111,19
119,1.4136125654450262,-70.0,1.5,187.54288994395526,,3,3,0.0,5
120,-15.549738219895294,-68.75,1.5,0.0,,0,8,0.23214285714285715,20
121,-14.607329842931941,-68.75,1.5,38.75342436252828,,0,6,0.3,15
122,-13.664921465968591,-68.75,1.5,277.21682395740163,,7,5,0.23333333333333334,12
123,-12.72251308900524,-68.75,1.5,179.6768810012612,,7,2,0.30952380952380953,3
124,-11.780104712041888,-68.75,1.5,189.65788483669058,,1,2,0.0,3
125,-10.837696335078537,-68.75,1.5,203.16102411780895,,2,1,0.0,1
126,-9.895287958115185,-68.75,1.5,118.64248024906082,,1,2,0.0,3
127,-8.952879581151834,-68.75,1.5,118.9206471510634,,2,2,0.0,3
128,-8.010471204188482,-68.75,1.5,153.7747376515488,,3,4,0.15,9
129,-7.0680628272251305,-68.75,1.5,170.72700218086706,,4,4,0.16666666666666666,8
130,-6.12565445026178,-68.75,1.5,192.75570252875616,,4,3,0.15,5
131,-5.183246073298429,-68.75,1.5,236.29791266473924,,3,4,0.1,8
132,-4.2408376963350785,-68.75,1.5,277.90480064784936,,6,4,0.14285714285714285,9
133,-3.298429319371728,-68.75,1.5,266.9848725892993,,4,6,0.17857142857142858,18
134,-2.356020942408377,-68.75,1.5,234.17767770231592,,3,6,0.2619047619047619,18
135,-1.4136125654450262,-68.75,1.5,227.54366428277768,,5,6,0.20833333333333334,18
136,-0.4712041884816754,-68.75,1.5,278.71142222878603,,5,9,0.22727272727272727,35
137,0.4712041884816754,-68.75,1.5,282.39097768115005,,6,8,0.22727272727272727,28
138,1.4136125654450262,-68.75,1.5,234.4284143361569,,4,4,0.2,10
139,2.356020942408377,-68.75,1.5,215.26987542045154,,2,2,0.0,3
140,-16.492146596858646,-67.5,1.5,0.0,,0,5,0.35,11
141,-15.549738219895294,-67.5,1.5,154.8950527208431,,3,6,0.2619047619047619,12
142,-14.607329842931941,-67.5,1.5,128.65159600990827,,3,0,0.3333333333333333,0
143,-13.664921465968591,-67.5,1.5,95.16672291163874,,1,0,0.0,0
144,-12.72251308900524,-67.5,1.5,50.95996893334473,,0,1,0.0,1
145,-11.780104712041888,-67.5,1.5,155.41511035202151,,2,2,0.0,3
146,-10.837696335078537,-67.5,1.5,172.3131702732991,,2,1,0.0,1
147,-9.895287958115185,-67.5,1.5,92.49470272379818,,0,1,0.0,1
148,-8.952879581151834,-67.5,1.5,146.88047559462603,,2,2,0.0,3
149,-8.010471204188482,-67.5,1.5,156.07541373300825,,3,3,0.08333333333333333,5
150,-7.0680628272251305,-67.5,1.5,167.55265986939236,,4,2,0.16666666666666666,3
151,-6.12565445026178,-67.5,1.5,172.86574320753627,,3,3,0.08333333333333333,5
152,-5.183246073298429,-67.5,1.5,180.59111153069443,,3,3,0.0,5
153,-4.2408376963350785,-67.5,1.5,202.5360732543519,,3,4,0.2,9
154,-3.298429319371728,-67.5,1.5,206.94547012370944,,4,5,0.2619047619047619,14
155,-2.356020942408377,-67.5,1.5,218.7965028005028,,5,6,0.2222222222222222,18
156,-1.4136125654450262,-67.5,1.5,238.56119052245285,,5,6,0.2361111111111111,18
157,-0.4712041884816754,-67.5,1.5,266.8529658646186,,5,8,0.23636363636363636,28
158,0.4712041884816754,-67.5,1.5,279.048723684996,,6,7,0.2818181818181818,22
159,1.4136125654450262,-67.5,1.5,274.76543415321544,,4,6,0.25,15
160,2.356020942408377,-67.5,1.5,296.2329575097202,,4,3,0.2,6
161,-18.376963350785346,-66.25,1.5,0.0,,0,0,0.0,0
162,-17.434554973821996,-66.25,1.5,0.0,,0,1,0.0,1
163,-16.492146596858646,-66.25,1.5,50.83214443048456,,0,2,0.5,3
164,-15.549738219895294,-66.25,1.5,162.0117181562758,,3,2,0.16666666666666666,3
165,-14.607329842931941,-66.25,1.5,153.68640248660537,,3,1,0.5,1
166,-13.664921465968591,-66.25,1.5,10.92763637874582,,0,0,0.0,0
167,-12.72251308900524,-66.25,1.5,0.0,,0,0,0.0,0
168,-11.780104712041888,-66.25,1.5,96.6567970072339,,0,0,0.0,0
169,-10.837696335078537,-66.25,1.5,115.6829390501059,,1,2,0.0,3
170,-9.895287958115185,-66.25,1.5,125.40678103594405,,2,2,0.0,3
171,-8.952879581151834,-66.25,1.5,139.9639302924746,,2,3,0.0,5
172,-8.010471204188482,-66.25,1.5,157.9874302637939,,3,3,0.0,5
173,-7.0680628272251305,-66.25,1.5,165.4590253727031,,3,3,0.0,5
174,-6.12565445026178,-66.25,1.5,169.34423985529304,,2,3,0.0,5
175,-5.183246073298429,-66.25,1.5,175.67846254345653,,3,3,0.0,5
176,-4.2408376963350785,-66.25,1.5,181.01076562368567,,3,4,0.15,9
177,-3.298429319371728,-66.25,1.5,204.51510084836715,,5,5,0.21428571428571427,14
178,-2.356020942408377,-66.25,1.5,223.57670270426158,,5,5,0.23214285714285715,12
179,-1.4136125654450262,-66.25,1.5,254.01265352889092,,6,6,0.2222222222222222,17
180,-0.4712041884816754,-66.25,1.5,248.1651958495223,,6,6,0.2222222222222222,15
181,0.4712041884816754,-66.25,1.5,231.56913779764062,,6,7,0.2636363636363636,17
182,1.4136125654450262,-66.25,1.5,178.712731344028,,4,4,0.3333333333333333,8
183,2.356020942408377,-66.25,1.5,268.16126953364693,,4,2,0.3333333333333333,3
184,-18.376963350785346,-65.0,1.5,0.0,,0,0,0.0,0
185,-17.434554973821996,-65.0,1.5,29.92078664767376,,0,1,0.0,0
186,-16.492146596858646,-65.0,1.5,120.2190350939654,,1,0,0.0,0
187,-15.549738219895294,-65.0,1.5,155.1118144561051,,0,0,0.0,0
188,-14.607329842931941,-65.0,1.5,76.84267064950123,,0,0,0.0,0
189,-13.664921465968591,-65.0,1.5,17.604600830961658,,0,0,0.0,0
190,-12.72251308900524,-65.0,1.5,0.0,,0,0,0.0,0
191,-11.780104712041888,-65.0,1.5,103.27156935239624,,0,1,0.0,1
192,-10.837696335078537,-65.0,1.5,156.96451514917044,,2,1,0.0,1
193,-9.895287958115185,-65.0,1.5,134.09450486544387,,1,2,0.0,3
194,-8.952879581151834,-65.0,1.5,164.13862319024025,,3,2,0.0,3
195,-8.010471204188482,-65.0,1.5,169.10124978114558,,3,3,0.0,5
196,-7.0680628272251305,-65.0,1.5,167.61478574168163,,2,3,0.0,5
197,-6.12565445026178,-65.0,1.5,173.69096749451657,,3,4,0.1,9
198,-5.183246073298429,-65.0,1.5,202.2916173817686,,3,4,0.1,9
199,-4.2408376963350785,-65.0,1.5,206.30292487962652,,3,4,0.15,9
200,-3.298429319371728,-65.0,1.5,207.50407899820604,,4,5,0.19047619047619047,12
201,-2.356020942408377,-65.0,1.5,240.92189710456864,,6,5,0.2222222222222222,12
202,-1.4136125654450262,-65.0,1.5,242.9626952365606,,6,6,0.2111111111111111,17
203,-0.4712041884816754,-65.0,1.5,232.14295307188846,,6,4,0.25,9
204,0.4712041884816754,-65.0,1.5,251.58182893658162,,7,4,0.3333333333333333,8
205,1.4136125654450262,-65.0,1.5,223.32373800336626,,9,3,0.2777777777777778,4
206,-20.261780104712045,-63.75,1.5,6.9625258812704915,,0,0,0.0,0
207,-19.319371727748695,-63.75,1.5,38.179952942362505,,0,1,0.0,0
208,-18.376963350785346,-63.75,1.5,75.02736863235565,,1,0,0.0,0
209,-17.434554973821996,-63.75,1.5,42.81128439444426,,0,0,0.0,0
210,-16.492146596858646,-63.75,1.5,119.95737100572549,,0,0,0.0,0
211,-15.549738219895294,-63.75,1.5,101.93161873470005,,0,0,0.0,0
212,-14.607329842931941,-63.75,1.5,177.16031292540475,,1,1,0.0,1
213,-13.664921465968591,-63.75,1.5,91.90353172053771,,0,0,0.0,0
214,-12.72251308900524,-63.75,1.5,76.62443207795201,,0,0,0.0,0
215,-11.780104712041888,-63.75,1.5,146.61317315551216,,1,2,0.0,3
216,-10.837696335078537,-63.75,1.5,163.87062272940608,,2,1,0.0,1
217,-9.895287958115185,-63.75,1.5,117.26216135219752,,1,1,0.0,1
218,-8.952879581151834,-63.75,1.5,121.56696363914541,,1,2,0.0,3
219,-8.010471204188482,-63.75,1.5,164.74769338862376,,2,3,0.16666666666666666,6
220,-7.0680628272251305,-63.75,1.5,178.66428237636225,,3,4,0.15,10
221,-6.12565445026178,-63.75,1.5,194.65715712842942,,3,4,0.2,10
222,-5.183246073298429,-63.75,1.5,207.7224079389132,,3,4,0.2,9
223,-4.2408376963350785,-63.75,1.5,207.83880994215033,,3,4,0.25,10
224,-3.298429319371728,-63.75,1.5,237.4080485547854,,4,4,0.23333333333333334,9
225,-2.356020942408377,-63.75,1.5,300.4325305382669,,6,4,0.21428571428571427,9
226,-1.4136125654450262,-63.75,1.5,278.543938865204,,6,5,0.2222222222222222,13
227,-0.4712041884816754,-63.75,1.5,195.47489829866262,,6,4,0.21428571428571427,9
228,0.4712041884816754,-63.75,1.5,173.2824173547704,,6,4,0.23214285714285715,6
229,1.4136125654450262,-63.75,1.5,154.00318494310721,,9,2,0.3194444444444444,2
230,3.298429319371728,-63.75,1.5,86.62173432079668,,3,1,0.5,1
231,-19.319371727748695,-62.5,1.5,0.0,,0,0,0.0,0
232,-18.376963350785346,-62.5,1.5,0.0,,0,0,0.0,0
233,-17.434554973821996,-62.5,1.5,0.0,,0,0,0.0,0
234,-16.492146596858646,-62.5,1.5,101.12381965060388,,0,0,0.0,0
235,-15.549738219895294,-62.5,1.5,144.73068139845964,,0,0,0.0,0
236,-14.607329842931941,-62.5,1.5,200.9359467569115,,1,2,0.0,3
237,-13.664921465968591,-62.5,1.5,172.3469671270392,,2,1,0.0,1
238,-12.72251308900524,-62.5,1.5,93.49118692608742,,0,0,0.0,0
239,-11.780104712041888,-62.5,1.5,61.369458963218314,,0,0,0.0,0
240,-10.837696335078537,-62.5,1.5,42.246831833495186,,0,1,0.0,1
241,-9.895287958115185,-62.5,1.5,116.64840264601786,,1,4,0.3333333333333333,9
242,-8.952879581151834,-62.5,1.5,165.45222354650446,,3,3,0.16666666666666666,6
243,-8.010471204188482,-62.5,1.5,156.60350859036458,,2,5,0.25,13
244,-7.0680628272251305,-62.5,1.5,218.9730883316036,,4,5,0.19047619047619047,13
245,-6.12565445026178,-62.5,1.5,227.95921509324157,,4,5,0.21428571428571427,13
246,-5.183246073298429,-62.5,1.5,243.52445801786018,,5,4,0.19047619047619047,9
247,-4.2408376963350785,-62.5,1.5,221.89985699842535,,4,5,0.19047619047619047,12
248,-3.298429319371728,-62.5,1.5,286.99168780465993,,6,4,0.16071428571428573,9
249,-2.356020942408377,-62.5,1.5,340.3587836122015,,6,6,0.16666666666666666,18
250,-1.4136125654450262,-62.5,1.5,273.6337881744202,,5,4,0.21428571428571427,9
251,-0.4712041884816754,-62.5,1.5,225.40267590209692,,5,4,0.23809523809523808,9
252,0.4712041884816754,-62.5,1.5,127.26986838353194,,4,3,0.2,4
253,1.4136125654450262,-62.5,1.5,120.20042692756621,,7,0,0.35714285714285715,0
254,2.356020942408377,-62.5,1.5,85.24223626286613,,2,0,0.5,0
255,3.298429319371728,-62.5,1.5,41.137621013431776,,0,0,0.0,0
256,-18.376963350785346,-61.25,1.5,0.0,,0,0,0.0,0
257,-17.434554973821996,-61.25,1.5,0.0,,0,0,0.0,0
258,-16.492146596858646,-61.25,1.5,47.68618427243802,,0,0,0.0,0
259,-15.549738219895294,-61.25,1.5,36.69606793082323,,0,0,0.0,0
260,-14.607329842931941,-61.25,1.5,69.84647882178766,,0,0,0.0,0
261,-13.664921465968591,-61.25,1.5,135.9469434412904,,1,1,0.0,1
262,-12.72251308900524,-61.25,1.5,37.09725901355144,,0,0,0.0,0
263,-11.780104712041888,-61.25,1.5,93.46301995832617,,0,1,0.0,1
264,-10.837696335078537,-61.25,1.5,118.87295058550617,,1,4,0.3333333333333333,9
265,-9.895287958115185,-61.25,1.5,195.1071066071885,,4,4,0.13333333333333333,9
266,-8.952879581151834,-61.25,1.5,178.34891225963315,,4,4,0.16666666666666666,8
267,-8.010471204188482,-61.25,1.5,192.31327117172577,,4,4,0.2,10
268,-7.0680628272251305,-61.25,1.5,229.51103179408085,,4,6,0.25,18
269,-6.12565445026178,-61.25,1.5,263.83733892099,,5,6,0.2222222222222222,18
270,-5.183246073298429,-61.25,1.5,230.66549243038682,,5,5,0.23214285714285715,14
271,-4.2408376963350785,-61.25,1.5,222.92407445739894,,4,4,0.2,9
272,-3.298429319371728,-61.25,1.5,253.09365902482938,,4,4,0.23333333333333334,9
273,-2.356020942408377,-61.25,1.5,255.63347975740135,,3,5,0.3,14
274,-1.4136125654450262,-61.25,1.5,275.77886699441393,,4,5,0.21428571428571427,13
275,-0.4712041884816754,-61.25,1.5,249.61764820622116,,5,4,0.23809523809523808,9
276,0.4712041884816754,-61.25,1.5,165.85429044349752,,4,3,0.15,4
277,1.4136125654450262,-61.25,1.5,102.63173083739153,,2,0,0.5,0
278,2.356020942408377,-61.25,1.5,57.340743068725416,,1,0,0.0,0
279,3.298429319371728,-61.25,1.5,2.5387819464158192,,0,0,0.0,0
280,4.2408376963350785,-61.25,1.5,0.2944406695200975,,0,0,0.0,0
281,-15.549738219895294,-60.0,1.5,0.0,,0,0,0.0,0
282,-14.607329842931941,-60.0,1.5,7.173901142914159,,0,0,0.0,0
283,-13.664921465968591,-60.0,1.5,57.94664178567865,,0,0,0.0,0
284,-12.72251308900524,-60.0,1.5,129.06998590141023,,1,2,0.0,3
285,-11.780104712041888,-60.0,1.5,195.1006540381437,,2,2,0.0,3
286,-10.837696335078537,-60.0,1.5,240.3907285689396,,4,3,0.1,6
287,-9.895287958115185,-60.0,1.5,234.8527592330281,,4,5,0.19047619047619047,13
288,-8.952879581151834,-60.0,1.5,247.43671285867455,,4,4,0.23333333333333334,10
289,-8.010471204188482,-60.0,1.5,,,0,5,0.4,13
290,-7.0680628272251305,-60.0,1.5,280.8656923702446,,5,6,0.2222222222222222,18
291,-6.12565445026178,-60.0,1.5,264.6155917239185,,5,7,0.23333333333333334,24
292,-5.183246073298429,-60.0,1.5,275.43099768059284,,5,6,0.2222222222222222,17
293,-4.2408376963350785,-60.0,1.5,271.3598099006533,,5,4,0.19047619047619047,9
294,-3.298429319371728,-60.0,1.5,300.0140317426937,,4,3,0.2,5
295,-2.356020942408377,-60.0,1.5,340.8686549764263,,6,4,0.21428571428571427,10
296,-1.4136125654450262,-60.0,1.5,240.480669022687,,4,7,0.2361111111111111,23
297,-0.4712041884816754,-60.0,1.5,264.2923725669224,,5,4,0.21428571428571427,10
298,0.4712041884816754,-60.0,1.5,169.27634970528544,,4,2,0.25,3
299,1.4136125654450262,-60.0,1.5,100.44498567368245,,1,0,0.0,0
300,2.356020942408377,-60.0,1.5,56.416991630967665,,0,0,0.0,0
301,3.298429319371728,-60.0,1.5,8.297290665417933,,0,0,0.0,0
302,4.2408376963350785,-60.0,1.5,5.018151597778611,,0,0,0.0,0
303,5.183246073298429,-60.0,1.5,13.289516914933728,,0,0,0.0,0
304,-13.664921465968591,-58.75,1.5,0.0,,0,0,0.0,0
305,-12.72251308900524,-58.75,1.5,0.0,,0,2,0.5,3
306,-11.780104712041888,-58.75,1.5,158.6076882545268,,2,3,0.3333333333333333,6
307,-10.837696335078537,-58.75,1.5,145.588771613122,,1,4,0.3333333333333333,9
308,-9.895287958115185,-58.75,1.5,260.69029591344844,,4,5,0.21428571428571427,14
309,-8.952879581151834,-58.75,1.5,297.2131799411737,,4,6,0.25,18
310,-8.010471204188482,-58.75,1.5,315.4580204788373,,5,6,0.20833333333333334,18
311,-7.0680628272251305,-58.75,1.5,320.72375726264016,,6,7,0.21818181818181817,24
312,-6.12565445026178,-58.75,1.5,337.33967134112544,,6,7,0.23636363636363636,24
313,-5.183246073298429,-58.75,1.5,311.22368314900234,,6,7,0.21818181818181817,22
314,-4.2408376963350785,-58.75,1.5,231.6381505371326,,5,4,0.23809523809523808,9
315,-3.298429319371728,-58.75,1.5,279.0241693699745,,4,3,0.2,6
316,-2.356020942408377,-58.75,1.5,290.1301584279112,,4,5,0.19047619047619047,13
317,-1.4136125654450262,-58.75,1.5,339.34650523311564,,7,8,0.17307692307692307,23
318,-0.4712041884816754,-58.75,1.5,277.169596150434,,5,6,0.20833333333333334,14
319,0.4712041884816754,-58.75,1.5,194.04557931950913,,5,3,0.16666666666666666,4
320,-13.664921465968591,-57.5,1.5,16.987913754400125,,0,1,0.0,1
321,-12.72251308900524,-57.5,1.5,143.78907279655007,,2,2,0.0,3
322,-11.780104712041888,-57.5,1.5,213.38468817853027,,4,2,0.16666666666666666,3
323,-10.837696335078537,-57.5,1.5,194.4814365029648,,4,3,0.1,5
324,-9.895287958115185,-57.5,1.5,237.99309267327988,,4,4,0.2,9
325,-8.952879581151834,-57.5,1.5,302.7234653035118,,5,5,0.23214285714285715,13
326,-8.010471204188482,-57.5,1.5,302.193207399921,,5,5,0.25,14
327,-7.0680628272251305,-57.5,1.5,306.6657813665728,,6,7,0.22727272727272727,23
328,-6.12565445026178,-57.5,1.5,298.6344574747459,,6,6,0.26666666666666666,18
329,-5.183246073298429,-57.5,1.5,287.0438457269679,,6,7,0.22727272727272727,21
330,-4.2408376963350785,-57.5,1.5,232.27963996130322,,5,5,0.23214285714285715,11
331,-3.298429319371728,-57.5,1.5,244.51964938463945,,4,2,0.3333333333333333,3
332,-2.356020942408377,-57.5,1.5,166.34667482739258,,2,3,0.16666666666666666,5
333,-1.4136125654450262,-57.5,1.5,299.50341617805833,,6,6,0.2,13
334,-0.4712041884816754,-57.5,1.5,246.1313500656492,,5,6,0.20833333333333334,11
335,0.4712041884816754,-57.5,1.5,188.5048995174141,,6,3,0.21428571428571427,3
336,1.4136125654450262,-57.5,1.5,122.65512366195722,,1,0,0.0,0
337,-13.664921465968591,-56.25,1.5,41.0936903606905,,0,0,0.0,0
338,-12.72251308900524,-56.25,1.5,0.0,,0,0,0.0,0
339,-11.780104712041888,-56.25,1.5,120.50343845117129,,1,2,0.0,3
340,-10.837696335078537,-56.25,1.5,184.81945998970886,,3,1,0.0,1
341,-9.895287958115185,-56.25,1.5,126.23200010299323,,1,4,0.3333333333333333,9
342,-8.952879581151834,-56.25,1.5,315.3328181824263,,6,5,0.19444444444444445,13
343,-8.010471204188482,-56.25,1.5,296.7723303686074,,6,5,0.2222222222222222,13
344,-7.0680628272251305,-56.25,1.5,300.567001841624,,7,5,0.24444444444444444,13
345,-6.12565445026178,-56.25,1.5,253.76557006521895,,6,5,0.2638888888888889,13
346,-5.183246073298429,-56.25,1.5,269.10214520240754,,7,4,0.2777777777777778,9
347,-4.2408376963350785,-56.25,1.5,185.4331349673871,,4,3,0.35,4
348,-3.298429319371728,-56.25,1.5,210.65603051663237,,5,3,0.16666666666666666,4
349,-2.356020942408377,-56.25,1.5,166.94783144840045,,2,3,0.16666666666666666,4
350,-1.4136125654450262,-56.25,1.5,197.59489340517254,,5,4,0.19047619047619047,5
351,-0.4712041884816754,-56.25,1.5,198.21242992771738,,5,3,0.3,3
352,0.4712041884816754,-56.25,1.5,152.3058958206487,,4,1,0.3,0
353,1.4136125654450262,-56.25,1.5,114.62405353789813,,2,0,0.5,0
354,-14.607329842931941,-55.0,1.5,0.0,,0,0,0.0,0
355,-13.664921465968591,-55.0,1.5,0.0,,0,2,0.0,2
356,-12.72251308900524,-55.0,1.5,162.74404751687436,,2,3,0.16666666666666666,6
357,-11.780104712041888,-55.0,1.5,184.05915012741764,,2,3,0.3333333333333333,6
358,-10.837696335078537,-55.0,1.5,131.69797756869463,,1,3,0.5,6
359,-9.895287958115185,-55.0,1.5,138.40921012366263,,1,5,0.3333333333333333,13
360,-8.952879581151834,-55.0,1.5,287.69921153543163,,5,5,0.17857142857142858,13
361,-8.010471204188482,-55.0,1.5,291.9563495093715,,5,5,0.21428571428571427,13
362,-7.0680628272251305,-55.0,1.5,263.0801671904522,,6,4,0.25,9
363,-6.12565445026178,-55.0,1.5,271.9378677582625,,7,5,0.2222222222222222,12
364,-5.183246073298429,-55.0,1.5,246.5753174309263,,7,3,0.26785714285714285,5
365,-4.2408376963350785,-55.0,1.5,187.1718832738434,,6,3,0.23809523809523808,4
366,-3.298429319371728,-55.0,1.5,138.753837890026,,3,2,0.15,0
367,-2.356020942408377,-55.0,1.5,101.16038677808162,,1,2,0.16666666666666666,0
368,-1.4136125654450262,-55.0,1.5,107.44486837229645,,1,1,0.5,0
369,-0.4712041884816754,-55.0,1.5,165.99735379525714,,4,1,0.25,0
370,0.4712041884816754,-55.0,1.5,131.95404140652585,,2,0,0.5,0
371,1.4136125654450262,-55.0,1.5,107.75401614488058,,2,0,0.5,0
372,2.356020942408377,-55.0,1.5,88.34902381189383,,0,0,0.0,0
373,-14.607329842931941,-53.75,1.5,0.0,,0,0,0.0,0
374,-13.664921465968591,-53.75,1.5,0.0,,0,1,0.0,1
375,-12.72251308900524,-53.75,1.5,203.66720699240943,,3,2,0.0,3
376,-11.780104712041888,-53.75,1.5,203.57460259217044,,4,2,0.16666666666666666,3
377,-10.837696335078537,-53.75,1.5,251.48894572972574,,4,3,0.15,6
378,-9.895287958115185,-53.75,1.5,250.77879251560535,,4,4,0.2,9
379,-8.952879581151834,-53.75,1.5,288.5309935064482,,5,4,0.21428571428571427,9
380,-8.010471204188482,-53.75,1.5,297.43476872468074,,5,4,0.23809523809523808,9
381,-7.0680628272251305,-53.75,1.5,291.2646855671387,,5,4,0.21428571428571427,9
382,-6.12565445026178,-53.75,1.5,271.40419562920204,,6,3,0.21428571428571427,5
383,-5.183246073298429,-53.75,1.5,202.11754899937006,,4,3,0.2,5
384,-4.2408376963350785,-53.75,1.5,194.78715637079583,,5,2,0.25,3
385,-3.298429319371728,-53.75,1.5,130.13769861630726,,2,1,0.0,0
386,-2.356020942408377,-53.75,1.5,134.85647780298717,,3,0,0.16666666666666666,0
387,-1.4136125654450262,-53.75,1.5,123.05929030563708,,2,0,0.5,0
388,-0.4712041884816754,-53.75,1.5,142.412894116733,,3,0,0.3333333333333333,0
389,0.4712041884816754,-53.75,1.5,119.10818633288648,,1,0,0.0,0
390,1.4136125654450262,-53.75,1.5,103.81810758981969,,0,0,0.0,0
391,2.356020942408377,-53.75,1.5,83.71550409272035,,0,0,0.0,0
392,-13.664921465968591,-52.5,1.5,0.0,,0,0,0.0,0
393,-12.72251308900524,-52.5,1.5,51.906600789616306,,0,0,0.0,0
394,-11.780104712041888,-52.5,1.5,169.1302910186959,,1,1,0.0,1
395,-10.837696335078537,-52.5,1.5,110.98184164127663,,0,1,0.0,1
396,-9.895287958115185,-52.5,1.5,199.23668258753816,,4,2,0.16666666666666666,3
397,-8.952879581151834,-52.5,1.5,261.820325645696,,5,3,0.2,6
398,-8.010471204188482,-52.5,1.5,258.60933993169766,,5,4,0.19047619047619047,9
399,-7.0680628272251305,-52.5,1.5,270.5634876532188,,5,3,0.2,5
400,-6.12565445026178,-52.5,1.5,196.2316436707192,,4,2,0.16666666666666666,3
401,-5.183246073298429,-52.5,1.5,212.67124341042492,,4,2,0.16666666666666666,3
402,-4.2408376963350785,-52.5,1.5,186.88982856587882,,3,2,0.0,2
403,-3.298429319371728,-52.5,1.5,123.18658986722323,,0,1,0.0,0
404,-2.356020942408377,-52.5,1.5,137.23144177104822,,1,0,0.0,0
405,-1.4136125654450262,-52.5,1.5,113.87036454107532,,0,0,0.0,0
406,-0.4712041884816754,-52.5,1.5,137.58600445591796,,0,0,0.0,0
407,0.4712041884816754,-52.5,1.5,126.27562511076148,,0,0,0.0,0
408,-8.952879581151834,-51.25,1.5,168.48611493706676,,1,1,0.0,1
409,-8.010471204188482,-51.25,1.5,166.90689660694264,,3,2,0.3333333333333333,3
410,-7.0680628272251305,-51.25,1.5,202.01232219896892,,4,1,0.3333333333333333,1
411,-5.183246073298429,-51.25,1.5,222.42450918618943,,3,1,0.0,1
412,-4.2408376963350785,-51.25,1.5,175.4322936115555,,0,1,0.0,0
413,-3.298429319371728,-51.25,1.5,177.85243032255286,,1,0,0.0,0
414,-2.356020942408377,-51.25,1.5,153.8663027228635,,1,0,0.0,0
415,-3.298429319371728,-50.0,1.5,157.25671630874928,,1,0,0.0,0
