node_id,lat,lon,threshold,prec,evap,in_degree,out_degree,clustering,ffl
0,-6.12565445026178,-78.75,1.0,0.0,,0,2,0.5,3
1,-5.183246073298429,-78.75,1.0,17.47187404009806,,0,3,0.5,6
2,-4.2408376963350785,-78.75,1.0,78.50461334421162,,7,7,0.3484848484848485,25
3,-3.298429319371728,-78.75,1.0,49.576351608490086,,2,7,0.42857142857142855,28
4,-2.356020942408377,-78.75,1.0,23.71651615571604,,1,6,0.45,20
5,-1.4136125654450262,-78.75,1.0,8.90634125901358,,0,7,0.4523809523809524,26
6,-8.952879581151834,-77.5,1.0,2.67221007123084,,0,38,0.16998577524893316,277
7,-8.010471204188482,-77.5,1.0,59.684914028815896,,5,19,0.3246753246753247,112
8,-7.0680628272251305,-77.5,1.0,66.07709509463733,,6,15,0.36257309941520466,80
9,-6.12565445026178,-77.5,1.0,80.20560330359454,,7,18,0.30039525691699603,99
10,-5.183246073298429,-77.5,1.0,116.74002074099201,,11,12,0.3119047619047619,56
11,-4.2408376963350785,-77.5,1.0,146.29466078112267,,14,8,0.2868421052631579,30
12,-3.298429319371728,-77.5,1.0,149.67877833827927,,15,7,0.2789473684210526,25
13,-2.356020942408377,-77.5,1.0,114.36800035021052,,8,6,0.3333333333333333,21
14,-1.4136125654450262,-77.5,1.0,201.750036274162,,7,10,0.2714285714285714,50
15,-0.4712041884816754,-77.5,1.0,186.5221188448485,,5,10,0.32051282051282054,47
16,0.4712041884816754,-77.5,1.0,170.9886227666285,,2,9,0.3611111111111111,36
17,-10.837696335078537,-76.25,1.0,0.0,,0,39,0.18286099865047234,310
18,-9.895287958115185,-76.25,1.0,14.80931568133248,,0,33,0.20075757575757575,245
19,-8.952879581151834,-76.25,1.0,185.7569285213277,,6,41,0.18383838383838383,285
20,-8.010471204188482,-76.25,1.0,123.78337173085166,,9,15,0.34415584415584416,67
21,-7.0680628272251305,-76.25,1.0,138.52393724786378,,14,5,0.3272058823529412,12
22,-6.12565445026178,-76.25,1.0,145.85188057926953,,19,6,0.3181818181818182,18
23,-5.183246073298429,-76.25,1.0,160.76191909074302,,23,8,0.2746305418719212,29
24,-4.2408376963350785,-76.25,1.0,119.33332855455822,,18,6,0.3398268398268398,18
25,-3.298429319371728,-76.25,1.0,129.9169522745671,,18,6,0.329004329004329,17
26,-2.356020942408377,-76.25,1.0,145.73984915541993,,17,7,0.2813852813852814,22
27,-1.4136125654450262,-76.25,1.0,175.75759342839746,,14,8,0.23421052631578948,32
28,-0.4712041884816754,-76.25,1.0,223.60584254891182,,15,7,0.22894736842105262,25
29,0.4712041884816754,-76.25,1.0,240.60274531159553,,6,6,0.37777777777777777,18
30,1.4136125654450262,-76.25,1.0,151.9860144790257,,4,4,0.4,9
31,-13.664921465968591,-75.0,1.0,0.0,,0,0,0.0,0
32,-12.72251308900524,-75.0,1.0,0.0,,0,15,0.3380952380952381,85
33,-11.780104712041888,-75.0,1.0,31.784217278364558,,1,32,0.20265151515151514,232
34,-10.837696335078537,-75.0,1.0,219.06417018560515,,5,44,0.15356151711378355,317
35,-9.895287958115185,-75.0,1.0,223.4029980431243,,14,24,0.2698412698412698,138
36,-8.952879581151834,-75.0,1.0,169.64115706255757,,19,12,0.29926108374384236,46
37,-8.010471204188482,-75.0,1.0,146.14609071321678,,21,7,0.2953846153846154,22
38,-7.0680628272251305,-75.0,1.0,130.4684351885291,,20,5,0.30237154150197626,12
39,-6.12565445026178,-75.0,1.0,126.12307167980312,,24,6,0.3055555555555556,18
40,-5.183246073298429,-75.0,1.0,134.07840285967367,,28,6,0.2842741935483871,18
41,-4.2408376963350785,-75.0,1.0,137.00019039650925,,25,6,0.291871921182266,18
42,-3.298429319371728,-75.0,1.0,164.94188194193546,,25,6,0.2647783251231527,17
43,-2.356020942408377,-75.0,1.0,172.4516906032688,,16,5,0.30409356725146197,13
44,-1.4136125654450262,-75.0,1.0,175.40770358634558,,10,7,0.22857142857142856,23
45,-0.4712041884816754,-75.0,1.0,184.11334254444998,,12,5,0.24761904761904763,13
46,0.4712041884816754,-75.0,1.0,154.56157357498935,,9,4,0.39090909090909093,9
47,1.4136125654450262,-75.0,1.0,153.33886533662883,,8,3,0.3611111111111111,5
48,2.356020942408377,-75.0,1.0,101.61449343195841,,4,1,0.5,1
49,-14.607329842931941,-73.75,1.0,0.1566514143210609,,0,0,0.0,0
50,-13.664921465968591,-73.75,1.0,0.0,,0,7,0.42857142857142855,24
51,-12.72251308900524,-73.75,1.0,49.52211897180583,,3,27,0.2540229885057471,196
52,-11.780104712041888,-73.75,1.0,106.64323510805016,,8,35,0.18902439024390244,238
53,-10.837696335078537,-73.75,1.0,167.85757239427485,,15,11,0.3115942028985507,49
54,-9.895287958115185,-73.75,1.0,171.61576197936725,,23,7,0.25793650793650796,24
55,-8.952879581151834,-73.75,1.0,152.91067386466284,,25,6,0.2733990147783251,16
56,-8.010471204188482,-73.75,1.0,142.60914596422418,,28,7,0.2585227272727273,22
57,-7.0680628272251305,-73.75,1.0,134.79461644719078,,28,6,0.2762096774193548,18
58,-6.12565445026178,-73.75,1.0,133.66946779402323,,26,6,0.2850574712643678,18
59,-5.183246073298429,-73.75,1.0,145.26137309293247,,24,7,0.2660098522167488,22
60,-4.2408376963350785,-73.75,1.0,161.3026418407518,,20,7,0.285,21
61,-3.298429319371728,-73.75,1.0,180.65513291650745,,20,6,0.26268115942028986,17
62,-2.356020942408377,-73.75,1.0,197.99105266279585,,17,7,0.22943722943722944,24
63,-1.4136125654450262,-73.75,1.0,153.84588855750138,,7,7,0.24242424242424243,24
64,-0.4712041884816754,-73.75,1.0,162.37946447137796,,6,6,0.23333333333333334,17
65,0.4712041884816754,-73.75,1.0,188.29100127282044,,12,4,0.24175824175824176,9
66,1.4136125654450262,-73.75,1.0,191.80643593139976,,12,2,0.3181818181818182,3
67,-14.607329842931941,-72.5,1.0,0.0,,0,4,0.5,10
68,-13.664921465968591,-72.5,1.0,0.0,,0,27,0.26353276353276356,211
69,-12.72251308900524,-72.5,1.0,17.45721501158529,,0,32,0.20766129032258066,238
70,-11.780104712041888,-72.5,1.0,184.2732101487694,,12,15,0.3277591973244147,82
71,-10.837696335078537,-72.5,1.0,180.5547115470844,,18,9,0.3210702341137124,38
72,-9.895287958115185,-72.5,1.0,159.93564367240606,,22,9,0.2857142857142857,33
73,-8.952879581151834,-72.5,1.0,150.16583958868097,,24,7,0.2536945812807882,23
74,-8.010471204188482,-72.5,1.0,145.94734047091276,,19,6,0.2885375494071146,18
75,-7.0680628272251305,-72.5,1.0,148.85213055431794,,15,6,0.25146198830409355,18
76,-6.12565445026178,-72.5,1.0,153.76223387462267,,15,7,0.23684210526315788,22
77,-5.183246073298429,-72.5,1.0,174.2106481102353,,15,7,0.24473684210526317,21
78,-4.2408376963350785,-72.5,1.0,177.32780520723685,,15,6,0.25146198830409355,17
79,-3.298429319371728,-72.5,1.0,194.18299112976229,,13,7,0.24836601307189543,24
80,-2.356020942408377,-72.5,1.0,202.39767874436296,,14,7,0.21637426900584794,24
81,-1.4136125654450262,-72.5,1.0,164.23971645990267,,5,7,0.2777777777777778,25
82,-0.4712041884816754,-72.5,1.0,167.39837588065845,,6,6,0.25555555555555554,17
83,0.4712041884816754,-72.5,1.0,162.02931806568986,,6,5,0.2361111111111111,13
84,1.4136125654450262,-72.5,1.0,152.28217924736853,,5,2,0.25,3
85,-14.607329842931941,-71.25,1.0,0.0,,0,33,0.23106060606060605,275
86,-13.664921465968591,-71.25,1.0,0.0,,0,42,0.1602787456445993,318
87,-12.72251308900524,-71.25,1.0,232.7509966278599,,7,31,0.2246031746031746,215
88,-11.780104712041888,-71.25,1.0,225.95191462764905,,16,13,0.3137535816618911,71
89,-10.837696335078537,-71.25,1.0,157.35303231286687,,18,8,0.31636363636363635,32
90,-9.895287958115185,-71.25,1.0,146.4876848432319,,17,8,0.2707509881422925,28
91,-8.952879581151834,-71.25,1.0,153.08698851401212,,12,8,0.22875816993464052,27
92,-8.010471204188482,-71.25,1.0,145.51420460914107,,5,6,0.2916666666666667,18
93,-7.0680628272251305,-71.25,1.0,179.02267156267706,,8,7,0.22435897435897437,22
94,-6.12565445026178,-71.25,1.0,184.48716241369448,,8,8,0.2032967032967033,28
95,-5.183246073298429,-71.25,1.0,168.4396981595086,,6,7,0.24545454545454545,24
96,-4.2408376963350785,-71.25,1.0,194.31008130255307,,9,7,0.2087912087912088,24
97,-3.298429319371728,-71.25,1.0,190.70631596259764,,7,7,0.24242424242424243,24
98,-2.356020942408377,-71.25,1.0,182.37499510737868,,7,7,0.24242424242424243,25
99,-1.4136125654450262,-71.25,1.0,164.26933130487564,,6,9,0.23076923076923078,35
100,-0.4712041884816754,-71.25,1.0,181.07038973755556,,7,9,0.22527472527472528,35
101,0.4712041884816754,-71.25,1.0,177.37833578836936,,7,6,0.23636363636363636,18
102,1.4136125654450262,-71.25,1.0,121.54465251702446,,4,4,0.26666666666666666,10
103,-13.664921465968591,-70.0,1.0,64.81865144106449,,1,23,0.28804347826086957,164
104,-12.72251308900524,-70.0,1.0,253.53442285519574,,11,15,0.3242753623188406,87
105,-11.780104712041888,-70.0,1.0,161.4262639799187,,14,8,0.35185185185185186,33
106,-10.837696335078537,-70.0,1.0,141.9604066770375,,11,6,0.2714285714285714,19
107,-9.895287958115185,-70.0,1.0,148.29033810625845,,7,5,0.2222222222222222,13
108,-8.952879581151834,-70.0,1.0,168.61681418011668,,7,7,0.18181818181818182,22
109,-8.010471204188482,-70.0,1.0,151.79669375113673,,5,8,0.22727272727272727,29
110,-7.0680628272251305,-70.0,1.0,170.60448519329833,,6,8,0.22727272727272727,27
111,-6.12565445026178,-70.0,1.0,186.7116866655523,,7,6,0.24545454545454545,17
112,-5.183246073298429,-70.0,1.0,183.65432066577588,,8,6,0.21212121212121213,17
113,-4.2408376963350785,-70.0,1.0,180.97624026076934,,6,7,0.2545454545454545,25
114,-3.298429319371728,-70.0,1.0,188.84477226313737,,6,10,0.23076923076923078,44
115,-2.356020942408377,-70.0,1.0,175.1269450589569,,6,10,0.23626373626373626,43
116,-1.4136125654450262,-70.0,1.0,179.470857076939,,7,10,0.24285714285714285,44
117,-0.4712041884816754,-70.0,1.0,217.23314849955952,,8,10,0.23333333333333334,45
118,0.4712041884816754,-70.0,1.0,211.3569110263,,7,8,0.24358974358974358,29
119,1.4136125654450262,-70.0,1.0,187.12130370696013,,6,6,0.26666666666666666,22
120,-15.549738219895294,-68.75,1.0,0.0,,0,17,0.35294117647058826,113
121,-14.607329842931941,-68.75,1.0,30.460678366532782,,0,13,0.3717948717948718,71
122,-13.664921465968591,-68.75,1.0,234.06396288509833,,9,12,0.3567251461988304,66
123,-12.72251308900524,-68.75,1.0,174.9453778173736,,13,8,0.21637426900584794,29
124,-11.780104712041888,-68.75,1.0,147.15152011797946,,1,3,0.3333333333333333,5
125,-10.837696335078537,-68.75,1.0,153.43052113626644,,2,5,0.3,14
126,-9.895287958115185,-68.75,1.0,160.18132322464675,,6,5,0.1527777777777778,13
127,-8.952879581151834,-68.75,1.0,165.27657334083676,,4,7,0.2222222222222222,22
128,-8.010471204188482,-68.75,1.0,181.67538828043382,,5,6,0.25,18
129,-7.0680628272251305,-68.75,1.0,186.67304105295406,,6,7,0.22727272727272727,21
130,-6.12565445026178,-68.75,1.0,192.77358816505074,,8,6,0.19696969696969696,17
131,-5.183246073298429,-68.75,1.0,199.84861153663797,,8,8,0.2087912087912088,30
132,-4.2408376963350785,-68.75,1.0,210.97863663613103,,8,11,0.20955882352941177,54
133,-3.298429319371728,-68.75,1.0,204.26234842741695,,7,11,0.2375,52
134,-2.356020942408377,-68.75,1.0,198.98641931085464,,7,9,0.26373626373626374,37
135,-1.4136125654450262,-68.75,1.0,208.8529751104714,,8,8,0.26373626373626374,31
136,-0.4712041884816754,-68.75,1.0,236.43043237861832,,8,11,0.26838235294117646,60
137,0.4712041884816754,-68.75,1.0,250.86959495179084,,8,10,0.26666666666666666,49
138,1.4136125654450262,-68.75,1.0,254.61039580594908,,8,10,0.23333333333333334,48
139,2.356020942408377,-68.75,1.0,261.49786240723506,,5,5,0.32142857142857145,16
140,-16.492146596858646,-67.5,1.0,0.0,,0,13,0.3782051282051282,71
141,-15.549738219895294,-67.5,1.0,120.11089136860123,,2,14,0.32967032967032966,73
142,-14.607329842931941,-67.5,1.0,111.07956493391723,,3,1,0.3333333333333333,1
143,-13.664921465968591,-67.5,1.0,86.78963053003791,,2,1,0.3333333333333333,1
144,-12.72251308900524,-67.5,1.0,70.66418652765272,,0,2,0.5,3
145,-11.780104712041888,-67.5,1.0,154.46285728348687,,3,3,0.16666666666666666,6
146,-10.837696335078537,-67.5,1.0,165.4425695855981,,3,5,0.1,11
147,-9.895287958115185,-67.5,1.0,126.7984066147999,,2,4,0.25,9
148,-8.952879581151834,-67.5,1.0,178.66951061515817,,5,6,0.19444444444444445,18
149,-8.010471204188482,-67.5,1.0,189.53848615585275,,5,7,0.18888888888888888,21
150,-7.0680628272251305,-67.5,1.0,196.0425900892807,,6,7,0.22727272727272727,24
151,-6.12565445026178,-67.5,1.0,191.93078414567782,,7,9,0.23076923076923078,42
152,-5.183246073298429,-67.5,1.0,191.3079301859951,,6,11,0.24285714285714285,53
153,-4.2408376963350785,-67.5,1.0,192.59346037254787,,6,11,0.26666666666666666,54
154,-3.298429319371728,-67.5,1.0,187.56212077382892,,7,10,0.26666666666666666,46
155,-2.356020942408377,-67.5,1.0,214.96801861822433,,8,10,0.26666666666666666,47
156,-1.4136125654450262,-67.5,1.0,229.41690929122808,,8,13,0.23684210526315788,69
157,-0.4712041884816754,-67.5,1.0,239.99543531482294,,8,13,0.2631578947368421,75
158,0.4712041884816754,-67.5,1.0,262.85218152036083,,9,11,0.27960526315789475,58
159,1.4136125654450262,-67.5,1.0,308.2659157951876,,7,11,0.2796610169491525,53
160,2.356020942408377,-67.5,1.0,375.5285391427871,,6,6,0.4186046511627907,22
161,-18.376963350785346,-66.25,1.0,0.0,,0,0,0.0,0
162,-17.434554973821996,-66.25,1.0,0.0,,0,2,0.0,2
163,-16.492146596858646,-66.25,1.0,56.9979026891648,,0,16,0.19166666666666668,60
164,-15.549738219895294,-66.25,1.0,164.2392511004375,,5,2,0.1,3
165,-14.607329842931941,-66.25,1.0,137.6304880140076,,5,1,0.3333333333333333,1
166,-13.664921465968591,-66.25,1.0,20.97789934599951,,0,1,0.0,1
167,-12.72251308900524,-66.25,1.0,0.0,,0,3,0.16666666666666666,4
168,-11.780104712041888,-66.25,1.0,111.2232262234797,,2,3,0.3333333333333333,6
169,-10.837696335078537,-66.25,1.0,142.33052632511007,,3,3,0.25,6
170,-9.895287958115185,-66.25,1.0,154.9896365728508,,4,4,0.13333333333333333,9
171,-8.952879581151834,-66.25,1.0,170.59484214585154,,5,6,0.16666666666666666,17
172,-8.010471204188482,-66.25,1.0,183.25029382712415,,5,7,0.2222222222222222,24
173,-7.0680628272251305,-66.25,1.0,192.98306253682725,,6,10,0.23076923076923078,45
174,-6.12565445026178,-66.25,1.0,200.58216943645428,,6,10,0.26373626373626374,47
175,-5.183246073298429,-66.25,1.0,181.6670349146692,,6,10,0.27472527472527475,44
176,-4.2408376963350785,-66.25,1.0,180.03234773844304,,7,10,0.2857142857142857,44
177,-3.298429319371728,-66.25,1.0,193.21499280017179,,8,10,0.2791666666666667,45
178,-2.356020942408377,-66.25,1.0,208.69236243368888,,9,10,0.25735294117647056,45
179,-1.4136125654450262,-66.25,1.0,233.35282133989867,,9,10,0.2647058823529412,44
180,-0.4712041884816754,-66.25,1.0,239.6002272984308,,9,10,0.27205882352941174,46
181,0.4712041884816754,-66.25,1.0,246.58802197459923,,7,10,0.34285714285714286,47
182,1.4136125654450262,-66.25,1.0,199.72795633634107,,6,9,0.32051282051282054,33
183,2.356020942408377,-66.25,1.0,323.0751640991516,,7,5,0.4090909090909091,15
184,-18.376963350785346,-65.0,1.0,0.0,,0,0,0.0,0
185,-17.434554973821996,-65.0,1.0,38.77030843028567,,0,3,0.3333333333333333,5
186,-16.492146596858646,-65.0,1.0,136.62928575030708,,4,3,0.1,4
187,-15.549738219895294,-65.0,1.0,157.34711398466456,,1,0,0.0,0
188,-14.607329842931941,-65.0,1.0,77.81730163783732,,0,0,0.0,0
189,-13.664921465968591,-65.0,1.0,21.717375927854217,,0,0,0.0,0
190,-12.72251308900524,-65.0,1.0,4.022236985135999,,0,2,0.5,3
191,-11.780104712041888,-65.0,1.0,127.30308473736939,,2,3,0.3333333333333333,6
192,-10.837696335078537,-65.0,1.0,152.59924324663783,,3,3,0.25,6
193,-9.895287958115185,-65.0,1.0,152.1988277270452,,3,3,0.25,6
194,-8.952879581151834,-65.0,1.0,168.54318181150634,,5,4,0.14285714285714285,9
195,-8.010471204188482,-65.0,1.0,179.41294183073856,,5,6,0.2222222222222222,19
196,-7.0680628272251305,-65.0,1.0,198.0664798922747,,6,8,0.25757575757575757,32
197,-6.12565445026178,-65.0,1.0,205.228922369696,,6,9,0.26282051282051283,36
198,-5.183246073298429,-65.0,1.0,201.57948046787206,,8,8,0.29120879120879123,31
199,-4.2408376963350785,-65.0,1.0,197.3516868816265,,9,8,0.2714285714285714,28
200,-3.298429319371728,-65.0,1.0,189.36711866655602,,9,8,0.2857142857142857,29
201,-2.356020942408377,-65.0,1.0,211.505525273534,,10,10,0.2647058823529412,45
202,-1.4136125654450262,-65.0,1.0,224.2513838935823,,9,8,0.3,31
203,-0.4712041884816754,-65.0,1.0,228.03468952355752,,9,9,0.275,36
204,0.4712041884816754,-65.0,1.0,247.45515902654228,,12,8,0.2908496732026144,31
205,1.4136125654450262,-65.0,1.0,242.35283438982762,,12,6,0.31666666666666665,18
206,-20.261780104712045,-63.75,1.0,196.07378403845638,,0,3,0.0,2
207,-19.319371727748695,-63.75,1.0,44.050912750869124,,0,1,0.0,0
208,-18.376963350785346,-63.75,1.0,78.56180426636712,,2,0,0.0,0
209,-17.434554973821996,-63.75,1.0,40.53460400262219,,0,0,0.0,0
210,-16.492146596858646,-63.75,1.0,104.73342370128948,,0,0,0.0,0
211,-15.549738219895294,-63.75,1.0,104.18476492221131,,1,2,0.0,3
212,-14.607329842931941,-63.75,1.0,147.21908530307914,,2,1,0.0,1
213,-13.664921465968591,-63.75,1.0,86.66822256706016,,0,1,0.0,1
214,-12.72251308900524,-63.75,1.0,98.16093918199574,,2,2,0.0,3
215,-11.780104712041888,-63.75,1.0,135.38819774760256,,2,2,0.0,3
216,-10.837696335078537,-63.75,1.0,155.94077198345875,,2,2,0.0,3
217,-9.895287958115185,-63.75,1.0,156.6206301554751,,2,4,0.16666666666666666,9
218,-8.952879581151834,-63.75,1.0,130.9007005544806,,3,5,0.23333333333333334,13
219,-8.010471204188482,-63.75,1.0,177.83439982868484,,5,7,0.2111111111111111,25
220,-7.0680628272251305,-63.75,1.0,199.24350765090793,,5,8,0.2818181818181818,32
221,-6.12565445026178,-63.75,1.0,198.97922239555385,,7,9,0.26373626373626374,37
222,-5.183246073298429,-63.75,1.0,202.90468494284784,,8,10,0.2375,38
223,-4.2408376963350785,-63.75,1.0,192.68336248094613,,11,5,0.2967032967032967,13
224,-3.298429319371728,-63.75,1.0,189.83722457752825,,12,5,0.28095238095238095,13
225,-2.356020942408377,-63.75,1.0,206.5359793099331,,12,8,0.25163398692810457,31
226,-1.4136125654450262,-63.75,1.0,227.795903314083,,10,9,0.26838235294117646,37
227,-0.4712041884816754,-63.75,1.0,192.33445224240012,,9,8,0.2714285714285714,30
228,0.4712041884816754,-63.75,1.0,169.5004273315877,,9,6,0.3333333333333333,19
229,1.4136125654450262,-63.75,1.0,189.21541977727958,,12,4,0.36813186813186816,10
230,3.298429319371728,-63.75,1.0,185.7596377801203,,7,2,0.47619047619047616,3
231,-19.319371727748695,-62.5,1.0,0.0,,0,0,0.0,0
232,-18.376963350785346,-62.5,1.0,0.0,,0,0,0.0,0
233,-17.434554973821996,-62.5,1.0,0.0,,0,0,0.0,0
234,-16.492146596858646,-62.5,1.0,74.1448624635365,,0,0,0.0,0
235,-15.549738219895294,-62.5,1.0,121.95701176577884,,1,2,0.0,3
236,-14.607329842931941,-62.5,1.0,124.00185224867167,,2,2,0.0,3
237,-13.664921465968591,-62.5,1.0,137.1102708310103,,2,2,0.0,3
238,-12.72251308900524,-62.5,1.0,117.69830180882859,,2,1,0.0,1
239,-11.780104712041888,-62.5,1.0,94.13626458842373,,1,1,0.0,1
240,-10.837696335078537,-62.5,1.0,75.00572418186209,,1,6,0.35,18
241,-9.895287958115185,-62.5,1.0,156.0929596751395,,2,6,0.3333333333333333,18
242,-8.952879581151834,-62.5,1.0,154.74968949274802,,5,5,0.21428571428571427,14
243,-8.010471204188482,-62.5,1.0,170.55181442011133,,5,7,0.26666666666666666,27
244,-7.0680628272251305,-62.5,1.0,197.76911108446478,,5,7,0.3111111111111111,27
245,-6.12565445026178,-62.5,1.0,194.97083884173662,,7,6,0.3,20
246,-5.183246073298429,-62.5,1.0,195.5651711557023,,8,5,0.3181818181818182,13
247,-4.2408376963350785,-62.5,1.0,199.68210740382307,,10,6,0.25274725274725274,18
248,-3.298429319371728,-62.5,1.0,185.0134972504248,,11,5,0.25274725274725274,13
249,-2.356020942408377,-62.5,1.0,202.14144263517554,,10,7,0.24761904761904763,23
250,-1.4136125654450262,-62.5,1.0,223.5439661693453,,10,9,0.2536764705882353,37
251,-0.4712041884816754,-62.5,1.0,219.3810947637677,,11,8,0.25,28
252,0.4712041884816754,-62.5,1.0,133.54873843133612,,5,7,0.28888888888888886,21
253,1.4136125654450262,-62.5,1.0,192.96556122357137,,14,4,0.30833333333333335,9
254,2.356020942408377,-62.5,1.0,191.55012664441884,,15,3,0.30833333333333335,5
255,3.298429319371728,-62.5,1.0,140.48591681050388,,11,1,0.37777777777777777,1
256,-18.376963350785346,-61.25,1.0,0.0,,0,0,0.0,0
257,-17.434554973821996,-61.25,1.0,0.0,,0,0,0.0,0
258,-16.492146596858646,-61.25,1.0,53.155119217764344,,0,0,0.0,0
259,-15.549738219895294,-61.25,1.0,53.090797081826125,,0,0,0.0,0
260,-14.607329842931941,-61.25,1.0,78.25731504955233,,1,2,0.0,3
261,-13.664921465968591,-61.25,1.0,126.17785111976848,,2,1,0.0,1
262,-12.72251308900524,-61.25,1.0,62.05742145446494,,0,1,0.0,1
263,-11.780104712041888,-61.25,1.0,115.98410074711796,,2,5,0.2,13
264,-10.837696335078537,-61.25,1.0,165.68217328557404,,3,6,0.2857142857142857,19
265,-9.895287958115185,-61.25,1.0,178.1641225449289,,5,5,0.23214285714285715,13
266,-8.952879581151834,-61.25,1.0,184.58994773532527,,6,6,0.2111111111111111,18
267,-8.010471204188482,-61.25,1.0,204.47728208346985,,7,6,0.28703703703703703,24
268,-7.0680628272251305,-61.25,1.0,214.26826197987276,,7,9,0.2752808988764045,42
269,-6.12565445026178,-61.25,1.0,216.20719353085914,,8,8,0.2752808988764045,35
270,-5.183246073298429,-61.25,1.0,219.17970780863868,,10,8,0.226890756302521,31
271,-4.2408376963350785,-61.25,1.0,209.98106811228445,,7,7,0.2727272727272727,25
272,-3.298429319371728,-61.25,1.0,217.88404129541416,,8,6,0.2196969696969697,18
273,-2.356020942408377,-61.25,1.0,189.01694403114948,,5,9,0.2196969696969697,36
274,-1.4136125654450262,-61.25,1.0,250.75359876349813,,9,11,0.2222222222222222,50
275,-0.4712041884816754,-61.25,1.0,251.9379471029355,,9,9,0.24583333333333332,33
276,0.4712041884816754,-61.25,1.0,215.28748736175024,,11,5,0.2692307692307692,12
277,1.4136125654450262,-61.25,1.0,160.9236327823486,,14,4,0.26666666666666666,7
278,2.356020942408377,-61.25,1.0,135.2797493279004,,15,1,0.32967032967032966,1
279,3.298429319371728,-61.25,1.0,16.208780035957957,,0,0,0.0,0
280,4.2408376963350785,-61.25,1.0,8.40937706146847,,0,0,0.0,0
281,-15.549738219895294,-60.0,1.0,0.0,,0,0,0.0,0
282,-14.607329842931941,-60.0,1.0,35.8853943166428,,0,0,0.0,0
283,-13.664921465968591,-60.0,1.0,73.09613574654274,,1,3,0.5,6
284,-12.72251308900524,-60.0,1.0,129.02443392025594,,2,4,0.4166666666666667,11
285,-11.780104712041888,-60.0,1.0,169.94559746803733,,7,6,0.2169811320754717,21
286,-10.837696335078537,-60.0,1.0,170.09936900368757,,6,6,0.2558139534883721,21
287,-9.895287958115185,-60.0,1.0,182.541483519552,,6,6,0.27906976744186046,21
288,-8.952879581151834,-60.0,1.0,206.58997022847893,,6,7,0.25925925925925924,27
289,-8.010471204188482,-60.0,1.0,,,0,8,0.4107142857142857,31
290,-7.0680628272251305,-60.0,1.0,238.2948035138241,,7,9,0.2777777777777778,43
291,-6.12565445026178,-60.0,1.0,244.0568483779343,,8,11,0.27611940298507465,57
292,-5.183246073298429,-60.0,1.0,242.79747522907817,,10,11,0.23076923076923078,55
293,-4.2408376963350785,-60.0,1.0,241.47044305769148,,8,9,0.25,40
294,-3.298429319371728,-60.0,1.0,249.82191091506868,,6,7,0.23636363636363636,23
295,-2.356020942408377,-60.0,1.0,251.11970032406867,,5,7,0.25555555555555554,25
296,-1.4136125654450262,-60.0,1.0,251.43450401225502,,6,10,0.25824175824175827,44
297,-0.4712041884816754,-60.0,1.0,271.45538569885366,,9,9,0.25,35
298,0.4712041884816754,-60.0,1.0,209.84199278235934,,9,4,0.2909090909090909,8
299,1.4136125654450262,-60.0,1.0,162.3861957726158,,8,2,0.3392857142857143,2
300,2.356020942408377,-60.0,1.0,118.36564214288106,,4,0,0.5,0
301,3.298429319371728,-60.0,1.0,29.099908532387857,,0,0,0.0,0
302,4.2408376963350785,-60.0,1.0,23.977993838910585,,0,0,0.0,0
303,5.183246073298429,-60.0,1.0,59.91550323984641,,0,0,0.0,0
304,-13.664921465968591,-58.75,1.0,0.0,,0,1,0.0,1
305,-12.72251308900524,-58.75,1.0,45.6616912248618,,0,3,0.6666666666666666,7
306,-11.780104712041888,-58.75,1.0,177.64248971529852,,8,6,0.1640625,20
307,-10.837696335078537,-58.75,1.0,162.08798402432558,,5,5,0.35185185185185186,17
308,-9.895287958115185,-58.75,1.0,192.93242153914474,,9,6,0.28289473684210525,23
309,-8.952879581151834,-58.75,1.0,211.50425096651114,,8,7,0.3,28
310,-8.010471204188482,-58.75,1.0,235.79099611777724,,7,9,0.25842696629213485,39
311,-7.0680628272251305,-58.75,1.0,249.4926463103333,,10,10,0.24834437086092714,49
312,-6.12565445026178,-58.75,1.0,257.67558000212097,,10,12,0.26063829787234044,64
313,-5.183246073298429,-58.75,1.0,255.45758155650324,,8,12,0.2682119205298013,62
314,-4.2408376963350785,-58.75,1.0,241.5889532139618,,7,11,0.2838983050847458,56
315,-3.298429319371728,-58.75,1.0,261.80178196345406,,7,11,0.2184873949579832,46
316,-2.356020942408377,-58.75,1.0,261.5940566855758,,6,8,0.24242424242424243,29
317,-1.4136125654450262,-58.75,1.0,274.76934519459576,,8,8,0.26666666666666666,29
318,-0.4712041884816754,-58.75,1.0,267.59958573288424,,8,8,0.2692307692307692,27
319,0.4712041884816754,-58.75,1.0,212.39575780616207,,9,4,0.3090909090909091,9
320,-13.664921465968591,-57.5,1.0,63.95863695731479,,0,3,0.6666666666666666,7
321,-12.72251308900524,-57.5,1.0,177.24698146824088,,4,4,0.23333333333333334,10
322,-11.780104712041888,-57.5,1.0,183.5445989047351,,7,4,0.21428571428571427,11
323,-10.837696335078537,-57.5,1.0,172.13503130578266,,5,8,0.2830188679245283,34
324,-9.895287958115185,-57.5,1.0,201.71423290976807,,6,9,0.3026315789473684,39
325,-8.952879581151834,-57.5,1.0,222.49000613916309,,8,9,0.2815533980582524,38
326,-8.010471204188482,-57.5,1.0,251.11036631509953,,9,11,0.24834437086092714,54
327,-7.0680628272251305,-57.5,1.0,258.2663590437055,,11,10,0.26331360946745563,49
328,-6.12565445026178,-57.5,1.0,247.0019118978318,,10,12,0.2579787234042553,60
329,-5.183246073298429,-57.5,1.0,240.69150472880574,,9,9,0.2923728813559322,38
330,-4.2408376963350785,-57.5,1.0,229.79428871380355,,9,10,0.2574626865671642,42
331,-3.298429319371728,-57.5,1.0,228.15242125246743,,7,10,0.25961538461538464,38
332,-2.356020942408377,-57.5,1.0,160.80429208861923,,5,8,0.23636363636363636,22
333,-1.4136125654450262,-57.5,1.0,235.67504454780425,,7,7,0.26153846153846155,22
334,-0.4712041884816754,-57.5,1.0,219.33724339456884,,8,7,0.25,18
335,0.4712041884816754,-57.5,1.0,183.45072005192023,,9,5,0.29545454545454547,10
336,1.4136125654450262,-57.5,1.0,144.9439044070127,,7,2,0.40476190476190477,2
337,-13.664921465968591,-56.25,1.0,104.37685881402354,,1,3,0.0,5
338,-12.72251308900524,-56.25,1.0,38.97031856173999,,0,4,0.3333333333333333,8
339,-11.780104712041888,-56.25,1.0,131.9600290379433,,3,5,0.23333333333333334,12
340,-10.837696335078537,-56.25,1.0,150.92876431471677,,4,10,0.23076923076923078,43
341,-9.895287958115185,-56.25,1.0,134.09591258959364,,4,10,0.3,43
342,-8.952879581151834,-56.25,1.0,229.5815909688506,,8,7,0.27564102564102566,26
343,-8.010471204188482,-56.25,1.0,253.01565456152693,,8,10,0.2375,43
344,-7.0680628272251305,-56.25,1.0,253.30141043786745,,8,10,0.275,43
345,-6.12565445026178,-56.25,1.0,228.75592228035595,,9,9,0.2833333333333333,37
346,-5.183246073298429,-56.25,1.0,220.72673136432712,,9,9,0.2708333333333333,32
347,-4.2408376963350785,-56.25,1.0,195.1816430442225,,9,8,0.28095238095238095,25
348,-3.298429319371728,-56.25,1.0,189.49554942669175,,8,8,0.26373626373626374,19
349,-2.356020942408377,-56.25,1.0,148.96454625635067,,6,6,0.26666666666666666,12
350,-1.4136125654450262,-56.25,1.0,158.7292323862252,,7,5,0.25555555555555554,10
351,-0.4712041884816754,-56.25,1.0,146.58263568309457,,8,4,0.26666666666666666,7
352,0.4712041884816754,-56.25,1.0,133.991699884573,,8,4,0.28888888888888886,4
353,1.4136125654450262,-56.25,1.0,106.91168080993951,,7,0,0.40476190476190477,0
354,-14.607329842931941,-55.0,1.0,0.0,,0,1,0.0,1
355,-13.664921465968591,-55.0,1.0,20.61075922455952,,0,4,0.5833333333333334,11
356,-12.72251308900524,-55.0,1.0,148.71064206362715,,5,5,0.21428571428571427,16
357,-11.780104712041888,-55.0,1.0,157.72793895071726,,7,5,0.22727272727272727,15
358,-10.837696335078537,-55.0,1.0,123.18142437423265,,4,7,0.2777777777777778,25
359,-9.895287958115185,-55.0,1.0,122.01781701304148,,4,9,0.3,35
360,-8.952879581151834,-55.0,1.0,214.345210673618,,8,8,0.24725274725274726,29
361,-8.010471204188482,-55.0,1.0,238.9866167090955,,8,7,0.28205128205128205,24
362,-7.0680628272251305,-55.0,1.0,228.31639347888319,,9,7,0.2802197802197802,24
363,-6.12565445026178,-55.0,1.0,209.8280972370148,,9,6,0.32051282051282054,19
364,-5.183246073298429,-55.0,1.0,193.75622042059837,,10,6,0.3021978021978022,17
365,-4.2408376963350785,-55.0,1.0,165.72217353611725,,9,4,0.35454545454545455,9
366,-3.298429319371728,-55.0,1.0,140.77138005692763,,10,4,0.36363636363636365,8
367,-2.356020942408377,-55.0,1.0,76.21322194897107,,3,4,0.2857142857142857,2
368,-1.4136125654450262,-55.0,1.0,73.93778343114758,,6,2,0.4,2
369,-0.4712041884816754,-55.0,1.0,96.95555736944354,,4,1,0.5,1
370,0.4712041884816754,-55.0,1.0,89.99715884607468,,3,0,0.5,0
371,1.4136125654450262,-55.0,1.0,76.60334197752518,,3,0,0.5,0
372,2.356020942408377,-55.0,1.0,69.66790746053132,,0,0,0.0,0
373,-14.607329842931941,-53.75,1.0,0.0,,0,1,0.0,1
374,-13.664921465968591,-53.75,1.0,0.0,,0,3,0.5,6
375,-12.72251308900524,-53.75,1.0,157.32064140560254,,7,5,0.2222222222222222,16
376,-11.780104712041888,-53.75,1.0,180.19648326254458,,9,6,0.21710526315789475,20
377,-10.837696335078537,-53.75,1.0,187.88344031282446,,9,5,0.23484848484848486,15
378,-9.895287958115185,-53.75,1.0,184.2095606897941,,8,7,0.23717948717948717,24
379,-8.952879581151834,-53.75,1.0,205.01946296153653,,9,6,0.25,18
380,-8.010471204188482,-53.75,1.0,211.27620041071754,,9,6,0.2564102564102564,17
381,-7.0680628272251305,-53.75,1.0,203.81082763409285,,10,5,0.2692307692307692,13
382,-6.12565445026178,-53.75,1.0,192.94732058066128,,10,5,0.3076923076923077,13
383,-5.183246073298429,-53.75,1.0,170.0429577093269,,10,4,0.3333333333333333,9
384,-4.2408376963350785,-53.75,1.0,147.24235629374965,,11,4,0.2948717948717949,9
385,-3.298429319371728,-53.75,1.0,116.84649457675665,,10,3,0.3090909090909091,4
386,-2.356020942408377,-53.75,1.0,98.5648370282349,,10,2,0.34444444444444444,2
387,-1.4136125654450262,-53.75,1.0,72.44959305488057,,6,0,0.3333333333333333,0
388,-0.4712041884816754,-53.75,1.0,59.42706355366156,,0,0,0.0,0
389,0.4712041884816754,-53.75,1.0,51.23357478889038,,0,0,0.0,0
390,1.4136125654450262,-53.75,1.0,45.754732335736115,,0,0,0.0,0
391,2.356020942408377,-53.75,1.0,41.90745035560177,,0,0,0.0,0
392,-13.664921465968591,-52.5,1.0,0.0,,0,3,0.6666666666666666,7
393,-12.72251308900524,-52.5,1.0,64.2353627897878,,1,5,0.5833333333333334,16
394,-11.780104712041888,-52.5,1.0,138.07458905726315,,5,5,0.3148148148148148,15
395,-10.837696335078537,-52.5,1.0,101.4152932132345,,2,6,0.3333333333333333,19
396,-9.895287958115185,-52.5,1.0,158.78951399211533,,6,5,0.2777777777777778,13
397,-8.952879581151834,-52.5,1.0,175.9885702355883,,8,5,0.22727272727272727,12
398,-8.010471204188482,-52.5,1.0,191.96284250102613,,8,4,0.26666666666666666,9
399,-7.0680628272251305,-52.5,1.0,203.0613313569255,,9,3,0.25555555555555554,5
400,-6.12565445026178,-52.5,1.0,159.99314971322067,,9,3,0.28888888888888886,6
401,-5.183246073298429,-52.5,1.0,161.75211184745015,,9,4,0.2545454545454545,9
402,-4.2408376963350785,-52.5,1.0,134.3488746515392,,10,3,0.2818181818181818,6
403,-3.298429319371728,-52.5,1.0,93.02536684339395,,5,3,0.2,4
404,-2.356020942408377,-52.5,1.0,74.30266490608541,,10,0,0.37777777777777777,0
405,-1.4136125654450262,-52.5,1.0,45.77360672966585,,6,0,0.36666666666666664,0
406,-0.4712041884816754,-52.5,1.0,35.6910482980412,,0,0,0.0,0
407,0.4712041884816754,-52.5,1.0,30.391587683959596,,0,0,0.0,0
408,-8.952879581151834,-51.25,1.0,144.66166846944571,,4,2,0.3333333333333333,3
409,-8.010471204188482,-51.25,1.0,146.4221631339727,,4,2,0.25,3
410,-7.0680628272251305,-51.25,1.0,173.74885670260636,,5,1,0.3333333333333333,1
411,-5.183246073298429,-51.25,1.0,157.5476380408231,,3,2,0.3333333333333333,3
412,-4.2408376963350785,-51.25,1.0,125.87989618569706,,4,3,0.15,4
413,-3.298429319371728,-51.25,1.0,96.45937915011555,,7,1,0.26666666666666666,1
414,-2.356020942408377,-51.25,1.0,60.59796518676672,,2,0,0.0,0
415,-3.298429319371728,-50.0,1.0,70.0615738978735,,1,0,0.0,0
0,-6.12565445026178,-78.75,1.14,0.0,,0,2,0.5,3
1,-5.183246073298429,-78.75,1.14,17.47187404009806,,0,3,0.5,6
2,-4.2408376963350785,-78.75,1.14,78.50461334421162,,6,4,0.32142857142857145,9
3,-3.298429319371728,-78.75,1.14,49.576351608490086,,2,6,0.3333333333333333,20
4,-2.356020942408377,-78.75,1.14,23.71651615571604,,0,4,0.5,10
5,-1.4136125654450262,-78.75,1.14,8.90634125901358,,0,5,0.4,13
6,-8.952879581151834,-77.5,1.14,2.67221007123084,,0,33,0.16666666666666666,209
7,-8.010471204188482,-77.5,1.14,59.684914028815896,,4,15,0.34191176470588236,78
8,-7.0680628272251305,-77.5,1.14,66.07709509463733,,6,12,0.35833333333333334,52
9,-6.12565445026178,-77.5,1.14,80.20560330359454,,7,12,0.34558823529411764,53
10,-5.183246073298429,-77.5,1.14,116.74002074099201,,9,9,0.3333333333333333,34
11,-4.2408376963350785,-77.5,1.14,146.29466078112267,,14,7,0.260233918128655,24
12,-3.298429319371728,-77.5,1.14,149.67877833827927,,13,7,0.24836601307189543,24
13,-2.356020942408377,-77.5,1.14,114.36800035021052,,5,5,0.3392857142857143,14
14,-1.4136125654450262,-77.5,1.14,201.750036274162,,6,8,0.24242424242424243,32
15,-0.4712041884816754,-77.5,1.14,186.5221188448485,,3,10,0.2909090909090909,43
16,0.4712041884816754,-77.5,1.14,170.9886227666285,,2,8,0.3392857142857143,28
17,-10.837696335078537,-76.25,1.14,0.0,,0,32,0.1844758064516129,215
18,-9.895287958115185,-76.25,1.14,14.80931568133248,,0,30,0.1850574712643678,191
19,-8.952879581151834,-76.25,1.14,185.7569285213277,,6,37,0.174390243902439,222
20,-8.010471204188482,-76.25,1.14,123.78337173085166,,8,11,0.35294117647058826,40
21,-7.0680628272251305,-76.25,1.14,138.52393724786378,,11,4,0.3717948717948718,9
22,-6.12565445026178,-76.25,1.14,145.85188057926953,,16,5,0.30701754385964913,12
23,-5.183246073298429,-76.25,1.14,160.76191909074302,,20,7,0.27666666666666667,23
24,-4.2408376963350785,-76.25,1.14,119.33332855455822,,17,6,0.31666666666666665,17
25,-3.298429319371728,-76.25,1.14,129.9169522745671,,17,5,0.32105263157894737,12
26,-2.356020942408377,-76.25,1.14,145.73984915541993,,14,6,0.25163398692810457,17
27,-1.4136125654450262,-76.25,1.14,175.75759342839746,,13,5,0.20416666666666666,13
28,-0.4712041884816754,-76.25,1.14,223.60584254891182,,10,6,0.23076923076923078,19
29,0.4712041884816754,-76.25,1.14,240.60274531159553,,6,5,0.3472222222222222,13
30,1.4136125654450262,-76.25,1.14,151.9860144790257,,4,3,0.35,5
31,-13.664921465968591,-75.0,1.14,0.0,,0,0,0.0,0
32,-12.72251308900524,-75.0,1.14,0.0,,0,11,0.34545454545454546,49
33,-11.780104712041888,-75.0,1.14,31.784217278364558,,0,28,0.20502645502645503,183
34,-10.837696335078537,-75.0,1.14,219.06417018560515,,5,36,0.1659919028340081,234
35,-9.895287958115185,-75.0,1.14,223.4029980431243,,13,21,0.2590725806451613,97
36,-8.952879581151834,-75.0,1.14,169.64115706255757,,17,6,0.27380952380952384,18
37,-8.010471204188482,-75.0,1.14,146.14609071321678,,18,6,0.2987012987012987,16
38,-7.0680628272251305,-75.0,1.14,130.4684351885291,,18,5,0.3,12
39,-6.12565445026178,-75.0,1.14,126.12307167980312,,23,4,0.2783333333333333,9
40,-5.183246073298429,-75.0,1.14,134.07840285967367,,26,6,0.2620689655172414,18
41,-4.2408376963350785,-75.0,1.14,137.00019039650925,,18,5,0.27380952380952384,13
42,-3.298429319371728,-75.0,1.14,164.94188194193546,,19,5,0.2619047619047619,13
43,-2.356020942408377,-75.0,1.14,172.4516906032688,,13,5,0.2916666666666667,13
44,-1.4136125654450262,-75.0,1.14,175.40770358634558,,7,5,0.23333333333333334,13
45,-0.4712041884816754,-75.0,1.14,184.11334254444998,,8,5,0.23636363636363636,13
46,0.4712041884816754,-75.0,1.14,154.56157357498935,,8,4,0.32222222222222224,9
47,1.4136125654450262,-75.0,1.14,153.33886533662883,,7,2,0.42857142857142855,3
48,2.356020942408377,-75.0,1.14,101.61449343195841,,3,1,0.5,1
49,-14.607329842931941,-73.75,1.14,0.1566514143210609,,0,0,0.0,0
50,-13.664921465968591,-73.75,1.14,0.0,,0,5,0.45,13
51,-12.72251308900524,-73.75,1.14,49.52211897180583,,2,23,0.24333333333333335,145
52,-11.780104712041888,-73.75,1.14,106.64323510805016,,6,27,0.2032258064516129,155
53,-10.837696335078537,-73.75,1.14,167.85757239427485,,15,10,0.2707509881422925,37
54,-9.895287958115185,-73.75,1.14,171.61576197936725,,21,5,0.24456521739130435,14
55,-8.952879581151834,-73.75,1.14,152.91067386466284,,20,6,0.28442028985507245,16
56,-8.010471204188482,-73.75,1.14,142.60914596422418,,24,5,0.24786324786324787,12
57,-7.0680628272251305,-73.75,1.14,134.79461644719078,,24,6,0.24867724867724866,18
58,-6.12565445026178,-73.75,1.14,133.66946779402323,,22,6,0.26,18
59,-5.183246073298429,-73.75,1.14,145.26137309293247,,19,6,0.26877470355731226,17
60,-4.2408376963350785,-73.75,1.14,161.3026418407518,,19,5,0.2532467532467532,13
61,-3.298429319371728,-73.75,1.14,180.65513291650745,,16,4,0.28431372549019607,9
62,-2.356020942408377,-73.75,1.14,197.99105266279585,,13,5,0.21666666666666667,13
63,-1.4136125654450262,-73.75,1.14,153.84588855750138,,6,6,0.2,17
64,-0.4712041884816754,-73.75,1.14,162.37946447137796,,5,5,0.21428571428571427,13
65,0.4712041884816754,-73.75,1.14,188.29100127282044,,6,4,0.21428571428571427,8
66,1.4136125654450262,-73.75,1.14,191.80643593139976,,10,1,0.3611111111111111,1
67,-14.607329842931941,-72.5,1.14,0.0,,0,3,0.5,6
68,-13.664921465968591,-72.5,1.14,0.0,,0,24,0.24818840579710144,160
69,-12.72251308900524,-72.5,1.14,17.45721501158529,,0,24,0.19384057971014493,131
70,-11.780104712041888,-72.5,1.14,184.2732101487694,,11,9,0.3366013071895425,40
71,-10.837696335078537,-72.5,1.14,180.5547115470844,,18,7,0.28063241106719367,24
72,-9.895287958115185,-72.5,1.14,159.93564367240606,,20,7,0.2633333333333333,22
73,-8.952879581151834,-72.5,1.14,150.16583958868097,,17,5,0.26052631578947366,12
74,-8.010471204188482,-72.5,1.14,145.94734047091276,,11,6,0.24761904761904763,18
75,-7.0680628272251305,-72.5,1.14,148.85213055431794,,7,5,0.25555555555555554,12
76,-6.12565445026178,-72.5,1.14,153.76223387462267,,9,6,0.21794871794871795,17
77,-5.183246073298429,-72.5,1.14,174.2106481102353,,11,5,0.23626373626373626,13
78,-4.2408376963350785,-72.5,1.14,177.32780520723685,,12,6,0.21666666666666667,17
79,-3.298429319371728,-72.5,1.14,194.18299112976229,,8,6,0.22727272727272727,17
80,-2.356020942408377,-72.5,1.14,202.39767874436296,,7,7,0.20454545454545456,24
81,-1.4136125654450262,-72.5,1.14,164.23971645990267,,4,6,0.25,17
82,-0.4712041884816754,-72.5,1.14,167.39837588065845,,5,5,0.23214285714285715,13
83,0.4712041884816754,-72.5,1.14,162.02931806568986,,5,4,0.21428571428571427,9
84,1.4136125654450262,-72.5,1.14,152.28217924736853,,4,2,0.3333333333333333,3
85,-14.607329842931941,-71.25,1.14,0.0,,0,26,0.2076923076923077,161
86,-13.664921465968591,-71.25,1.14,0.0,,0,35,0.15294117647058825,217
87,-12.72251308900524,-71.25,1.14,232.7509966278599,,7,23,0.2328042328042328,126
88,-11.780104712041888,-71.25,1.14,225.95191462764905,,16,8,0.2813852813852814,31
89,-10.837696335078537,-71.25,1.14,157.35303231286687,,16,7,0.2714285714285714,24
90,-9.895287958115185,-71.25,1.14,146.4876848432319,,14,6,0.24836601307189543,17
91,-8.952879581151834,-71.25,1.14,153.08698851401212,,7,5,0.17777777777777778,12
92,-8.010471204188482,-71.25,1.14,145.51420460914107,,5,6,0.2222222222222222,18
93,-7.0680628272251305,-71.25,1.14,179.02267156267706,,5,6,0.20833333333333334,18
94,-6.12565445026178,-71.25,1.14,184.48716241369448,,6,6,0.2,17
95,-5.183246073298429,-71.25,1.14,168.4396981595086,,5,6,0.19444444444444445,17
96,-4.2408376963350785,-71.25,1.14,194.31008130255307,,5,5,0.25,13
97,-3.298429319371728,-71.25,1.14,190.70631596259764,,5,5,0.23214285714285715,13
98,-2.356020942408377,-71.25,1.14,182.37499510737868,,5,7,0.2222222222222222,23
99,-1.4136125654450262,-71.25,1.14,164.26933130487564,,5,7,0.26666666666666666,25
100,-0.4712041884816754,-71.25,1.14,181.07038973755556,,6,7,0.21818181818181817,22
101,0.4712041884816754,-71.25,1.14,177.37833578836936,,5,6,0.20833333333333334,17
102,1.4136125654450262,-71.25,1.14,121.54465251702446,,4,3,0.2,6
103,-13.664921465968591,-70.0,1.14,64.81865144106449,,0,19,0.26900584795321636,111
104,-12.72251308900524,-70.0,1.14,253.53442285519574,,10,9,0.34558823529411764,38
105,-11.780104712041888,-70.0,1.14,161.4262639799187,,13,6,0.29411764705882354,17
106,-10.837696335078537,-70.0,1.14,141.9604066770375,,8,4,0.2111111111111111,10
107,-9.895287958115185,-70.0,1.14,148.29033810625845,,5,4,0.19047619047619047,10
108,-8.952879581151834,-70.0,1.14,168.61681418011668,,4,6,0.19642857142857142,18
109,-8.010471204188482,-70.0,1.14,151.79669375113673,,5,6,0.2222222222222222,18
110,-7.0680628272251305,-70.0,1.14,170.60448519329833,,5,6,0.2361111111111111,18
111,-6.12565445026178,-70.0,1.14,186.7116866655523,,6,5,0.25,13
112,-5.183246073298429,-70.0,1.14,183.65432066577588,,6,6,0.2222222222222222,17
113,-4.2408376963350785,-70.0,1.14,180.97624026076934,,5,5,0.25,13
114,-3.298429319371728,-70.0,1.14,188.84477226313737,,6,5,0.19444444444444445,13
115,-2.356020942408377,-70.0,1.14,175.1269450589569,,5,6,0.20833333333333334,18
116,-1.4136125654450262,-70.0,1.14,179.470857076939,,5,7,0.24444444444444444,23
117,-0.4712041884816754,-70.0,1.14,217.23314849955952,,7,8,0.21794871794871795,28
118,0.4712041884816754,-70.0,1.14,211.3569110263,,6,8,0.21212121212121213,28
119,1.4136125654450262,-70.0,1.14,187.12130370696013,,5,6,0.25,20
120,-15.549738219895294,-68.75,1.14,0.0,,0,16,0.29583333333333334,87
121,-14.607329842931941,-68.75,1.14,30.460678366532782,,0,9,0.4027777777777778,38
122,-13.664921465968591,-68.75,1.14,234.06396288509833,,7,10,0.36666666666666664,46
123,-12.72251308900524,-68.75,1.14,174.9453778173736,,10,5,0.23076923076923078,14
124,-11.780104712041888,-68.75,1.14,147.15152011797946,,0,2,0.5,3
125,-10.837696335078537,-68.75,1.14,153.43052113626644,,1,4,0.16666666666666666,8
126,-9.895287958115185,-68.75,1.14,160.18132322464675,,3,4,0.1,9
127,-8.952879581151834,-68.75,1.14,165.27657334083676,,3,6,0.2619047619047619,18
128,-8.010471204188482,-68.75,1.14,181.67538828043382,,5,6,0.2222222222222222,18
129,-7.0680628272251305,-68.75,1.14,186.67304105295406,,6,6,0.2222222222222222,17
130,-6.12565445026178,-68.75,1.14,192.77358816505074,,6,6,0.2111111111111111,17
131,-5.183246073298429,-68.75,1.14,199.84861153663797,,7,6,0.19090909090909092,17
132,-4.2408376963350785,-68.75,1.14,210.97863663613103,,6,9,0.21153846153846154,38
133,-3.298429319371728,-68.75,1.14,204.26234842741695,,6,9,0.21794871794871795,37
134,-2.356020942408377,-68.75,1.14,198.98641931085464,,5,8,0.2545454545454545,31
135,-1.4136125654450262,-68.75,1.14,208.8529751104714,,5,8,0.2636363636363636,31
136,-0.4712041884816754,-68.75,1.14,236.43043237861832,,7,9,0.24725274725274726,40
137,0.4712041884816754,-68.75,1.14,250.86959495179084,,8,9,0.23809523809523808,41
138,1.4136125654450262,-68.75,1.14,254.61039580594908,,6,10,0.24725274725274726,46
139,2.356020942408377,-68.75,1.14,261.49786240723506,,5,5,0.2857142857142857,15
140,-16.492146596858646,-67.5,1.14,0.0,,0,10,0.36666666666666664,42
141,-15.549738219895294,-67.5,1.14,120.11089136860123,,2,13,0.3141025641025641,64
142,-14.607329842931941,-67.5,1.14,111.07956493391723,,3,1,0.3333333333333333,1
143,-13.664921465968591,-67.5,1.14,86.78963053003791,,0,1,0.0,1
144,-12.72251308900524,-67.5,1.14,70.66418652765272,,0,1,0.0,1
145,-11.780104712041888,-67.5,1.14,154.46285728348687,,2,3,0.0,5
146,-10.837696335078537,-67.5,1.14,165.4425695855981,,2,3,0.16666666666666666,6
147,-9.895287958115185,-67.5,1.14,126.7984066147999,,2,4,0.25,9
148,-8.952879581151834,-67.5,1.14,178.66951061515817,,5,5,0.16071428571428573,12
149,-8.010471204188482,-67.5,1.14,189.53848615585275,,5,6,0.19444444444444445,17
150,-7.0680628272251305,-67.5,1.14,196.0425900892807,,6,7,0.20909090909090908,24
151,-6.12565445026178,-67.5,1.14,191.93078414567782,,6,7,0.22727272727272727,24
152,-5.183246073298429,-67.5,1.14,191.3079301859951,,5,8,0.2727272727272727,33
153,-4.2408376963350785,-67.5,1.14,192.59346037254787,,6,9,0.23717948717948717,37
154,-3.298429319371728,-67.5,1.14,187.56212077382892,,6,9,0.2564102564102564,37
155,-2.356020942408377,-67.5,1.14,214.96801861822433,,6,10,0.25824175824175827,45
156,-1.4136125654450262,-67.5,1.14,229.41690929122808,,5,9,0.2803030303030303,37
157,-0.4712041884816754,-67.5,1.14,239.99543531482294,,6,12,0.26666666666666666,65
158,0.4712041884816754,-67.5,1.14,262.85218152036083,,6,10,0.3076923076923077,48
159,1.4136125654450262,-67.5,1.14,308.2659157951876,,6,9,0.28205128205128205,36
160,2.356020942408377,-67.5,1.14,375.5285391427871,,5,5,0.39285714285714285,14
161,-18.376963350785346,-66.25,1.14,0.0,,0,0,0.0,0
162,-17.434554973821996,-66.25,1.14,0.0,,0,1,0.0,1
163,-16.492146596858646,-66.25,1.14,56.9979026891648,,0,10,0.14444444444444443,20
164,-15.549738219895294,-66.25,1.14,164.2392511004375,,4,2,0.08333333333333333,2
165,-14.607329842931941,-66.25,1.14,137.6304880140076,,2,0,0.5,0
166,-13.664921465968591,-66.25,1.14,20.97789934599951,,0,0,0.0,0
167,-12.72251308900524,-66.25,1.14,0.0,,0,1,0.0,1
168,-11.780104712041888,-66.25,1.14,111.2232262234797,,2,3,0.16666666666666666,6
169,-10.837696335078537,-66.25,1.14,142.33052632511007,,2,3,0.3333333333333333,6
170,-9.895287958115185,-66.25,1.14,154.9896365728508,,3,4,0.2,9
171,-8.952879581151834,-66.25,1.14,170.59484214585154,,5,4,0.16666666666666666,9
172,-8.010471204188482,-66.25,1.14,183.25029382712415,,5,5,0.16071428571428573,13
173,-7.0680628272251305,-66.25,1.14,192.98306253682725,,4,7,0.2638888888888889,24
174,-6.12565445026178,-66.25,1.14,200.58216943645428,,5,8,0.2636363636363636,30
175,-5.183246073298429,-66.25,1.14,181.6670349146692,,6,8,0.25757575757575757,32
176,-4.2408376963350785,-66.25,1.14,180.03234773844304,,6,9,0.2564102564102564,36
177,-3.298429319371728,-66.25,1.14,193.21499280017179,,7,9,0.26373626373626374,37
178,-2.356020942408377,-66.25,1.14,208.69236243368888,,7,9,0.27472527472527475,36
179,-1.4136125654450262,-66.25,1.14,233.35282133989867,,8,9,0.23333333333333334,34
180,-0.4712041884816754,-66.25,1.14,239.6002272984308,,7,10,0.2619047619047619,45
181,0.4712041884816754,-66.25,1.14,246.58802197459923,,7,9,0.3241758241758242,39
182,1.4136125654450262,-66.25,1.14,199.72795633634107,,6,8,0.3106060606060606,27
183,2.356020942408377,-66.25,1.14,323.0751640991516,,7,4,0.375,9
184,-18.376963350785346,-65.0,1.14,0.0,,0,0,0.0,0
185,-17.434554973821996,-65.0,1.14,38.77030843028567,,0,2,0.0,1
186,-16.492146596858646,-65.0,1.14,136.62928575030708,,2,1,0.0,0
187,-15.549738219895294,-65.0,1.14,157.34711398466456,,1,0,0.0,0
188,-14.607329842931941,-65.0,1.14,77.81730163783732,,0,0,0.0,0
189,-13.664921465968591,-65.0,1.14,21.717375927854217,,0,0,0.0,0
190,-12.72251308900524,-65.0,1.14,4.022236985135999,,0,2,0.5,3
191,-11.780104712041888,-65.0,1.14,127.30308473736939,,2,2,0.5,3
192,-10.837696335078537,-65.0,1.14,152.59924324663783,,3,3,0.16666666666666666,6
193,-9.895287958115185,-65.0,1.14,152.1988277270452,,2,2,0.5,3
194,-8.952879581151834,-65.0,1.14,168.54318181150634,,5,3,0.13333333333333333,6
195,-8.010471204188482,-65.0,1.14,179.41294183073856,,4,4,0.2,9
196,-7.0680628272251305,-65.0,1.14,198.0664798922747,,4,7,0.25,24
197,-6.12565445026178,-65.0,1.14,205.228922369696,,6,7,0.24545454545454545,23
198,-5.183246073298429,-65.0,1.14,201.57948046787206,,7,7,0.25757575757575757,23
199,-4.2408376963350785,-65.0,1.14,197.3516868816265,,8,6,0.2803030303030303,18
200,-3.298429319371728,-65.0,1.14,189.36711866655602,,9,6,0.27564102564102566,19
201,-2.356020942408377,-65.0,1.14,211.505525273534,,9,9,0.24166666666666667,34
202,-1.4136125654450262,-65.0,1.14,224.2513838935823,,9,7,0.2692307692307692,23
203,-0.4712041884816754,-65.0,1.14,228.03468952355752,,9,7,0.25824175824175827,25
204,0.4712041884816754,-65.0,1.14,247.45515902654228,,9,8,0.29523809523809524,30
205,1.4136125654450262,-65.0,1.14,242.35283438982762,,11,5,0.2967032967032967,13
206,-20.261780104712045,-63.75,1.14,196.07378403845638,,0,1,0.0,0
207,-19.319371727748695,-63.75,1.14,44.050912750869124,,0,1,0.0,0
208,-18.376963350785346,-63.75,1.14,78.56180426636712,,2,0,0.0,0
209,-17.434554973821996,-63.75,1.14,40.53460400262219,,0,0,0.0,0
210,-16.492146596858646,-63.75,1.14,104.73342370128948,,0,0,0.0,0
211,-15.549738219895294,-63.75,1.14,104.18476492221131,,0,1,0.0,1
212,-14.607329842931941,-63.75,1.14,147.21908530307914,,2,1,0.0,1
213,-13.664921465968591,-63.75,1.14,86.66822256706016,,0,1,0.0,1
214,-12.72251308900524,-63.75,1.14,98.16093918199574,,2,2,0.0,3
215,-11.780104712041888,-63.75,1.14,135.38819774760256,,2,2,0.0,3
216,-10.837696335078537,-63.75,1.14,155.94077198345875,,2,2,0.0,3
217,-9.895287958115185,-63.75,1.14,156.6206301554751,,2,3,0.16666666666666666,6
218,-8.952879581151834,-63.75,1.14,130.9007005544806,,2,4,0.25,9
219,-8.010471204188482,-63.75,1.14,177.83439982868484,,4,5,0.16666666666666666,13
220,-7.0680628272251305,-63.75,1.14,199.24350765090793,,4,7,0.2361111111111111,23
221,-6.12565445026178,-63.75,1.14,198.97922239555385,,5,5,0.30357142857142855,13
222,-5.183246073298429,-63.75,1.14,202.90468494284784,,7,6,0.24545454545454545,18
223,-4.2408376963350785,-63.75,1.14,192.68336248094613,,8,5,0.2727272727272727,13
224,-3.298429319371728,-63.75,1.14,189.83722457752825,,10,5,0.26282051282051283,13
225,-2.356020942408377,-63.75,1.14,206.5359793099331,,9,5,0.2878787878787879,13
226,-1.4136125654450262,-63.75,1.14,227.795903314083,,9,8,0.24285714285714285,29
227,-0.4712041884816754,-63.75,1.14,192.33445224240012,,9,7,0.25274725274725274,24
228,0.4712041884816754,-63.75,1.14,169.5004273315877,,9,6,0.30128205128205127,19
229,1.4136125654450262,-63.75,1.14,189.21541977727958,,12,4,0.32967032967032966,10
230,3.298429319371728,-63.75,1.14,185.7596377801203,,7,2,0.42857142857142855,3
231,-19.319371727748695,-62.5,1.14,0.0,,0,0,0.0,0
232,-18.376963350785346,-62.5,1.14,0.0,,0,0,0.0,0
233,-17.434554973821996,-62.5,1.14,0.0,,0,0,0.0,0
234,-16.492146596858646,-62.5,1.14,74.1448624635365,,0,0,0.0,0
235,-15.549738219895294,-62.5,1.14,121.95701176577884,,1,1,0.0,1
236,-14.607329842931941,-62.5,1.14,124.00185224867167,,1,2,0.0,3
237,-13.664921465968591,-62.5,1.14,137.1102708310103,,2,2,0.0,3
238,-12.72251308900524,-62.5,1.14,117.69830180882859,,2,1,0.0,1
239,-11.780104712041888,-62.5,1.14,94.13626458842373,,1,1,0.0,1
240,-10.837696335078537,-62.5,1.14,75.00572418186209,,0,4,0.4166666666666667,9
241,-9.895287958115185,-62.5,1.14,156.0929596751395,,2,5,0.35,13
242,-8.952879581151834,-62.5,1.14,154.74968949274802,,5,4,0.19047619047619047,9
243,-8.010471204188482,-62.5,1.14,170.55181442011133,,4,5,0.19047619047619047,13
244,-7.0680628272251305,-62.5,1.14,197.76911108446478,,4,5,0.2619047619047619,14
245,-6.12565445026178,-62.5,1.14,194.97083884173662,,6,5,0.2361111111111111,13
246,-5.183246073298429,-62.5,1.14,195.5651711557023,,7,5,0.23333333333333334,13
247,-4.2408376963350785,-62.5,1.14,199.68210740382307,,7,5,0.24444444444444444,13
248,-3.298429319371728,-62.5,1.14,185.0134972504248,,8,5,0.23636363636363636,13
249,-2.356020942408377,-62.5,1.14,202.14144263517554,,9,6,0.21794871794871795,18
250,-1.4136125654450262,-62.5,1.14,223.5439661693453,,8,6,0.26515151515151514,19
251,-0.4712041884816754,-62.5,1.14,219.3810947637677,,9,6,0.2692307692307692,19
252,0.4712041884816754,-62.5,1.14,133.54873843133612,,5,7,0.25555555555555554,21
253,1.4136125654450262,-62.5,1.14,192.96556122357137,,10,4,0.3409090909090909,9
254,2.356020942408377,-62.5,1.14,191.55012664441884,,14,3,0.2761904761904762,5
255,3.298429319371728,-62.5,1.14,140.48591681050388,,10,1,0.375,1
256,-18.376963350785346,-61.25,1.14,0.0,,0,0,0.0,0
257,-17.434554973821996,-61.25,1.14,0.0,,0,0,0.0,0
258,-16.492146596858646,-61.25,1.14,53.155119217764344,,0,0,0.0,0
259,-15.549738219895294,-61.25,1.14,53.090797081826125,,0,0,0.0,0
260,-14.607329842931941,-61.25,1.14,78.25731504955233,,1,2,0.0,3
261,-13.664921465968591,-61.25,1.14,126.17785111976848,,2,1,0.0,1
262,-12.72251308900524,-61.25,1.14,62.05742145446494,,0,0,0.0,0
263,-11.780104712041888,-61.25,1.14,115.98410074711796,,1,3,0.5,6
264,-10.837696335078537,-61.25,1.14,165.68217328557404,,2,6,0.23333333333333334,17
265,-9.895287958115185,-61.25,1.14,178.1641225449289,,4,4,0.26666666666666666,9
266,-8.952879581151834,-61.25,1.14,184.58994773532527,,6,3,0.23809523809523808,5
267,-8.010471204188482,-61.25,1.14,204.47728208346985,,5,4,0.19047619047619047,9
268,-7.0680628272251305,-61.25,1.14,214.26826197987276,,5,5,0.24074074074074073,15
269,-6.12565445026178,-61.25,1.14,216.20719353085914,,5,6,0.22857142857142856,18
270,-5.183246073298429,-61.25,1.14,219.17970780863868,,6,6,0.2111111111111111,18
271,-4.2408376963350785,-61.25,1.14,209.98106811228445,,5,6,0.2222222222222222,18
272,-3.298429319371728,-61.25,1.14,217.88404129541416,,6,5,0.20833333333333334,13
273,-2.356020942408377,-61.25,1.14,189.01694403114948,,5,6,0.2361111111111111,19
274,-1.4136125654450262,-61.25,1.14,250.75359876349813,,6,9,0.20512820512820512,34
275,-0.4712041884816754,-61.25,1.14,251.9379471029355,,7,7,0.23484848484848486,21
276,0.4712041884816754,-61.25,1.14,215.28748736175024,,8,5,0.2636363636363636,12
277,1.4136125654450262,-61.25,1.14,160.9236327823486,,9,4,0.2727272727272727,7
278,2.356020942408377,-61.25,1.14,135.2797493279004,,14,1,0.32051282051282054,1
279,3.298429319371728,-61.25,1.14,16.208780035957957,,0,0,0.0,0
280,4.2408376963350785,-61.25,1.14,8.40937706146847,,0,0,0.0,0
281,-15.549738219895294,-60.0,1.14,0.0,,0,0,0.0,0
282,-14.607329842931941,-60.0,1.14,35.8853943166428,,0,0,0.0,0
283,-13.664921465968591,-60.0,1.14,73.09613574654274,,1,2,0.0,3
284,-12.72251308900524,-60.0,1.14,129.02443392025594,,2,2,0.0,3
285,-11.780104712041888,-60.0,1.14,169.94559746803733,,2,4,0.08333333333333333,8
286,-10.837696335078537,-60.0,1.14,170.09936900368757,,4,3,0.15,6
287,-9.895287958115185,-60.0,1.14,182.541483519552,,4,4,0.23333333333333334,9
288,-8.952879581151834,-60.0,1.14,206.58997022847893,,6,5,0.19444444444444445,15
289,-8.010471204188482,-60.0,1.14,,,0,6,0.4,18
290,-7.0680628272251305,-60.0,1.14,238.2948035138241,,6,7,0.25,28
291,-6.12565445026178,-60.0,1.14,244.0568483779343,,6,8,0.25,34
292,-5.183246073298429,-60.0,1.14,242.79747522907817,,5,8,0.24074074074074073,31
293,-4.2408376963350785,-60.0,1.14,241.47044305769148,,5,7,0.24444444444444444,24
294,-3.298429319371728,-60.0,1.14,249.82191091506868,,5,7,0.2111111111111111,22
295,-2.356020942408377,-60.0,1.14,251.11970032406867,,5,6,0.2361111111111111,19
296,-1.4136125654450262,-60.0,1.14,251.43450401225502,,5,9,0.23484848484848486,34
297,-0.4712041884816754,-60.0,1.14,271.45538569885366,,6,8,0.24242424242424243,28
298,0.4712041884816754,-60.0,1.14,209.84199278235934,,8,4,0.25555555555555554,8
299,1.4136125654450262,-60.0,1.14,162.3861957726158,,8,2,0.30357142857142855,2
300,2.356020942408377,-60.0,1.14,118.36564214288106,,4,0,0.5,0
301,3.298429319371728,-60.0,1.14,29.099908532387857,,0,0,0.0,0
302,4.2408376963350785,-60.0,1.14,23.977993838910585,,0,0,0.0,0
303,5.183246073298429,-60.0,1.14,59.91550323984641,,0,0,0.0,0
304,-13.664921465968591,-58.75,1.14,0.0,,0,0,0.0,0
305,-12.72251308900524,-58.75,1.14,45.6616912248618,,0,2,0.5,3
306,-11.780104712041888,-58.75,1.14,177.64248971529852,,4,3,0.2,6
307,-10.837696335078537,-58.75,1.14,162.08798402432558,,3,4,0.3,11
308,-9.895287958115185,-58.75,1.14,192.93242153914474,,6,4,0.18518518518518517,10
309,-8.952879581151834,-58.75,1.14,211.50425096651114,,5,6,0.22857142857142856,20
310,-8.010471204188482,-58.75,1.14,235.79099611777724,,5,6,0.3088235294117647,21
311,-7.0680628272251305,-58.75,1.14,249.4926463103333,,7,8,0.21710526315789475,31
312,-6.12565445026178,-58.75,1.14,257.67558000212097,,6,9,0.27631578947368424,40
313,-5.183246073298429,-58.75,1.14,255.45758155650324,,6,10,0.2303370786516854,42
314,-4.2408376963350785,-58.75,1.14,241.5889532139618,,5,10,0.23376623376623376,41
315,-3.298429319371728,-58.75,1.14,261.80178196345406,,5,7,0.24444444444444444,21
316,-2.356020942408377,-58.75,1.14,261.5940566855758,,5,6,0.2361111111111111,17
317,-1.4136125654450262,-58.75,1.14,274.76934519459576,,7,6,0.24545454545454545,18
318,-0.4712041884816754,-58.75,1.14,267.59958573288424,,5,7,0.28888888888888886,21
319,0.4712041884816754,-58.75,1.14,212.39575780616207,,7,4,0.2916666666666667,9
320,-13.664921465968591,-57.5,1.14,63.95863695731479,,0,2,0.5,3
321,-12.72251308900524,-57.5,1.14,177.24698146824088,,3,2,0.16666666666666666,3
322,-11.780104712041888,-57.5,1.14,183.5445989047351,,4,4,0.13333333333333333,9
323,-10.837696335078537,-57.5,1.14,172.13503130578266,,4,5,0.21428571428571427,13
324,-9.895287958115185,-57.5,1.14,201.71423290976807,,4,5,0.25,13
325,-8.952879581151834,-57.5,1.14,222.49000613916309,,5,6,0.21428571428571427,18
326,-8.010471204188482,-57.5,1.14,251.11036631509953,,6,8,0.25,31
327,-7.0680628272251305,-57.5,1.14,258.2663590437055,,9,8,0.23786407766990292,31
328,-6.12565445026178,-57.5,1.14,247.0019118978318,,9,9,0.25,37
329,-5.183246073298429,-57.5,1.14,240.69150472880574,,8,8,0.2696629213483146,31
330,-4.2408376963350785,-57.5,1.14,229.79428871380355,,7,9,0.22777777777777777,32
331,-3.298429319371728,-57.5,1.14,228.15242125246743,,7,6,0.2545454545454545,17
332,-2.356020942408377,-57.5,1.14,160.80429208861923,,4,7,0.19444444444444445,17
333,-1.4136125654450262,-57.5,1.14,235.67504454780425,,7,5,0.23333333333333334,13
334,-0.4712041884816754,-57.5,1.14,219.33724339456884,,7,5,0.26666666666666666,12
335,0.4712041884816754,-57.5,1.14,183.45072005192023,,7,4,0.2916666666666667,8
336,1.4136125654450262,-57.5,1.14,144.9439044070127,,6,2,0.3333333333333333,2
337,-13.664921465968591,-56.25,1.14,104.37685881402354,,1,2,0.0,3
338,-12.72251308900524,-56.25,1.14,38.97031856173999,,0,2,0.5,3
339,-11.780104712041888,-56.25,1.14,131.9600290379433,,2,3,0.16666666666666666,5
340,-10.837696335078537,-56.25,1.14,150.92876431471677,,4,2,0.16666666666666666,3
341,-9.895287958115185,-56.25,1.14,134.09591258959364,,4,5,0.16666666666666666,13
342,-8.952879581151834,-56.25,1.14,229.5815909688506,,4,7,0.2222222222222222,24
343,-8.010471204188482,-56.25,1.14,253.01565456152693,,5,7,0.2777777777777778,25
344,-7.0680628272251305,-56.25,1.14,253.30141043786745,,7,8,0.22435897435897437,28
345,-6.12565445026178,-56.25,1.14,228.75592228035595,,7,7,0.2803030303030303,24
346,-5.183246073298429,-56.25,1.14,220.72673136432712,,8,6,0.2803030303030303,18
347,-4.2408376963350785,-56.25,1.14,195.1816430442225,,7,5,0.3,12
348,-3.298429319371728,-56.25,1.14,189.49554942669175,,6,5,0.3333333333333333,13
349,-2.356020942408377,-56.25,1.14,148.96454625635067,,6,5,0.20833333333333334,9
350,-1.4136125654450262,-56.25,1.14,158.7292323862252,,6,5,0.20833333333333334,10
351,-0.4712041884816754,-56.25,1.14,146.58263568309457,,7,4,0.20833333333333334,6
352,0.4712041884816754,-56.25,1.14,133.991699884573,,6,3,0.23809523809523808,3
353,1.4136125654450262,-56.25,1.14,106.91168080993951,,5,0,0.3,0
354,-14.607329842931941,-55.0,1.14,0.0,,0,0,0.0,0
355,-13.664921465968591,-55.0,1.14,20.61075922455952,,0,2,0.0,2
356,-12.72251308900524,-55.0,1.14,148.71064206362715,,3,3,0.16666666666666666,6
357,-11.780104712041888,-55.0,1.14,157.72793895071726,,5,4,0.14285714285714285,9
358,-10.837696335078537,-55.0,1.14,123.18142437423265,,2,5,0.3,14
359,-9.895287958115185,-55.0,1.14,122.01781701304148,,3,6,0.23809523809523808,17
360,-8.952879581151834,-55.0,1.14,214.345210673618,,4,7,0.2638888888888889,24
361,-8.010471204188482,-55.0,1.14,238.9866167090955,,5,7,0.25555555555555554,23
362,-7.0680628272251305,-55.0,1.14,228.31639347888319,,7,6,0.2636363636363636,18
363,-6.12565445026178,-55.0,1.14,209.8280972370148,,8,5,0.2818181818181818,13
364,-5.183246073298429,-55.0,1.14,193.75622042059837,,8,5,0.2909090909090909,13
365,-4.2408376963350785,-55.0,1.14,165.72217353611725,,7,4,0.2638888888888889,7
366,-3.298429319371728,-55.0,1.14,140.77138005692763,,7,4,0.3333333333333333,8
367,-2.356020942408377,-55.0,1.14,76.21322194897107,,1,3,0.25,1
368,-1.4136125654450262,-55.0,1.14,73.93778343114758,,3,2,0.5,2
369,-0.4712041884816754,-55.0,1.14,96.95555736944354,,4,1,0.5,1
370,0.4712041884816754,-55.0,1.14,89.99715884607468,,1,0,0.0,0
371,1.4136125654450262,-55.0,1.14,76.60334197752518,,1,0,0.0,0
372,2.356020942408377,-55.0,1.14,69.66790746053132,,0,0,0.0,0
373,-14.607329842931941,-53.75,1.14,0.0,,0,0,0.0,0
374,-13.664921465968591,-53.75,1.14,0.0,,0,3,0.3333333333333333,5
375,-12.72251308900524,-53.75,1.14,157.32064140560254,,5,5,0.16071428571428573,14
376,-11.780104712041888,-53.75,1.14,180.19648326254458,,8,4,0.16666666666666666,10
377,-10.837696335078537,-53.75,1.14,187.88344031282446,,6,5,0.2222222222222222,14
378,-9.895287958115185,-53.75,1.14,184.2095606897941,,5,5,0.25,13
379,-8.952879581151834,-53.75,1.14,205.01946296153653,,7,5,0.2222222222222222,13
380,-8.010471204188482,-53.75,1.14,211.27620041071754,,6,4,0.2857142857142857,9
381,-7.0680628272251305,-53.75,1.14,203.81082763409285,,8,4,0.26666666666666666,9
382,-6.12565445026178,-53.75,1.14,192.94732058066128,,7,4,0.3055555555555556,9
383,-5.183246073298429,-53.75,1.14,170.0429577093269,,7,4,0.2777777777777778,9
384,-4.2408376963350785,-53.75,1.14,147.24235629374965,,9,3,0.26666666666666666,4
385,-3.298429319371728,-53.75,1.14,116.84649457675665,,7,2,0.3333333333333333,2
386,-2.356020942408377,-53.75,1.14,98.5648370282349,,8,2,0.26785714285714285,2
387,-1.4136125654450262,-53.75,1.14,72.44959305488057,,5,0,0.25,0
388,-0.4712041884816754,-53.75,1.14,59.42706355366156,,0,0,0.0,0
389,0.4712041884816754,-53.75,1.14,51.23357478889038,,0,0,0.0,0
390,1.4136125654450262,-53.75,1.14,45.754732335736115,,0,0,0.0,0
391,2.356020942408377,-53.75,1.14,41.90745035560177,,0,0,0.0,0
392,-13.664921465968591,-52.5,1.14,0.0,,0,2,0.5,3
393,-12.72251308900524,-52.5,1.14,64.2353627897878,,0,3,0.5,6
394,-11.780104712041888,-52.5,1.14,138.07458905726315,,3,5,0.26666666666666666,13
395,-10.837696335078537,-52.5,1.14,101.4152932132345,,2,3,0.3333333333333333,6
396,-9.895287958115185,-52.5,1.14,158.78951399211533,,6,3,0.23809523809523808,6
397,-8.952879581151834,-52.5,1.14,175.9885702355883,,7,4,0.18055555555555555,9
398,-8.010471204188482,-52.5,1.14,191.96284250102613,,6,4,0.21428571428571427,9
399,-7.0680628272251305,-52.5,1.14,203.0613313569255,,7,3,0.25,5
400,-6.12565445026178,-52.5,1.14,159.99314971322067,,6,3,0.2619047619047619,6
401,-5.183246073298429,-52.5,1.14,161.75211184745015,,7,4,0.20833333333333334,9
402,-4.2408376963350785,-52.5,1.14,134.3488746515392,,7,3,0.19642857142857142,5
403,-3.298429319371728,-52.5,1.14,93.02536684339395,,2,2,0.08333333333333333,1
404,-2.356020942408377,-52.5,1.14,74.30266490608541,,6,0,0.4,0
405,-1.4136125654450262,-52.5,1.14,45.77360672966585,,3,0,0.3333333333333333,0
406,-0.4712041884816754,-52.5,1.14,35.6910482980412,,0,0,0.0,0
407,0.4712041884816754,-52.5,1.14,30.391587683959596,,0,0,0.0,0
408,-8.952879581151834,-51.25,1.14,144.66166846944571,,3,2,0.3333333333333333,3
409,-8.010471204188482,-51.25,1.14,146.4221631339727,,4,2,0.25,3
410,-7.0680628272251305,-51.25,1.14,173.74885670260636,,4,1,0.3333333333333333,1
411,-5.183246073298429,-51.25,1.14,157.5476380408231,,3,2,0.3333333333333333,3
412,-4.2408376963350785,-51.25,1.14,125.87989618569706,,4,2,0.16666666666666666,2
413,-3.298429319371728,-51.25,1.14,96.45937915011555,,3,1,0.0,1
414,-2.356020942408377,-51.25,1.14,60.59796518676672,,1,0,0.0,0
415,-3.298429319371728,-50.0,1.14,70.0615738978735,,1,0,0.0,0
0,-6.12565445026178,-78.75,1.5,0.0,,0,2,0.5,3
1,-5.183246073298429,-78.75,1.5,17.47187404009806,,0,3,0.5,6
2,-4.2408376963350785,-78.75,1.5,78.50461334421162,,4,3,0.4,6
3,-3.298429319371728,-78.75,1.5,49.576351608490086,,1,3,0.5,6
4,-2.356020942408377,-78.75,1.5,23.71651615571604,,0,4,0.5,10
5,-1.4136125654450262,-78.75,1.5,8.90634125901358,,0,3,0.5,6
6,-8.952879581151834,-77.5,1.5,2.67221007123084,,0,23,0.1482213438735178,97
7,-8.010471204188482,-77.5,1.5,59.684914028815896,,3,8,0.4027777777777778,29
8,-7.0680628272251305,-77.5,1.5,66.07709509463733,,5,8,0.38181818181818183,26
9,-6.12565445026178,-77.5,1.5,80.20560330359454,,7,10,0.3,36
10,-5.183246073298429,-77.5,1.5,116.74002074099201,,9,7,0.29120879120879123,20
11,-4.2408376963350785,-77.5,1.5,146.29466078112267,,12,4,0.24175824175824176,9
12,-3.298429319371728,-77.5,1.5,149.67877833827927,,11,3,0.2196969696969697,5
13,-2.356020942408377,-77.5,1.5,114.36800035021052,,4,4,0.23333333333333334,10
14,-1.4136125654450262,-77.5,1.5,201.750036274162,,4,5,0.2619047619047619,13
15,-0.4712041884816754,-77.5,1.5,186.5221188448485,,3,8,0.2777777777777778,31
16,0.4712041884816754,-77.5,1.5,170.9886227666285,,2,6,0.43333333333333335,19
17,-10.837696335078537,-76.25,1.5,0.0,,0,19,0.2222222222222222,94
18,-9.895287958115185,-76.25,1.5,14.80931568133248,,0,20,0.19210526315789472,92
19,-8.952879581151834,-76.25,1.5,185.7569285213277,,5,25,0.17989417989417988,112
20,-8.010471204188482,-76.25,1.5,123.78337173085166,,6,7,0.36363636363636365,17
21,-7.0680628272251305,-76.25,1.5,138.52393724786378,,11,2,0.2818181818181818,3
22,-6.12565445026178,-76.25,1.5,145.85188057926953,,13,2,0.3076923076923077,3
23,-5.183246073298429,-76.25,1.5,160.76191909074302,,15,6,0.260233918128655,15
24,-4.2408376963350785,-76.25,1.5,119.33332855455822,,10,3,0.34545454545454546,5
25,-3.298429319371728,-76.25,1.5,129.9169522745671,,11,2,0.34545454545454546,3
26,-2.356020942408377,-76.25,1.5,145.73984915541993,,6,3,0.21428571428571427,5
27,-1.4136125654450262,-76.25,1.5,175.75759342839746,,5,3,0.23333333333333334,6
28,-0.4712041884816754,-76.25,1.5,223.60584254891182,,7,5,0.2111111111111111,14
29,0.4712041884816754,-76.25,1.5,240.60274531159553,,5,5,0.32142857142857145,13
30,1.4136125654450262,-76.25,1.5,151.9860144790257,,4,3,0.3,5
31,-13.664921465968591,-75.0,1.5,0.0,,0,0,0.0,0
32,-12.72251308900524,-75.0,1.5,0.0,,0,5,0.4,13
33,-11.780104712041888,-75.0,1.5,31.784217278364558,,0,19,0.15497076023391812,71
34,-10.837696335078537,-75.0,1.5,219.06417018560515,,4,27,0.1354679802955665,125
35,-9.895287958115185,-75.0,1.5,223.4029980431243,,9,11,0.2549019607843137,34
36,-8.952879581151834,-75.0,1.5,169.64115706255757,,16,4,0.21895424836601307,9
37,-8.010471204188482,-75.0,1.5,146.14609071321678,,17,3,0.21241830065359477,5
38,-7.0680628272251305,-75.0,1.5,130.4684351885291,,13,1,0.29120879120879123,1
39,-6.12565445026178,-75.0,1.5,126.12307167980312,,18,2,0.24183006535947713,3
40,-5.183246073298429,-75.0,1.5,134.07840285967367,,15,4,0.20955882352941177,9
41,-4.2408376963350785,-75.0,1.5,137.00019039650925,,11,4,0.2948717948717949,9
42,-3.298429319371728,-75.0,1.5,164.94188194193546,,12,4,0.23626373626373626,9
43,-2.356020942408377,-75.0,1.5,172.4516906032688,,4,4,0.23333333333333334,9
44,-1.4136125654450262,-75.0,1.5,175.40770358634558,,3,5,0.13333333333333333,12
45,-0.4712041884816754,-75.0,1.5,184.11334254444998,,4,4,0.2,9
46,0.4712041884816754,-75.0,1.5,154.56157357498935,,6,3,0.35714285714285715,6
47,1.4136125654450262,-75.0,1.5,153.33886533662883,,6,2,0.43333333333333335,3
48,2.356020942408377,-75.0,1.5,101.61449343195841,,2,1,0.0,1
49,-14.607329842931941,-73.75,1.5,0.1566514143210609,,0,0,0.0,0
50,-13.664921465968591,-73.75,1.5,0.0,,0,3,0.5,6
51,-12.72251308900524,-73.75,1.5,49.52211897180583,,0,12,0.24242424242424243,43
52,-11.780104712041888,-73.75,1.5,106.64323510805016,,5,19,0.15151515151515152,73
53,-10.837696335078537,-73.75,1.5,167.85757239427485,,14,5,0.20588235294117646,12
54,-9.895287958115185,-73.75,1.5,171.61576197936725,,15,3,0.24583333333333332,6
55,-8.952879581151834,-73.75,1.5,152.91067386466284,,15,3,0.275,6
56,-8.010471204188482,-73.75,1.5,142.60914596422418,,14,3,0.26666666666666666,5
57,-7.0680628272251305,-73.75,1.5,134.79461644719078,,12,4,0.17032967032967034,9
58,-6.12565445026178,-73.75,1.5,133.66946779402323,,9,4,0.14545454545454545,9
59,-5.183246073298429,-73.75,1.5,145.26137309293247,,9,4,0.20909090909090908,9
60,-4.2408376963350785,-73.75,1.5,161.3026418407518,,9,4,0.21818181818181817,9
61,-3.298429319371728,-73.75,1.5,180.65513291650745,,6,4,0.25,9
62,-2.356020942408377,-73.75,1.5,197.99105266279585,,5,4,0.21428571428571427,9
63,-1.4136125654450262,-73.75,1.5,153.84588855750138,,4,4,0.2,9
64,-0.4712041884816754,-73.75,1.5,162.37946447137796,,3,4,0.25,9
65,0.4712041884816754,-73.75,1.5,188.29100127282044,,4,4,0.16666666666666666,8
66,1.4136125654450262,-73.75,1.5,191.80643593139976,,9,1,0.2857142857142857,1
67,-14.607329842931941,-72.5,1.5,0.0,,0,1,0.0,1
68,-13.664921465968591,-72.5,1.5,0.0,,0,15,0.20952380952380953,59
69,-12.72251308900524,-72.5,1.5,17.45721501158529,,0,14,0.13736263736263737,39
70,-11.780104712041888,-72.5,1.5,184.2732101487694,,7,7,0.3560606060606061,22
71,-10.837696335078537,-72.5,1.5,180.5547115470844,,13,5,0.24166666666666667,11
72,-9.895287958115185,-72.5,1.5,159.93564367240606,,14,3,0.24761904761904763,6
73,-8.952879581151834,-72.5,1.5,150.16583958868097,,8,3,0.25,5
74,-8.010471204188482,-72.5,1.5,145.94734047091276,,6,4,0.17857142857142858,9
75,-7.0680628272251305,-72.5,1.5,148.85213055431794,,3,4,0.2,9
76,-6.12565445026178,-72.5,1.5,153.76223387462267,,4,4,0.2,9
77,-5.183246073298429,-72.5,1.5,174.2106481102353,,4,4,0.2,9
78,-4.2408376963350785,-72.5,1.5,177.32780520723685,,4,4,0.2,9
79,-3.298429319371728,-72.5,1.5,194.18299112976229,,4,4,0.2,9
80,-2.356020942408377,-72.5,1.5,202.39767874436296,,4,4,0.2,9
81,-1.4136125654450262,-72.5,1.5,164.23971645990267,,4,4,0.2,9
82,-0.4712041884816754,-72.5,1.5,167.39837588065845,,4,4,0.2,9
83,0.4712041884816754,-72.5,1.5,162.02931806568986,,4,3,0.2,5
84,1.4136125654450262,-72.5,1.5,152.28217924736853,,3,1,0.5,1
85,-14.607329842931941,-71.25,1.5,0.0,,0,15,0.21428571428571427,60
86,-13.664921465968591,-71.25,1.5,0.0,,0,22,0.12554112554112554,79
87,-12.72251308900524,-71.25,1.5,232.7509966278599,,5,16,0.22514619883040934,65
88,-11.780104712041888,-71.25,1.5,225.95191462764905,,13,4,0.21904761904761905,9
89,-10.837696335078537,-71.25,1.5,157.35303231286687,,10,4,0.2727272727272727,9
90,-9.895287958115185,-71.25,1.5,146.4876848432319,,3,3,0.16666666666666666,6
91,-8.952879581151834,-71.25,1.5,153.08698851401212,,3,4,0.1,8
92,-8.010471204188482,-71.25,1.5,145.51420460914107,,3,5,0.16666666666666666,12
93,-7.0680628272251305,-71.25,1.5,179.02267156267706,,5,4,0.19047619047619047,9
94,-6.12565445026178,-71.25,1.5,184.48716241369448,,5,4,0.16666666666666666,9
95,-5.183246073298429,-71.25,1.5,168.4396981595086,,4,4,0.2,9
96,-4.2408376963350785,-71.25,1.5,194.31008130255307,,4,4,0.2,9
97,-3.298429319371728,-71.25,1.5,190.70631596259764,,4,4,0.2,9
98,-2.356020942408377,-71.25,1.5,182.37499510737868,,4,4,0.2,9
99,-1.4136125654450262,-71.25,1.5,164.26933130487564,,4,5,0.19047619047619047,13
100,-0.4712041884816754,-71.25,1.5,181.07038973755556,,4,4,0.2,9
101,0.4712041884816754,-71.25,1.5,177.37833578836936,,4,4,0.16666666666666666,9
102,1.4136125654450262,-71.25,1.5,121.54465251702446,,2,2,0.5,3
103,-13.664921465968591,-70.0,1.5,64.81865144106449,,0,13,0.2564102564102564,53
104,-12.72251308900524,-70.0,1.5,253.53442285519574,,10,6,0.27472527472527475,17
105,-11.780104712041888,-70.0,1.5,161.4262639799187,,11,3,0.20454545454545456,5
106,-10.837696335078537,-70.0,1.5,141.9604066770375,,3,3,0.08333333333333333,5
107,-9.895287958115185,-70.0,1.5,148.29033810625845,,2,2,0.0,3
108,-8.952879581151834,-70.0,1.5,168.61681418011668,,3,4,0.1,9
109,-8.010471204188482,-70.0,1.5,151.79669375113673,,3,5,0.2,12
110,-7.0680628272251305,-70.0,1.5,170.60448519329833,,5,4,0.19047619047619047,9
111,-6.12565445026178,-70.0,1.5,186.7116866655523,,5,4,0.16666666666666666,9
112,-5.183246073298429,-70.0,1.5,183.65432066577588,,4,4,0.2,9
113,-4.2408376963350785,-70.0,1.5,180.97624026076934,,4,4,0.2,9
114,-3.298429319371728,-70.0,1.5,188.84477226313737,,4,4,0.2,9
115,-2.356020942408377,-70.0,1.5,175.1269450589569,,4,4,0.2,9
116,-1.4136125654450262,-70.0,1.5,179.470857076939,,4,4,0.23333333333333334,9
117,-0.4712041884816754,-70.0,1.5,217.23314849955952,,4,5,0.21428571428571427,13
118,0.4712041884816754,-70.0,1.5,211.3569110263,,4,4,0.2,9
119,1.4136125654450262,-70.0,1.5,187.12130370696013,,4,3,0.2,6
120,-15.549738219895294,-68.75,1.5,0.0,,0,8,0.32142857142857145,26
121,-14.607329842931941,-68.75,1.5,30.460678366532782,,0,7,0.30952380952380953,20
122,-13.664921465968591,-68.75,1.5,234.06396288509833,,6,7,0.3181818181818182,22
123,-12.72251308900524,-68.75,1.5,174.9453778173736,,7,3,0.21428571428571427,6
124,-11.780104712041888,-68.75,1.5,147.15152011797946,,0,0,0.0,0
125,-10.837696335078537,-68.75,1.5,153.43052113626644,,0,1,0.0,1
126,-9.895287958115185,-68.75,1.5,160.18132322464675,,2,2,0.0,3
127,-8.952879581151834,-68.75,1.5,165.27657334083676,,2,4,0.16666666666666666,9
128,-8.010471204188482,-68.75,1.5,181.67538828043382,,4,4,0.2,9
129,-7.0680628272251305,-68.75,1.5,186.67304105295406,,5,4,0.16666666666666666,9
130,-6.12565445026178,-68.75,1.5,192.77358816505074,,4,4,0.2,9
131,-5.183246073298429,-68.75,1.5,199.84861153663797,,4,4,0.2,9
132,-4.2408376963350785,-68.75,1.5,210.97863663613103,,4,5,0.19047619047619047,13
133,-3.298429319371728,-68.75,1.5,204.26234842741695,,4,5,0.19047619047619047,13
134,-2.356020942408377,-68.75,1.5,198.98641931085464,,4,5,0.19047619047619047,13
135,-1.4136125654450262,-68.75,1.5,208.8529751104714,,4,5,0.19047619047619047,13
136,-0.4712041884816754,-68.75,1.5,236.43043237861832,,5,6,0.19444444444444445,18
137,0.4712041884816754,-68.75,1.5,250.86959495179084,,4,5,0.21428571428571427,13
138,1.4136125654450262,-68.75,1.5,254.61039580594908,,4,5,0.21428571428571427,14
139,2.356020942408377,-68.75,1.5,261.49786240723506,,3,4,0.3,10
140,-16.492146596858646,-67.5,1.5,0.0,,0,7,0.30952380952380953,19
141,-15.549738219895294,-67.5,1.5,120.11089136860123,,2,8,0.30357142857142855,25
142,-14.607329842931941,-67.5,1.5,111.07956493391723,,2,0,0.5,0
143,-13.664921465968591,-67.5,1.5,86.78963053003791,,0,0,0.0,0
144,-12.72251308900524,-67.5,1.5,70.66418652765272,,0,1,0.0,1
145,-11.780104712041888,-67.5,1.5,154.46285728348687,,2,2,0.0,3
146,-10.837696335078537,-67.5,1.5,165.4425695855981,,2,2,0.0,3
147,-9.895287958115185,-67.5,1.5,126.7984066147999,,2,2,0.0,3
148,-8.952879581151834,-67.5,1.5,178.66951061515817,,2,3,0.16666666666666666,6
149,-8.010471204188482,-67.5,1.5,189.53848615585275,,4,4,0.16666666666666666,9
150,-7.0680628272251305,-67.5,1.5,196.0425900892807,,4,4,0.2,9
151,-6.12565445026178,-67.5,1.5,191.93078414567782,,4,4,0.2,9
152,-5.183246073298429,-67.5,1.5,191.3079301859951,,4,5,0.19047619047619047,13
153,-4.2408376963350785,-67.5,1.5,192.59346037254787,,4,5,0.21428571428571427,13
154,-3.298429319371728,-67.5,1.5,187.56212077382892,,4,5,0.23809523809523808,13
155,-2.356020942408377,-67.5,1.5,214.96801861822433,,4,5,0.2619047619047619,14
156,-1.4136125654450262,-67.5,1.5,229.41690929122808,,4,6,0.23214285714285715,17
157,-0.4712041884816754,-67.5,1.5,239.99543531482294,,4,7,0.2361111111111111,22
158,0.4712041884816754,-67.5,1.5,262.85218152036083,,5,8,0.24545454545454545,31
159,1.4136125654450262,-67.5,1.5,308.2659157951876,,4,8,0.23333333333333334,28
160,2.356020942408377,-67.5,1.5,375.5285391427871,,4,4,0.36666666666666664,10
161,-18.376963350785346,-66.25,1.5,0.0,,0,0,0.0,0
162,-17.434554973821996,-66.25,1.5,0.0,,0,0,0.0,0
163,-16.492146596858646,-66.25,1.5,56.9979026891648,,0,3,0.16666666666666666,3
164,-15.549738219895294,-66.25,1.5,164.2392511004375,,1,0,0.0,0
165,-14.607329842931941,-66.25,1.5,137.6304880140076,,0,0,0.0,0
166,-13.664921465968591,-66.25,1.5,20.97789934599951,,0,0,0.0,0
167,-12.72251308900524,-66.25,1.5,0.0,,0,0,0.0,0
168,-11.780104712041888,-66.25,1.5,111.2232262234797,,0,1,0.0,1
169,-10.837696335078537,-66.25,1.5,142.33052632511007,,2,2,0.0,3
170,-9.895287958115185,-66.25,1.5,154.9896365728508,,2,2,0.0,3
171,-8.952879581151834,-66.25,1.5,170.59484214585154,,2,2,0.0,3
172,-8.010471204188482,-66.25,1.5,183.25029382712415,,4,4,0.13333333333333333,9
173,-7.0680628272251305,-66.25,1.5,192.98306253682725,,4,4,0.2,9
174,-6.12565445026178,-66.25,1.5,200.58216943645428,,4,6,0.19642857142857142,18
175,-5.183246073298429,-66.25,1.5,181.6670349146692,,4,5,0.23809523809523808,13
176,-4.2408376963350785,-66.25,1.5,180.03234773844304,,4,5,0.23809523809523808,13
177,-3.298429319371728,-66.25,1.5,193.21499280017179,,5,5,0.21428571428571427,13
178,-2.356020942408377,-66.25,1.5,208.69236243368888,,5,5,0.21428571428571427,13
179,-1.4136125654450262,-66.25,1.5,233.35282133989867,,5,5,0.21428571428571427,12
180,-0.4712041884816754,-66.25,1.5,239.6002272984308,,5,6,0.20833333333333334,17
181,0.4712041884816754,-66.25,1.5,246.58802197459923,,5,7,0.28888888888888886,25
182,1.4136125654450262,-66.25,1.5,199.72795633634107,,3,7,0.2857142857142857,20
183,2.356020942408377,-66.25,1.5,323.0751640991516,,6,3,0.3333333333333333,6
184,-18.376963350785346,-65.0,1.5,0.0,,0,0,0.0,0
185,-17.434554973821996,-65.0,1.5,38.77030843028567,,0,1,0.0,0
186,-16.492146596858646,-65.0,1.5,136.62928575030708,,1,0,0.0,0
187,-15.549738219895294,-65.0,1.5,157.34711398466456,,0,0,0.0,0
188,-14.607329842931941,-65.0,1.5,77.81730163783732,,0,0,0.0,0
189,-13.664921465968591,-65.0,1.5,21.717375927854217,,0,0,0.0,0
190,-12.72251308900524,-65.0,1.5,4.022236985135999,,0,0,0.0,0
191,-11.780104712041888,-65.0,1.5,127.30308473736939,,1,2,0.0,3
192,-10.837696335078537,-65.0,1.5,152.59924324663783,,2,2,0.0,3
193,-9.895287958115185,-65.0,1.5,152.1988277270452,,2,2,0.0,3
194,-8.952879581151834,-65.0,1.5,168.54318181150634,,2,2,0.0,3
195,-8.010471204188482,-65.0,1.5,179.41294183073856,,3,4,0.15,9
196,-7.0680628272251305,-65.0,1.5,198.0664798922747,,4,4,0.2,9
197,-6.12565445026178,-65.0,1.5,205.228922369696,,4,4,0.23333333333333334,9
198,-5.183246073298429,-65.0,1.5,201.57948046787206,,4,5,0.2619047619047619,13
199,-4.2408376963350785,-65.0,1.5,197.3516868816265,,5,5,0.21428571428571427,13
200,-3.298429319371728,-65.0,1.5,189.36711866655602,,5,5,0.21428571428571427,13
201,-2.356020942408377,-65.0,1.5,211.505525273534,,5,5,0.21428571428571427,13
202,-1.4136125654450262,-65.0,1.5,224.2513838935823,,6,4,0.19642857142857142,9
203,-0.4712041884816754,-65.0,1.5,228.03468952355752,,5,3,0.23333333333333334,5
204,0.4712041884816754,-65.0,1.5,247.45515902654228,,6,7,0.2636363636363636,22
205,1.4136125654450262,-65.0,1.5,242.35283438982762,,7,4,0.2777777777777778,8
206,-20.261780104712045,-63.75,1.5,196.07378403845638,,0,0,0.0,0
207,-19.319371727748695,-63.75,1.5,44.050912750869124,,0,1,0.0,0
208,-18.376963350785346,-63.75,1.5,78.56180426636712,,1,0,0.0,0
209,-17.434554973821996,-63.75,1.5,40.53460400262219,,0,0,0.0,0
210,-16.492146596858646,-63.75,1.5,104.73342370128948,,0,0,0.0,0
211,-15.549738219895294,-63.75,1.5,104.18476492221131,,0,1,0.0,1
212,-14.607329842931941,-63.75,1.5,147.21908530307914,,2,1,0.0,1
213,-13.664921465968591,-63.75,1.5,86.66822256706016,,0,0,0.0,0
214,-12.72251308900524,-63.75,1.5,98.16093918199574,,0,1,0.0,1
215,-11.780104712041888,-63.75,1.5,135.38819774760256,,2,2,0.0,3
216,-10.837696335078537,-63.75,1.5,155.94077198345875,,2,2,0.0,3
217,-9.895287958115185,-63.75,1.5,156.6206301554751,,2,2,0.0,3
218,-8.952879581151834,-63.75,1.5,130.9007005544806,,2,2,0.0,3
219,-8.010471204188482,-63.75,1.5,177.83439982868484,,3,3,0.16666666666666666,6
220,-7.0680628272251305,-63.75,1.5,199.24350765090793,,4,4,0.2,9
221,-6.12565445026178,-63.75,1.5,198.97922239555385,,4,5,0.19047619047619047,13
222,-5.183246073298429,-63.75,1.5,202.90468494284784,,5,4,0.23809523809523808,9
223,-4.2408376963350785,-63.75,1.5,192.68336248094613,,6,4,0.23214285714285715,9
224,-3.298429319371728,-63.75,1.5,189.83722457752825,,5,4,0.23809523809523808,9
225,-2.356020942408377,-63.75,1.5,206.5359793099331,,5,5,0.21428571428571427,13
226,-1.4136125654450262,-63.75,1.5,227.795903314083,,5,4,0.23809523809523808,10
227,-0.4712041884816754,-63.75,1.5,192.33445224240012,,4,4,0.16666666666666666,9
228,0.4712041884816754,-63.75,1.5,169.5004273315877,,4,3,0.3,5
229,1.4136125654450262,-63.75,1.5,189.21541977727958,,7,4,0.3194444444444444,9
230,3.298429319371728,-63.75,1.5,185.7596377801203,,6,2,0.36666666666666664,3
231,-19.319371727748695,-62.5,1.5,0.0,,0,0,0.0,0
232,-18.376963350785346,-62.5,1.5,0.0,,0,0,0.0,0
233,-17.434554973821996,-62.5,1.5,0.0,,0,0,0.0,0
234,-16.492146596858646,-62.5,1.5,74.1448624635365,,0,0,0.0,0
235,-15.549738219895294,-62.5,1.5,121.95701176577884,,0,0,0.0,0
236,-14.607329842931941,-62.5,1.5,124.00185224867167,,1,2,0.0,3
237,-13.664921465968591,-62.5,1.5,137.1102708310103,,2,1,0.0,1
238,-12.72251308900524,-62.5,1.5,117.69830180882859,,1,1,0.0,1
239,-11.780104712041888,-62.5,1.5,94.13626458842373,,0,0,0.0,0
240,-10.837696335078537,-62.5,1.5,75.00572418186209,,0,1,0.0,1
241,-9.895287958115185,-62.5,1.5,156.0929596751395,,2,3,0.0,5
242,-8.952879581151834,-62.5,1.5,154.74968949274802,,2,3,0.16666666666666666,6
243,-8.010471204188482,-62.5,1.5,170.55181442011133,,2,4,0.25,9
244,-7.0680628272251305,-62.5,1.5,197.76911108446478,,4,4,0.16666666666666666,9
245,-6.12565445026178,-62.5,1.5,194.97083884173662,,4,4,0.23333333333333334,9
246,-5.183246073298429,-62.5,1.5,195.5651711557023,,4,5,0.21428571428571427,13
247,-4.2408376963350785,-62.5,1.5,199.68210740382307,,5,4,0.19047619047619047,9
248,-3.298429319371728,-62.5,1.5,185.0134972504248,,5,4,0.19047619047619047,9
249,-2.356020942408377,-62.5,1.5,202.14144263517554,,5,4,0.21428571428571427,9
250,-1.4136125654450262,-62.5,1.5,223.5439661693453,,5,5,0.21428571428571427,13
251,-0.4712041884816754,-62.5,1.5,219.3810947637677,,5,4,0.21428571428571427,10
252,0.4712041884816754,-62.5,1.5,133.54873843133612,,2,4,0.16666666666666666,8
253,1.4136125654450262,-62.5,1.5,192.96556122357137,,7,3,0.26785714285714285,5
254,2.356020942408377,-62.5,1.5,191.55012664441884,,9,2,0.3194444444444444,2
255,3.298429319371728,-62.5,1.5,140.48591681050388,,7,1,0.36666666666666664,1
256,-18.376963350785346,-61.25,1.5,0.0,,0,0,0.0,0
257,-17.434554973821996,-61.25,1.5,0.0,,0,0,0.0,0
258,-16.492146596858646,-61.25,1.5,53.155119217764344,,0,0,0.0,0
259,-15.549738219895294,-61.25,1.5,53.090797081826125,,0,0,0.0,0
260,-14.607329842931941,-61.25,1.5,78.25731504955233,,0,0,0.0,0
261,-13.664921465968591,-61.25,1.5,126.17785111976848,,1,1,0.0,1
262,-12.72251308900524,-61.25,1.5,62.05742145446494,,0,0,0.0,0
263,-11.780104712041888,-61.25,1.5,115.98410074711796,,1,2,0.0,3
264,-10.837696335078537,-61.25,1.5,165.68217328557404,,2,2,0.0,3
265,-9.895287958115185,-61.25,1.5,178.1641225449289,,2,3,0.16666666666666666,6
266,-8.952879581151834,-61.25,1.5,184.58994773532527,,3,3,0.08333333333333333,5
267,-8.010471204188482,-61.25,1.5,204.47728208346985,,4,3,0.15,6
268,-7.0680628272251305,-61.25,1.5,214.26826197987276,,4,5,0.19047619047619047,13
269,-6.12565445026178,-61.25,1.5,216.20719353085914,,4,5,0.19047619047619047,13
270,-5.183246073298429,-61.25,1.5,219.17970780863868,,5,5,0.19642857142857142,13
271,-4.2408376963350785,-61.25,1.5,209.98106811228445,,4,4,0.23333333333333334,9
272,-3.298429319371728,-61.25,1.5,217.88404129541416,,4,4,0.2,9
273,-2.356020942408377,-61.25,1.5,189.01694403114948,,4,5,0.19047619047619047,13
274,-1.4136125654450262,-61.25,1.5,250.75359876349813,,5,5,0.19642857142857142,13
275,-0.4712041884816754,-61.25,1.5,251.9379471029355,,5,5,0.21428571428571427,13
276,0.4712041884816754,-61.25,1.5,215.28748736175024,,5,4,0.16666666666666666,8
277,1.4136125654450262,-61.25,1.5,160.9236327823486,,3,3,0.08333333333333333,3
278,2.356020942408377,-61.25,1.5,135.2797493279004,,7,0,0.2857142857142857,0
279,3.298429319371728,-61.25,1.5,16.208780035957957,,0,0,0.0,0
280,4.2408376963350785,-61.25,1.5,8.40937706146847,,0,0,0.0,0
281,-15.549738219895294,-60.0,1.5,0.0,,0,0,0.0,0
282,-14.607329842931941,-60.0,1.5,35.8853943166428,,0,0,0.0,0
283,-13.664921465968591,-60.0,1.5,73.09613574654274,,0,1,0.0,1
284,-12.72251308900524,-60.0,1.5,129.02443392025594,,2,2,0.0,3
285,-11.780104712041888,-60.0,1.5,169.94559746803733,,2,2,0.0,3
286,-10.837696335078537,-60.0,1.5,170.09936900368757,,2,2,0.0,3
287,-9.895287958115185,-60.0,1.5,182.541483519552,,2,3,0.16666666666666666,6
288,-8.952879581151834,-60.0,1.5,206.58997022847893,,4,3,0.15,6
289,-8.010471204188482,-60.0,1.5,,,0,3,0.3333333333333333,5
290,-7.0680628272251305,-60.0,1.5,238.2948035138241,,4,5,0.21428571428571427,14
291,-6.12565445026178,-60.0,1.5,244.0568483779343,,4,5,0.23809523809523808,13
292,-5.183246073298429,-60.0,1.5,242.79747522907817,,4,5,0.23809523809523808,13
293,-4.2408376963350785,-60.0,1.5,241.47044305769148,,5,5,0.19642857142857142,13
294,-3.298429319371728,-60.0,1.5,249.82191091506868,,4,4,0.2,9
295,-2.356020942408377,-60.0,1.5,251.11970032406867,,4,6,0.21428571428571427,18
296,-1.4136125654450262,-60.0,1.5,251.43450401225502,,4,5,0.23809523809523808,13
297,-0.4712041884816754,-60.0,1.5,271.45538569885366,,5,5,0.21428571428571427,13
298,0.4712041884816754,-60.0,1.5,209.84199278235934,,5,3,0.23333333333333334,5
299,1.4136125654450262,-60.0,1.5,162.3861957726158,,3,1,0.5,1
300,2.356020942408377,-60.0,1.5,118.36564214288106,,1,0,0.0,0
301,3.298429319371728,-60.0,1.5,29.099908532387857,,0,0,0.0,0
302,4.2408376963350785,-60.0,1.5,23.977993838910585,,0,0,0.0,0
303,5.183246073298429,-60.0,1.5,59.91550323984641,,0,0,0.0,0
304,-13.664921465968591,-58.75,1.5,0.0,,0,0,0.0,0
305,-12.72251308900524,-58.75,1.5,45.6616912248618,,0,1,0.0,1
306,-11.780104712041888,-58.75,1.5,177.64248971529852,,2,2,0.0,3
307,-10.837696335078537,-58.75,1.5,162.08798402432558,,2,2,0.0,3
308,-9.895287958115185,-58.75,1.5,192.93242153914474,,2,4,0.16666666666666666,9
309,-8.952879581151834,-58.75,1.5,211.50425096651114,,4,4,0.16666666666666666,9
310,-8.010471204188482,-58.75,1.5,235.79099611777724,,4,4,0.16666666666666666,9
311,-7.0680628272251305,-58.75,1.5,249.4926463103333,,5,5,0.2037037037037037,14
312,-6.12565445026178,-58.75,1.5,257.67558000212097,,5,6,0.21428571428571427,18
313,-5.183246073298429,-58.75,1.5,255.45758155650324,,5,6,0.20833333333333334,17
314,-4.2408376963350785,-58.75,1.5,241.5889532139618,,5,6,0.2222222222222222,19
315,-3.298429319371728,-58.75,1.5,261.80178196345406,,4,5,0.19047619047619047,11
316,-2.356020942408377,-58.75,1.5,261.5940566855758,,4,5,0.23809523809523808,14
317,-1.4136125654450262,-58.75,1.5,274.76934519459576,,5,6,0.20833333333333334,16
318,-0.4712041884816754,-58.75,1.5,267.59958573288424,,5,5,0.21428571428571427,13
319,0.4712041884816754,-58.75,1.5,212.39575780616207,,5,3,0.23333333333333334,6
320,-13.664921465968591,-57.5,1.5,63.95863695731479,,0,1,0.0,1
321,-12.72251308900524,-57.5,1.5,177.24698146824088,,2,2,0.0,3
322,-11.780104712041888,-57.5,1.5,183.5445989047351,,2,2,0.0,3
323,-10.837696335078537,-57.5,1.5,172.13503130578266,,2,2,0.0,3
324,-9.895287958115185,-57.5,1.5,201.71423290976807,,3,3,0.16666666666666666,6
325,-8.952879581151834,-57.5,1.5,222.49000613916309,,4,4,0.2,9
326,-8.010471204188482,-57.5,1.5,251.11036631509953,,4,5,0.19047619047619047,13
327,-7.0680628272251305,-57.5,1.5,258.2663590437055,,4,5,0.21428571428571427,13
328,-6.12565445026178,-57.5,1.5,247.0019118978318,,5,5,0.23214285714285715,13
329,-5.183246073298429,-57.5,1.5,240.69150472880574,,5,5,0.23214285714285715,13
330,-4.2408376963350785,-57.5,1.5,229.79428871380355,,5,5,0.23214285714285715,13
331,-3.298429319371728,-57.5,1.5,228.15242125246743,,5,5,0.23214285714285715,11
332,-2.356020942408377,-57.5,1.5,160.80429208861923,,2,4,0.25,8
333,-1.4136125654450262,-57.5,1.5,235.67504454780425,,5,4,0.2619047619047619,8
334,-0.4712041884816754,-57.5,1.5,219.33724339456884,,5,4,0.23809523809523808,9
335,0.4712041884816754,-57.5,1.5,183.45072005192023,,5,4,0.16666666666666666,6
336,1.4136125654450262,-57.5,1.5,144.9439044070127,,3,1,0.5,1
337,-13.664921465968591,-56.25,1.5,104.37685881402354,,0,0,0.0,0
338,-12.72251308900524,-56.25,1.5,38.97031856173999,,0,1,0.0,1
339,-11.780104712041888,-56.25,1.5,131.9600290379433,,2,2,0.0,3
340,-10.837696335078537,-56.25,1.5,150.92876431471677,,2,2,0.0,3
341,-9.895287958115185,-56.25,1.5,134.09591258959364,,2,3,0.16666666666666666,6
342,-8.952879581151834,-56.25,1.5,229.5815909688506,,4,4,0.16666666666666666,9
343,-8.010471204188482,-56.25,1.5,253.01565456152693,,4,5,0.21428571428571427,13
344,-7.0680628272251305,-56.25,1.5,253.30141043786745,,4,5,0.23809523809523808,13
345,-6.12565445026178,-56.25,1.5,228.75592228035595,,5,5,0.21428571428571427,13
346,-5.183246073298429,-56.25,1.5,220.72673136432712,,6,5,0.19444444444444445,12
347,-4.2408376963350785,-56.25,1.5,195.1816430442225,,5,4,0.23809523809523808,9
348,-3.298429319371728,-56.25,1.5,189.49554942669175,,5,5,0.17857142857142858,8
349,-2.356020942408377,-56.25,1.5,148.96454625635067,,4,5,0.07142857142857142,6
350,-1.4136125654450262,-56.25,1.5,158.7292323862252,,6,2,0.26666666666666666,2
351,-0.4712041884816754,-56.25,1.5,146.58263568309457,,4,2,0.3333333333333333,3
352,0.4712041884816754,-56.25,1.5,133.991699884573,,5,1,0.3333333333333333,1
353,1.4136125654450262,-56.25,1.5,106.91168080993951,,1,0,0.0,0
354,-14.607329842931941,-55.0,1.5,0.0,,0,0,0.0,0
355,-13.664921465968591,-55.0,1.5,20.61075922455952,,0,1,0.0,1
356,-12.72251308900524,-55.0,1.5,148.71064206362715,,2,3,0.0,5
357,-11.780104712041888,-55.0,1.5,157.72793895071726,,2,3,0.16666666666666666,6
358,-10.837696335078537,-55.0,1.5,123.18142437423265,,2,3,0.3333333333333333,6
359,-9.895287958115185,-55.0,1.5,122.01781701304148,,1,4,0.3333333333333333,9
360,-8.952879581151834,-55.0,1.5,214.345210673618,,4,4,0.16666666666666666,9
361,-8.010471204188482,-55.0,1.5,238.9866167090955,,4,4,0.23333333333333334,9
362,-7.0680628272251305,-55.0,1.5,228.31639347888319,,5,4,0.23809523809523808,9
363,-6.12565445026178,-55.0,1.5,209.8280972370148,,5,4,0.23809523809523808,9
364,-5.183246073298429,-55.0,1.5,193.75622042059837,,5,3,0.23333333333333334,5
365,-4.2408376963350785,-55.0,1.5,165.72217353611725,,4,3,0.25,5
366,-3.298429319371728,-55.0,1.5,140.77138005692763,,6,2,0.3,3
367,-2.356020942408377,-55.0,1.5,76.21322194897107,,1,1,0.5,0
368,-1.4136125654450262,-55.0,1.5,73.93778343114758,,1,0,0.0,0
369,-0.4712041884816754,-55.0,1.5,96.95555736944354,,0,0,0.0,0
370,0.4712041884816754,-55.0,1.5,89.99715884607468,,0,0,0.0,0
371,1.4136125654450262,-55.0,1.5,76.60334197752518,,0,0,0.0,0
372,2.356020942408377,-55.0,1.5,69.66790746053132,,0,0,0.0,0
373,-14.607329842931941,-53.75,1.5,0.0,,0,0,0.0,0
374,-13.664921465968591,-53.75,1.5,0.0,,0,1,0.0,1
375,-12.72251308900524,-53.75,1.5,157.32064140560254,,2,2,0.0,3
376,-11.780104712041888,-53.75,1.5,180.19648326254458,,3,2,0.0,3
377,-10.837696335078537,-53.75,1.5,187.88344031282446,,4,3,0.1,5
378,-9.895287958115185,-53.75,1.5,184.2095606897941,,4,3,0.15,6
379,-8.952879581151834,-53.75,1.5,205.01946296153653,,4,4,0.2,9
380,-8.010471204188482,-53.75,1.5,211.27620041071754,,4,4,0.2,9
381,-7.0680628272251305,-53.75,1.5,203.81082763409285,,5,4,0.19047619047619047,9
382,-6.12565445026178,-53.75,1.5,192.94732058066128,,5,4,0.19047619047619047,9
383,-5.183246073298429,-53.75,1.5,170.0429577093269,,5,3,0.16666666666666666,5
384,-4.2408376963350785,-53.75,1.5,147.24235629374965,,4,2,0.16666666666666666,3
385,-3.298429319371728,-53.75,1.5,116.84649457675665,,5,1,0.25,1
386,-2.356020942408377,-53.75,1.5,98.5648370282349,,4,0,0.25,0
387,-1.4136125654450262,-53.75,1.5,72.44959305488057,,1,0,0.0,0
388,-0.4712041884816754,-53.75,1.5,59.42706355366156,,0,0,0.0,0
389,0.4712041884816754,-53.75,1.5,51.23357478889038,,0,0,0.0,0
390,1.4136125654450262,-53.75,1.5,45.754732335736115,,0,0,0.0,0
391,2.356020942408377,-53.75,1.5,41.90745035560177,,0,0,0.0,0
392,-13.664921465968591,-52.5,1.5,0.0,,0,0,0.0,0
393,-12.72251308900524,-52.5,1.5,64.2353627897878,,0,1,0.0,1
394,-11.780104712041888,-52.5,1.5,138.07458905726315,,2,1,0.0,1
395,-10.837696335078537,-52.5,1.5,101.4152932132345,,1,2,0.0,3
396,-9.895287958115185,-52.5,1.5,158.78951399211533,,3,2,0.0,3
397,-8.952879581151834,-52.5,1.5,175.9885702355883,,4,2,0.16666666666666666,3
398,-8.010471204188482,-52.5,1.5,191.96284250102613,,4,3,0.15,5
399,-7.0680628272251305,-52.5,1.5,203.0613313569255,,4,2,0.25,3
400,-6.12565445026178,-52.5,1.5,159.99314971322067,,4,3,0.15,5
401,-5.183246073298429,-52.5,1.5,161.75211184745015,,4,1,0.3333333333333333,1
402,-4.2408376963350785,-52.5,1.5,134.3488746515392,,3,2,0.0,2
403,-3.298429319371728,-52.5,1.5,93.02536684339395,,0,0,0.0,0
404,-2.356020942408377,-52.5,1.5,74.30266490608541,,1,0,0.0,0
405,-1.4136125654450262,-52.5,1.5,45.77360672966585,,1,0,0.0,0
406,-0.4712041884816754,-52.5,1.5,35.6910482980412,,0,0,0.0,0
407,0.4712041884816754,-52.5,1.5,30.391587683959596,,0,0,0.0,0
408,-8.952879581151834,-51.25,1.5,144.66166846944571,,1,2,0.0,3
409,-8.010471204188482,-51.25,1.5,146.4221631339727,,2,2,0.0,3
410,-7.0680628272251305,-51.25,1.5,173.74885670260636,,3,1,0.0,1
411,-5.183246073298429,-51.25,1.5,157.5476380408231,,2,1,0.0,1
412,-4.2408376963350785,-51.25,1.5,125.87989618569706,,1,1,0.0,1
413,-3.298429319371728,-51.25,1.5,96.45937915011555,,1,0,0.0,0
414,-2.356020942408377,-51.25,1.5,60.59796518676672,,0,0,0.0,0
415,-3.298429319371728,-50.0,1.5,70.0615738978735,,0,0,0.0,0
