node_id,lat,lon,threshold,prec,evap,in_degree,out_degree,clustering,ffl
0,-6.12565445026178,-78.75,1.0,0.0,,0,0,0.0,0
1,-5.183246073298429,-78.75,1.0,12.843075147187431,,0,0,0.0,0
2,-4.2408376963350785,-78.75,1.0,42.68685838433425,,0,2,0.0,2
3,-3.298429319371728,-78.75,1.0,21.940577092029965,,0,1,0.0,1
4,-2.356020942408377,-78.75,1.0,6.56820881209293,,0,0,0.0,0
5,-1.4136125654450262,-78.75,1.0,5.800367416779542,,0,2,0.5,3
6,-8.952879581151834,-77.5,1.0,1.843514974953806,,0,1,0.0,0
7,-8.010471204188482,-77.5,1.0,30.3151388712054,,0,0,0.0,0
8,-7.0680628272251305,-77.5,1.0,36.65783672120528,,0,1,0.0,0
9,-6.12565445026178,-77.5,1.0,30.80020525522644,,0,1,0.0,1
10,-5.183246073298429,-77.5,1.0,54.452320125427946,,0,0,0.0,0
11,-4.2408376963350785,-77.5,1.0,62.97895669615686,,2,1,0.0,1
12,-3.298429319371728,-77.5,1.0,77.85454647056532,,3,1,0.0,1
13,-2.356020942408377,-77.5,1.0,55.54537316707395,,1,2,0.0,3
14,-1.4136125654450262,-77.5,1.0,82.59481632598782,,2,4,0.16666666666666666,8
15,-0.4712041884816754,-77.5,1.0,116.35766882495201,,2,10,0.2727272727272727,38
16,0.4712041884816754,-77.5,1.0,94.48725114876727,,2,12,0.23846153846153847,49
17,-10.837696335078537,-76.25,1.0,0.0,,0,0,0.0,0
18,-9.895287958115185,-76.25,1.0,5.944754037370953,,0,0,0.0,0
19,-8.952879581151834,-76.25,1.0,36.74088249615122,,0,2,0.0,0
20,-8.010471204188482,-76.25,1.0,37.905059856279934,,2,0,0.0,0
21,-7.0680628272251305,-76.25,1.0,44.14156390160967,,2,0,0.0,0
22,-6.12565445026178,-76.25,1.0,54.48193521479216,,2,1,0.0,1
23,-5.183246073298429,-76.25,1.0,60.76928120930455,,1,1,0.0,1
24,-4.2408376963350785,-76.25,1.0,65.25168043083492,,1,1,0.0,1
25,-3.298429319371728,-76.25,1.0,73.87531740426684,,1,1,0.0,1
26,-2.356020942408377,-76.25,1.0,79.56503182897387,,2,2,0.0,3
27,-1.4136125654450262,-76.25,1.0,92.67380439264552,,5,2,0.15,3
28,-0.4712041884816754,-76.25,1.0,119.72773116965614,,5,3,0.26666666666666666,5
29,0.4712041884816754,-76.25,1.0,159.94091655746857,,4,4,0.36666666666666664,9
30,1.4136125654450262,-76.25,1.0,127.01555882793231,,2,4,0.4166666666666667,9
31,-13.664921465968591,-75.0,1.0,0.0,,0,0,0.0,0
32,-12.72251308900524,-75.0,1.0,0.0,,0,0,0.0,0
33,-11.780104712041888,-75.0,1.0,13.384255135694868,,0,3,0.5,4
34,-10.837696335078537,-75.0,1.0,73.44649626938975,,2,3,0.5,4
35,-9.895287958115185,-75.0,1.0,48.59240312454799,,2,1,0.5,0
36,-8.952879581151834,-75.0,1.0,31.49149875025943,,3,0,0.5,0
37,-8.010471204188482,-75.0,1.0,29.606487048390875,,0,0,0.0,0
38,-7.0680628272251305,-75.0,1.0,35.43868517181082,,0,0,0.0,0
39,-6.12565445026178,-75.0,1.0,49.94288829577977,,1,1,0.0,1
40,-5.183246073298429,-75.0,1.0,65.84380665237208,,1,2,0.0,3
41,-4.2408376963350785,-75.0,1.0,80.3812024400425,,1,2,0.0,3
42,-3.298429319371728,-75.0,1.0,96.1377570048951,,1,4,0.16666666666666666,8
43,-2.356020942408377,-75.0,1.0,108.86851721133921,,2,4,0.16666666666666666,8
44,-1.4136125654450262,-75.0,1.0,125.88991607214938,,4,4,0.16666666666666666,9
45,-0.4712041884816754,-75.0,1.0,138.81303020009938,,5,4,0.3333333333333333,9
46,0.4712041884816754,-75.0,1.0,97.3786750935213,,5,4,0.35714285714285715,9
47,1.4136125654450262,-75.0,1.0,97.19452431533587,,5,2,0.35,3
48,2.356020942408377,-75.0,1.0,79.09391767154209,,1,1,0.0,1
49,-14.607329842931941,-73.75,1.0,0.0,,0,0,0.0,0
50,-13.664921465968591,-73.75,1.0,0.0,,0,0,0.0,0
51,-12.72251308900524,-73.75,1.0,23.13025348132811,,0,3,0.3333333333333333,3
52,-11.780104712041888,-73.75,1.0,32.636738977212644,,2,4,0.16666666666666666,4
53,-10.837696335078537,-73.75,1.0,36.61336377463821,,3,0,0.16666666666666666,0
54,-9.895287958115185,-73.75,1.0,31.052303248455036,,3,0,0.16666666666666666,0
55,-8.952879581151834,-73.75,1.0,31.092109313207278,,1,0,0.0,0
56,-8.010471204188482,-73.75,1.0,39.58837021082924,,1,1,0.0,1
57,-7.0680628272251305,-73.75,1.0,49.26878576431821,,1,1,0.0,1
58,-6.12565445026178,-73.75,1.0,53.75074719353303,,1,1,0.0,1
59,-5.183246073298429,-73.75,1.0,62.54770044551975,,2,1,0.0,1
60,-4.2408376963350785,-73.75,1.0,72.94142089001363,,2,2,0.0,3
61,-3.298429319371728,-73.75,1.0,86.31488094128392,,2,2,0.0,3
62,-2.356020942408377,-73.75,1.0,103.70178753512846,,3,2,0.16666666666666666,3
63,-1.4136125654450262,-73.75,1.0,114.22338145536449,,3,4,0.15,8
64,-0.4712041884816754,-73.75,1.0,123.79416888023484,,6,5,0.20833333333333334,12
65,0.4712041884816754,-73.75,1.0,129.31992157792936,,8,4,0.23333333333333334,9
66,1.4136125654450262,-73.75,1.0,124.46911098309587,,6,2,0.3,3
67,-14.607329842931941,-72.5,1.0,0.0,,0,0,0.0,0
68,-13.664921465968591,-72.5,1.0,0.0,,0,0,0.0,0
69,-12.72251308900524,-72.5,1.0,9.332402015118893,,0,3,0.0,0
70,-11.780104712041888,-72.5,1.0,44.91419675941527,,4,0,0.16666666666666666,0
71,-10.837696335078537,-72.5,1.0,29.436510061232166,,1,0,0.0,0
72,-9.895287958115185,-72.5,1.0,30.345055507117564,,0,0,0.0,0
73,-8.952879581151834,-72.5,1.0,32.78805054940059,,1,1,0.0,1
74,-8.010471204188482,-72.5,1.0,38.81296922083977,,1,1,0.0,1
75,-7.0680628272251305,-72.5,1.0,40.53308421517801,,0,0,0.0,0
76,-6.12565445026178,-72.5,1.0,48.262312885307765,,1,1,0.0,1
77,-5.183246073298429,-72.5,1.0,62.64592783366355,,1,1,0.0,1
78,-4.2408376963350785,-72.5,1.0,73.95783567802192,,2,1,0.0,1
79,-3.298429319371728,-72.5,1.0,80.51930621460056,,2,1,0.0,1
80,-2.356020942408377,-72.5,1.0,96.53892829581764,,2,2,0.0,3
81,-1.4136125654450262,-72.5,1.0,108.28200243445815,,2,3,0.16666666666666666,6
82,-0.4712041884816754,-72.5,1.0,118.53839633988838,,3,5,0.2,12
83,0.4712041884816754,-72.5,1.0,121.75603209253052,,5,4,0.16666666666666666,8
84,1.4136125654450262,-72.5,1.0,115.1852838697261,,4,3,0.15,6
85,-14.607329842931941,-71.25,1.0,0.0,,0,0,0.0,0
86,-13.664921465968591,-71.25,1.0,0.0,,0,2,0.5,2
87,-12.72251308900524,-71.25,1.0,62.04867836571321,,4,4,0.13333333333333333,4
88,-11.780104712041888,-71.25,1.0,34.06692080360484,,4,0,0.16666666666666666,0
89,-10.837696335078537,-71.25,1.0,26.119519772851085,,0,0,0.0,0
90,-9.895287958115185,-71.25,1.0,26.829799601186302,,0,0,0.0,0
91,-8.952879581151834,-71.25,1.0,28.1023165668185,,0,0,0.0,0
92,-8.010471204188482,-71.25,1.0,32.463992307592754,,0,0,0.0,0
93,-7.0680628272251305,-71.25,1.0,37.19147119463942,,0,0,0.0,0
94,-6.12565445026178,-71.25,1.0,46.82565219978524,,1,1,0.0,1
95,-5.183246073298429,-71.25,1.0,60.918803828378714,,1,1,0.0,1
96,-4.2408376963350785,-71.25,1.0,70.7941176020132,,1,1,0.0,1
97,-3.298429319371728,-71.25,1.0,78.84092640175285,,1,1,0.0,1
98,-2.356020942408377,-71.25,1.0,96.92669377644634,,2,2,0.0,3
99,-1.4136125654450262,-71.25,1.0,102.54649690726121,,2,3,0.16666666666666666,5
100,-0.4712041884816754,-71.25,1.0,120.64859498912864,,5,5,0.125,12
101,0.4712041884816754,-71.25,1.0,118.72065050918293,,4,4,0.2,9
102,1.4136125654450262,-71.25,1.0,87.45252232745308,,2,3,0.3333333333333333,6
103,-13.664921465968591,-70.0,1.0,20.12016194916169,,0,3,0.16666666666666666,2
104,-12.72251308900524,-70.0,1.0,52.31827975521421,,4,0,0.0,0
105,-11.780104712041888,-70.0,1.0,20.971449792969043,,1,0,0.0,0
106,-10.837696335078537,-70.0,1.0,21.451657477977285,,0,0,0.0,0
107,-9.895287958115185,-70.0,1.0,25.17042131118863,,0,0,0.0,0
108,-8.952879581151834,-70.0,1.0,28.104172292700703,,0,0,0.0,0
109,-8.010471204188482,-70.0,1.0,30.437541681350986,,0,0,0.0,0
110,-7.0680628272251305,-70.0,1.0,31.638104849933633,,0,0,0.0,0
111,-6.12565445026178,-70.0,1.0,43.24849594509769,,0,0,0.0,0
112,-5.183246073298429,-70.0,1.0,57.95752259221895,,1,1,0.0,1
113,-4.2408376963350785,-70.0,1.0,69.24964660508246,,1,1,0.0,1
114,-3.298429319371728,-70.0,1.0,77.50234293004881,,1,1,0.0,1
115,-2.356020942408377,-70.0,1.0,90.5073841241932,,2,2,0.0,3
116,-1.4136125654450262,-70.0,1.0,100.37396302554447,,2,3,0.0,5
117,-0.4712041884816754,-70.0,1.0,126.31310274440348,,4,3,0.15,5
118,0.4712041884816754,-70.0,1.0,122.3412163550663,,5,3,0.16666666666666666,5
119,1.4136125654450262,-70.0,1.0,123.73073139123326,,5,3,0.13333333333333333,6
120,-15.549738219895294,-68.75,1.0,0.0,,0,6,0.06666666666666667,3
121,-14.607329842931941,-68.75,1.0,12.56686327668274,,0,3,0.0,0
122,-13.664921465968591,-68.75,1.0,66.51832717716601,,4,0,0.08333333333333333,0
123,-12.72251308900524,-68.75,1.0,27.356583406930447,,0,0,0.0,0
124,-11.780104712041888,-68.75,1.0,18.034129972394055,,0,0,0.0,0
125,-10.837696335078537,-68.75,1.0,22.680160969523378,,0,0,0.0,0
126,-9.895287958115185,-68.75,1.0,25.445185436269515,,0,0,0.0,0
127,-8.952879581151834,-68.75,1.0,25.13002738351758,,0,0,0.0,0
128,-8.010471204188482,-68.75,1.0,26.269104931721394,,0,0,0.0,0
129,-7.0680628272251305,-68.75,1.0,33.741532280892365,,0,0,0.0,0
130,-6.12565445026178,-68.75,1.0,46.35649005849223,,1,1,0.0,1
131,-5.183246073298429,-68.75,1.0,54.159769316565686,,1,1,0.0,1
132,-4.2408376963350785,-68.75,1.0,69.24994117184596,,1,1,0.0,1
133,-3.298429319371728,-68.75,1.0,82.14989462774825,,1,1,0.0,1
134,-2.356020942408377,-68.75,1.0,89.12397748118109,,2,2,0.0,3
135,-1.4136125654450262,-68.75,1.0,103.65145705533797,,2,3,0.0,5
136,-0.4712041884816754,-68.75,1.0,127.12840125331267,,4,3,0.05,5
137,0.4712041884816754,-68.75,1.0,135.10547256245255,,4,3,0.05,5
138,1.4136125654450262,-68.75,1.0,141.19238405533042,,4,5,0.14285714285714285,13
139,2.356020942408377,-68.75,1.0,160.30489864977537,,3,4,0.25,10
140,-16.492146596858646,-67.5,1.0,0.0,,0,3,0.16666666666666666,1
141,-15.549738219895294,-67.5,1.0,40.493553986440496,,1,1,0.5,0
142,-14.607329842931941,-67.5,1.0,29.302827004793826,,0,0,0.0,0
143,-13.664921465968591,-67.5,1.0,14.980592192813129,,0,0,0.0,0
144,-12.72251308900524,-67.5,1.0,10.27158157758465,,0,0,0.0,0
145,-11.780104712041888,-67.5,1.0,18.309177888306476,,0,0,0.0,0
146,-10.837696335078537,-67.5,1.0,21.70801228471253,,0,0,0.0,0
147,-9.895287958115185,-67.5,1.0,20.29710969496491,,0,0,0.0,0
148,-8.952879581151834,-67.5,1.0,18.485213247121912,,0,0,0.0,0
149,-8.010471204188482,-67.5,1.0,21.159305806186524,,0,0,0.0,0
150,-7.0680628272251305,-67.5,1.0,33.70713497429308,,0,0,0.0,0
151,-6.12565445026178,-67.5,1.0,42.45234614524488,,0,0,0.0,0
152,-5.183246073298429,-67.5,1.0,48.851610474152395,,0,0,0.0,0
153,-4.2408376963350785,-67.5,1.0,62.1981633694747,,1,1,0.0,1
154,-3.298429319371728,-67.5,1.0,73.4285873666672,,1,1,0.0,1
155,-2.356020942408377,-67.5,1.0,87.94031477978166,,2,1,0.0,1
156,-1.4136125654450262,-67.5,1.0,101.3504563403922,,2,2,0.0,3
157,-0.4712041884816754,-67.5,1.0,120.52550700086285,,2,3,0.0,5
158,0.4712041884816754,-67.5,1.0,133.496299770389,,3,4,0.05,8
159,1.4136125654450262,-67.5,1.0,146.13932282077553,,3,7,0.23214285714285715,24
160,2.356020942408377,-67.5,1.0,218.57028311915235,,4,7,0.2222222222222222,21
161,-18.376963350785346,-66.25,1.0,0.0,,0,0,0.0,0
162,-17.434554973821996,-66.25,1.0,0.0,,0,0,0.0,0
163,-16.492146596858646,-66.25,1.0,17.87658386708627,,0,1,0.0,0
164,-15.549738219895294,-66.25,1.0,40.438093761905805,,1,0,0.0,0
165,-14.607329842931941,-66.25,1.0,20.233900943446848,,0,0,0.0,0
166,-13.664921465968591,-66.25,1.0,7.081284842482988,,0,0,0.0,0
167,-12.72251308900524,-66.25,1.0,0.0,,0,0,0.0,0
168,-11.780104712041888,-66.25,1.0,16.529943464861432,,0,0,0.0,0
169,-10.837696335078537,-66.25,1.0,18.27809630619985,,0,0,0.0,0
170,-9.895287958115185,-66.25,1.0,17.76459399610635,,0,0,0.0,0
171,-8.952879581151834,-66.25,1.0,16.756518832144103,,0,0,0.0,0
172,-8.010471204188482,-66.25,1.0,20.186037428115565,,0,0,0.0,0
173,-7.0680628272251305,-66.25,1.0,27.459539477451823,,0,0,0.0,0
174,-6.12565445026178,-66.25,1.0,32.976605353907104,,0,0,0.0,0
175,-5.183246073298429,-66.25,1.0,40.10353572303997,,0,0,0.0,0
176,-4.2408376963350785,-66.25,1.0,51.20805341990299,,1,1,0.0,1
177,-3.298429319371728,-66.25,1.0,62.11231997989935,,1,1,0.0,1
178,-2.356020942408377,-66.25,1.0,75.92674372325389,,1,1,0.0,1
179,-1.4136125654450262,-66.25,1.0,92.0678141387984,,2,2,0.0,3
180,-0.4712041884816754,-66.25,1.0,110.00299340407368,,2,2,0.0,3
181,0.4712041884816754,-66.25,1.0,108.86382978956179,,2,3,0.16666666666666666,5
182,1.4136125654450262,-66.25,1.0,95.75408166877554,,2,5,0.4,13
183,2.356020942408377,-66.25,1.0,178.52261375170988,,5,5,0.23214285714285715,12
184,-18.376963350785346,-65.0,1.0,0.0,,0,0,0.0,0
185,-17.434554973821996,-65.0,1.0,14.149947255908183,,0,0,0.0,0
186,-16.492146596858646,-65.0,1.0,35.70159128871481,,0,0,0.0,0
187,-15.549738219895294,-65.0,1.0,22.350107314324397,,0,0,0.0,0
188,-14.607329842931941,-65.0,1.0,10.286849017465101,,0,0,0.0,0
189,-13.664921465968591,-65.0,1.0,5.520685655060523,,0,0,0.0,0
190,-12.72251308900524,-65.0,1.0,0.33387101755945053,,0,0,0.0,0
191,-11.780104712041888,-65.0,1.0,16.737607554448022,,0,0,0.0,0
192,-10.837696335078537,-65.0,1.0,18.314175707446562,,0,0,0.0,0
193,-9.895287958115185,-65.0,1.0,17.425229999897198,,0,0,0.0,0
194,-8.952879581151834,-65.0,1.0,17.46581539187695,,0,0,0.0,0
195,-8.010471204188482,-65.0,1.0,19.21707156128415,,0,0,0.0,0
196,-7.0680628272251305,-65.0,1.0,21.259252330592208,,0,0,0.0,0
197,-6.12565445026178,-65.0,1.0,22.557656973334513,,0,0,0.0,0
198,-5.183246073298429,-65.0,1.0,31.8723249918266,,0,0,0.0,0
199,-4.2408376963350785,-65.0,1.0,45.4878064117017,,1,1,0.0,1
200,-3.298429319371728,-65.0,1.0,52.777355988141835,,1,1,0.0,1
201,-2.356020942408377,-65.0,1.0,59.82338351689914,,1,1,0.0,1
202,-1.4136125654450262,-65.0,1.0,71.70694611893285,,2,1,0.0,1
203,-0.4712041884816754,-65.0,1.0,84.50112795799537,,2,1,0.0,1
204,0.4712041884816754,-65.0,1.0,112.47010679559864,,3,2,0.16666666666666666,3
205,1.4136125654450262,-65.0,1.0,138.2001096560133,,6,3,0.23809523809523808,6
206,-20.261780104712045,-63.75,1.0,6.336482517742016,,0,0,0.0,0
207,-19.319371727748695,-63.75,1.0,8.67816516380588,,0,0,0.0,0
208,-18.376963350785346,-63.75,1.0,22.905406505521288,,0,0,0.0,0
209,-17.434554973821996,-63.75,1.0,18.540094260380588,,0,0,0.0,0
210,-16.492146596858646,-63.75,1.0,20.685643609939156,,0,0,0.0,0
211,-15.549738219895294,-63.75,1.0,10.215532006889266,,0,0,0.0,0
212,-14.607329842931941,-63.75,1.0,14.256532528583795,,0,0,0.0,0
213,-13.664921465968591,-63.75,1.0,11.18782150240567,,0,0,0.0,0
214,-12.72251308900524,-63.75,1.0,10.026422207438905,,0,0,0.0,0
215,-11.780104712041888,-63.75,1.0,14.225466056864235,,0,0,0.0,0
216,-10.837696335078537,-63.75,1.0,13.23553426777157,,0,0,0.0,0
217,-9.895287958115185,-63.75,1.0,13.481598444702579,,0,0,0.0,0
218,-8.952879581151834,-63.75,1.0,14.027263749815475,,0,0,0.0,0
219,-8.010471204188482,-63.75,1.0,16.41837835479391,,0,0,0.0,0
220,-7.0680628272251305,-63.75,1.0,18.946273333875883,,0,0,0.0,0
221,-6.12565445026178,-63.75,1.0,19.85685394667106,,0,0,0.0,0
222,-5.183246073298429,-63.75,1.0,26.99707712611314,,0,0,0.0,0
223,-4.2408376963350785,-63.75,1.0,36.855730339238384,,0,0,0.0,0
224,-3.298429319371728,-63.75,1.0,41.47191562129793,,0,0,0.0,0
225,-2.356020942408377,-63.75,1.0,48.297649034841605,,0,0,0.0,0
226,-1.4136125654450262,-63.75,1.0,63.68241687883388,,1,1,0.0,1
227,-0.4712041884816754,-63.75,1.0,65.4006853779517,,0,0,0.0,0
228,0.4712041884816754,-63.75,1.0,71.607802352056,,2,1,0.0,1
229,1.4136125654450262,-63.75,1.0,115.61829694432807,,4,3,0.35,6
230,3.298429319371728,-63.75,1.0,173.42847523354862,,3,2,0.5,3
231,-19.319371727748695,-62.5,1.0,2.0633582215329223,,0,0,0.0,0
232,-18.376963350785346,-62.5,1.0,1.3020152905488291,,0,0,0.0,0
233,-17.434554973821996,-62.5,1.0,0.0,,0,0,0.0,0
234,-16.492146596858646,-62.5,1.0,14.312234321928548,,0,0,0.0,0
235,-15.549738219895294,-62.5,1.0,15.751586920226739,,0,0,0.0,0
236,-14.607329842931941,-62.5,1.0,14.608278062327292,,0,0,0.0,0
237,-13.664921465968591,-62.5,1.0,12.865140580884134,,0,0,0.0,0
238,-12.72251308900524,-62.5,1.0,10.602184610121963,,0,0,0.0,0
239,-11.780104712041888,-62.5,1.0,11.285180942709262,,0,0,0.0,0
240,-10.837696335078537,-62.5,1.0,11.478882149964024,,0,0,0.0,0
241,-9.895287958115185,-62.5,1.0,14.641718146371593,,0,0,0.0,0
242,-8.952879581151834,-62.5,1.0,12.979421105182846,,0,0,0.0,0
243,-8.010471204188482,-62.5,1.0,14.07631445985815,,0,0,0.0,0
244,-7.0680628272251305,-62.5,1.0,14.970483208492748,,0,0,0.0,0
245,-6.12565445026178,-62.5,1.0,19.3248071381008,,0,0,0.0,0
246,-5.183246073298429,-62.5,1.0,24.009738704641574,,0,0,0.0,0
247,-4.2408376963350785,-62.5,1.0,29.51844121573604,,0,0,0.0,0
248,-3.298429319371728,-62.5,1.0,32.30941364294806,,0,0,0.0,0
249,-2.356020942408377,-62.5,1.0,41.31575161528793,,0,0,0.0,0
250,-1.4136125654450262,-62.5,1.0,57.33720488349589,,0,0,0.0,0
251,-0.4712041884816754,-62.5,1.0,74.06592181668572,,1,1,0.0,1
252,0.4712041884816754,-62.5,1.0,56.741793441910076,,0,2,0.0,2
253,1.4136125654450262,-62.5,1.0,119.64514808596546,,3,5,0.13333333333333333,12
254,2.356020942408377,-62.5,1.0,154.46906793328338,,9,3,0.2111111111111111,5
255,3.298429319371728,-62.5,1.0,154.25822114048285,,5,1,0.4166666666666667,1
256,-18.376963350785346,-61.25,1.0,0.0,,0,0,0.0,0
257,-17.434554973821996,-61.25,1.0,2.793570447115279,,0,0,0.0,0
258,-16.492146596858646,-61.25,1.0,12.75475694012055,,0,0,0.0,0
259,-15.549738219895294,-61.25,1.0,13.455918308505678,,0,0,0.0,0
260,-14.607329842931941,-61.25,1.0,9.876936352957994,,0,0,0.0,0
261,-13.664921465968591,-61.25,1.0,11.152063124398001,,0,0,0.0,0
262,-12.72251308900524,-61.25,1.0,5.298484456529528,,0,0,0.0,0
263,-11.780104712041888,-61.25,1.0,10.923807555375593,,0,0,0.0,0
264,-10.837696335078537,-61.25,1.0,12.493039648421078,,0,0,0.0,0
265,-9.895287958115185,-61.25,1.0,10.263301558382825,,0,0,0.0,0
266,-8.952879581151834,-61.25,1.0,9.600413563548685,,0,0,0.0,0
267,-8.010471204188482,-61.25,1.0,10.16536488579498,,0,0,0.0,0
268,-7.0680628272251305,-61.25,1.0,11.715357896562097,,0,0,0.0,0
269,-6.12565445026178,-61.25,1.0,14.99638469444067,,0,0,0.0,0
270,-5.183246073298429,-61.25,1.0,18.4606340171266,,0,0,0.0,0
271,-4.2408376963350785,-61.25,1.0,22.37420530760094,,0,0,0.0,0
272,-3.298429319371728,-61.25,1.0,25.262633989834264,,0,0,0.0,0
273,-2.356020942408377,-61.25,1.0,25.17555771018582,,0,0,0.0,0
274,-1.4136125654450262,-61.25,1.0,41.926456555735534,,0,0,0.0,0
275,-0.4712041884816754,-61.25,1.0,67.6398608787513,,1,1,0.0,1
276,0.4712041884816754,-61.25,1.0,100.80486340199363,,2,4,0.08333333333333333,8
277,1.4136125654450262,-61.25,1.0,101.00019048556688,,3,4,0.2,7
278,2.356020942408377,-61.25,1.0,121.17604333838943,,6,2,0.2,2
279,3.298429319371728,-61.25,1.0,15.367915160815713,,0,0,0.0,0
280,4.2408376963350785,-61.25,1.0,14.670488367031757,,0,0,0.0,0
281,-15.549738219895294,-60.0,1.0,1.08801988820185,,0,0,0.0,0
282,-14.607329842931941,-60.0,1.0,4.219291696212916,,0,0,0.0,0
283,-13.664921465968591,-60.0,1.0,5.768046381230051,,0,0,0.0,0
284,-12.72251308900524,-60.0,1.0,9.505080487310329,,0,0,0.0,0
285,-11.780104712041888,-60.0,1.0,10.33607829400038,,0,0,0.0,0
286,-10.837696335078537,-60.0,1.0,10.29053612651743,,0,0,0.0,0
287,-9.895287958115185,-60.0,1.0,9.271700764904107,,0,0,0.0,0
288,-8.952879581151834,-60.0,1.0,9.875555377337024,,0,0,0.0,0
289,-8.010471204188482,-60.0,1.0,,,0,0,0.0,0
290,-7.0680628272251305,-60.0,1.0,10.800974913719358,,0,0,0.0,0
291,-6.12565445026178,-60.0,1.0,10.843057326651456,,0,0,0.0,0
292,-5.183246073298429,-60.0,1.0,14.079105435103605,,0,0,0.0,0
293,-4.2408376963350785,-60.0,1.0,17.667410766082774,,0,0,0.0,0
294,-3.298429319371728,-60.0,1.0,17.63728764158404,,0,0,0.0,0
295,-2.356020942408377,-60.0,1.0,17.240335510502625,,0,0,0.0,0
296,-1.4136125654450262,-60.0,1.0,30.220620466550155,,0,0,0.0,0
297,-0.4712041884816754,-60.0,1.0,52.06652494824241,,0,0,0.0,0
298,0.4712041884816754,-60.0,1.0,85.43994712947473,,2,2,0.0,3
299,1.4136125654450262,-60.0,1.0,119.72299617653604,,4,1,0.3333333333333333,1
300,2.356020942408377,-60.0,1.0,102.82754855619825,,2,0,0.5,0
301,3.298429319371728,-60.0,1.0,33.01518173882584,,0,0,0.0,0
302,4.2408376963350785,-60.0,1.0,26.641362265006098,,0,0,0.0,0
303,5.183246073298429,-60.0,1.0,39.55683183223128,,0,0,0.0,0
304,-13.664921465968591,-58.75,1.0,0.0,,0,0,0.0,0
305,-12.72251308900524,-58.75,1.0,6.142004200500534,,0,0,0.0,0
306,-11.780104712041888,-58.75,1.0,9.087289819418162,,0,0,0.0,0
307,-10.837696335078537,-58.75,1.0,9.324910985785387,,0,0,0.0,0
308,-9.895287958115185,-58.75,1.0,9.890576235409684,,0,0,0.0,0
309,-8.952879581151834,-58.75,1.0,12.24604129696132,,0,0,0.0,0
310,-8.010471204188482,-58.75,1.0,11.766493798433528,,0,0,0.0,0
311,-7.0680628272251305,-58.75,1.0,9.338302124622874,,0,0,0.0,0
312,-6.12565445026178,-58.75,1.0,9.12205442728746,,0,0,0.0,0
313,-5.183246073298429,-58.75,1.0,11.484509855357086,,0,0,0.0,0
314,-4.2408376963350785,-58.75,1.0,11.858670573689997,,0,0,0.0,0
315,-3.298429319371728,-58.75,1.0,13.342266985757428,,0,0,0.0,0
316,-2.356020942408377,-58.75,1.0,13.994425298338793,,0,0,0.0,0
317,-1.4136125654450262,-58.75,1.0,20.574114047983194,,0,0,0.0,0
318,-0.4712041884816754,-58.75,1.0,41.33278297628222,,0,0,0.0,0
319,0.4712041884816754,-58.75,1.0,72.20292235424304,,2,2,0.0,2
320,-13.664921465968591,-57.5,1.0,5.692704246405613,,0,0,0.0,0
321,-12.72251308900524,-57.5,1.0,7.148591635616686,,0,0,0.0,0
322,-11.780104712041888,-57.5,1.0,8.555739023029739,,0,0,0.0,0
323,-10.837696335078537,-57.5,1.0,7.677230652118109,,0,0,0.0,0
324,-9.895287958115185,-57.5,1.0,9.363550123623757,,0,0,0.0,0
325,-8.952879581151834,-57.5,1.0,10.838546315780928,,0,0,0.0,0
326,-8.010471204188482,-57.5,1.0,9.139218363863423,,0,0,0.0,0
327,-7.0680628272251305,-57.5,1.0,7.272636407442732,,0,0,0.0,0
328,-6.12565445026178,-57.5,1.0,6.064341896035967,,0,0,0.0,0
329,-5.183246073298429,-57.5,1.0,5.838859048314726,,0,0,0.0,0
330,-4.2408376963350785,-57.5,1.0,5.777329475188355,,0,0,0.0,0
331,-3.298429319371728,-57.5,1.0,6.493166747078194,,0,0,0.0,0
332,-2.356020942408377,-57.5,1.0,4.940177292848039,,0,0,0.0,0
333,-1.4136125654450262,-57.5,1.0,10.221009403260206,,0,0,0.0,0
334,-0.4712041884816754,-57.5,1.0,21.282497817096083,,0,0,0.0,0
335,0.4712041884816754,-57.5,1.0,45.27583907655573,,1,0,0.0,0
336,1.4136125654450262,-57.5,1.0,64.93219478272906,,0,1,0.0,0
337,-13.664921465968591,-56.25,1.0,7.478757423294708,,0,0,0.0,0
338,-12.72251308900524,-56.25,1.0,5.989163963702545,,0,0,0.0,0
339,-11.780104712041888,-56.25,1.0,4.944615251138407,,0,0,0.0,0
340,-10.837696335078537,-56.25,1.0,4.560406795899635,,0,0,0.0,0
341,-9.895287958115185,-56.25,1.0,5.07603724199009,,0,0,0.0,0
342,-8.952879581151834,-56.25,1.0,9.759546266240216,,0,0,0.0,0
343,-8.010471204188482,-56.25,1.0,7.679967702016961,,0,0,0.0,0
344,-7.0680628272251305,-56.25,1.0,5.29316137784115,,0,0,0.0,0
345,-6.12565445026178,-56.25,1.0,4.037064397796932,,0,0,0.0,0
346,-5.183246073298429,-56.25,1.0,4.017972224193519,,0,0,0.0,0
347,-4.2408376963350785,-56.25,1.0,3.8715388459029314,,0,0,0.0,0
348,-3.298429319371728,-56.25,1.0,3.408618865765746,,0,0,0.0,0
349,-2.356020942408377,-56.25,1.0,3.3589999584655614,,0,0,0.0,0
350,-1.4136125654450262,-56.25,1.0,6.065652862958487,,0,0,0.0,0
351,-0.4712041884816754,-56.25,1.0,10.00200083008902,,0,0,0.0,0
352,0.4712041884816754,-56.25,1.0,20.185876468172353,,0,0,0.0,0
353,1.4136125654450262,-56.25,1.0,32.77470859815537,,1,0,0.0,0
354,-14.607329842931941,-55.0,1.0,0.0,,0,0,0.0,0
355,-13.664921465968591,-55.0,1.0,3.3897205337158565,,0,0,0.0,0
356,-12.72251308900524,-55.0,1.0,5.2047753153616325,,0,0,0.0,0
357,-11.780104712041888,-55.0,1.0,5.0062320321237115,,0,0,0.0,0
358,-10.837696335078537,-55.0,1.0,3.7415902424887464,,0,0,0.0,0
359,-9.895287958115185,-55.0,1.0,4.202506081180481,,0,0,0.0,0
360,-8.952879581151834,-55.0,1.0,9.791062943639913,,0,0,0.0,0
361,-8.010471204188482,-55.0,1.0,7.660142793742878,,0,0,0.0,0
362,-7.0680628272251305,-55.0,1.0,4.5890804516875345,,0,0,0.0,0
363,-6.12565445026178,-55.0,1.0,3.205295288390083,,0,0,0.0,0
364,-5.183246073298429,-55.0,1.0,2.6816568006157473,,0,0,0.0,0
365,-4.2408376963350785,-55.0,1.0,1.9575911028212947,,0,0,0.0,0
366,-3.298429319371728,-55.0,1.0,1.8962153660534131,,0,0,0.0,0
367,-2.356020942408377,-55.0,1.0,2.023184621196296,,0,0,0.0,0
368,-1.4136125654450262,-55.0,1.0,2.6015473533892846,,0,0,0.0,0
369,-0.4712041884816754,-55.0,1.0,5.418032246365648,,0,0,0.0,0
370,0.4712041884816754,-55.0,1.0,11.339515038789532,,0,0,0.0,0
371,1.4136125654450262,-55.0,1.0,16.582141718561456,,0,0,0.0,0
372,2.356020942408377,-55.0,1.0,21.70485757946098,,0,0,0.0,0
373,-14.607329842931941,-53.75,1.0,0.0,,0,0,0.0,0
374,-13.664921465968591,-53.75,1.0,0.03580991931284541,,0,0,0.0,0
375,-12.72251308900524,-53.75,1.0,4.003685440343119,,0,0,0.0,0
376,-11.780104712041888,-53.75,1.0,4.7755431346932875,,0,0,0.0,0
377,-10.837696335078537,-53.75,1.0,5.866634654954529,,0,0,0.0,0
378,-9.895287958115185,-53.75,1.0,6.093579790253025,,0,0,0.0,0
379,-8.952879581151834,-53.75,1.0,8.457836399621288,,0,0,0.0,0
380,-8.010471204188482,-53.75,1.0,5.844450105936265,,0,0,0.0,0
381,-7.0680628272251305,-53.75,1.0,2.9708548617874926,,0,0,0.0,0
382,-6.12565445026178,-53.75,1.0,1.4403764534439019,,0,0,0.0,0
383,-5.183246073298429,-53.75,1.0,1.1422149650245585,,0,0,0.0,0
384,-4.2408376963350785,-53.75,1.0,0.800305963570225,,0,0,0.0,0
385,-3.298429319371728,-53.75,1.0,1.1172933474678135,,0,0,0.0,0
386,-2.356020942408377,-53.75,1.0,1.3486636422581912,,0,0,0.0,0
387,-1.4136125654450262,-53.75,1.0,1.856815044407704,,0,0,0.0,0
388,-0.4712041884816754,-53.75,1.0,4.491234407514767,,0,0,0.0,0
389,0.4712041884816754,-53.75,1.0,8.264816719829353,,0,0,0.0,0
390,1.4136125654450262,-53.75,1.0,10.116826140607214,,0,0,0.0,0
391,2.356020942408377,-53.75,1.0,10.399230891022984,,0,0,0.0,0
392,-13.664921465968591,-52.5,1.0,0.0,,0,0,0.0,0
393,-12.72251308900524,-52.5,1.0,1.7264801024951661,,0,0,0.0,0
394,-11.780104712041888,-52.5,1.0,2.854774507757832,,0,0,0.0,0
395,-10.837696335078537,-52.5,1.0,2.2714611524960633,,0,0,0.0,0
396,-9.895287958115185,-52.5,1.0,3.1408002073451033,,0,0,0.0,0
397,-8.952879581151834,-52.5,1.0,4.436186011105709,,0,0,0.0,0
398,-8.010471204188482,-52.5,1.0,2.839681227503059,,0,0,0.0,0
399,-7.0680628272251305,-52.5,1.0,1.1185413122873316,,0,0,0.0,0
400,-6.12565445026178,-52.5,1.0,0.5681435581997799,,0,0,0.0,0
401,-5.183246073298429,-52.5,1.0,0.7501698739131563,,0,0,0.0,0
402,-4.2408376963350785,-52.5,1.0,0.494494863793391,,0,0,0.0,0
403,-3.298429319371728,-52.5,1.0,0.4766837650542084,,0,0,0.0,0
404,-2.356020942408377,-52.5,1.0,0.949540195762738,,0,0,0.0,0
405,-1.4136125654450262,-52.5,1.0,1.803048183510027,,0,0,0.0,0
406,-0.4712041884816754,-52.5,1.0,4.049068615655459,,0,0,0.0,0
407,0.4712041884816754,-52.5,1.0,6.288658441656644,,0,0,0.0,0
408,-8.952879581151834,-51.25,1.0,1.8023190280058645,,0,0,0.0,0
409,-8.010471204188482,-51.25,1.0,1.1176836104942034,,0,0,0.0,0
410,-7.0680628272251305,-51.25,1.0,0.5128532878769035,,0,0,0.0,0
411,-5.183246073298429,-51.25,1.0,0.4653195964815514,,0,0,0.0,0
412,-4.2408376963350785,-51.25,1.0,0.28637125763759685,,0,0,0.0,0
413,-3.298429319371728,-51.25,1.0,0.40629149879539134,,0,0,0.0,0
414,-2.356020942408377,-51.25,1.0,0.903165807092391,,0,0,0.0,0
415,-3.298429319371728,-50.0,1.0,0.19437253899548793,,0,0,0.0,0
0,-6.12565445026178,-78.75,1.14,0.0,,0,0,0.0,0
1,-5.183246073298429,-78.75,1.14,12.843075147187431,,0,0,0.0,0
2,-4.2408376963350785,-78.75,1.14,42.68685838433425,,0,1,0.0,1
3,-3.298429319371728,-78.75,1.14,21.940577092029965,,0,1,0.0,1
4,-2.356020942408377,-78.75,1.14,6.56820881209293,,0,0,0.0,0
5,-1.4136125654450262,-78.75,1.14,5.800367416779542,,0,1,0.0,1
6,-8.952879581151834,-77.5,1.14,1.843514974953806,,0,0,0.0,0
7,-8.010471204188482,-77.5,1.14,30.3151388712054,,0,0,0.0,0
8,-7.0680628272251305,-77.5,1.14,36.65783672120528,,0,1,0.0,0
9,-6.12565445026178,-77.5,1.14,30.80020525522644,,0,1,0.0,0
10,-5.183246073298429,-77.5,1.14,54.452320125427946,,0,0,0.0,0
11,-4.2408376963350785,-77.5,1.14,62.97895669615686,,2,1,0.0,1
12,-3.298429319371728,-77.5,1.14,77.85454647056532,,2,1,0.0,1
13,-2.356020942408377,-77.5,1.14,55.54537316707395,,1,2,0.0,3
14,-1.4136125654450262,-77.5,1.14,82.59481632598782,,2,2,0.0,3
15,-0.4712041884816754,-77.5,1.14,116.35766882495201,,1,9,0.23214285714285715,30
16,0.4712041884816754,-77.5,1.14,94.48725114876727,,2,10,0.2111111111111111,33
17,-10.837696335078537,-76.25,1.14,0.0,,0,0,0.0,0
18,-9.895287958115185,-76.25,1.14,5.944754037370953,,0,0,0.0,0
19,-8.952879581151834,-76.25,1.14,36.74088249615122,,0,1,0.0,0
20,-8.010471204188482,-76.25,1.14,37.905059856279934,,1,0,0.0,0
21,-7.0680628272251305,-76.25,1.14,44.14156390160967,,1,0,0.0,0
22,-6.12565445026178,-76.25,1.14,54.48193521479216,,1,0,0.0,0
23,-5.183246073298429,-76.25,1.14,60.76928120930455,,1,1,0.0,1
24,-4.2408376963350785,-76.25,1.14,65.25168043083492,,1,1,0.0,1
25,-3.298429319371728,-76.25,1.14,73.87531740426684,,1,1,0.0,1
26,-2.356020942408377,-76.25,1.14,79.56503182897387,,2,1,0.0,1
27,-1.4136125654450262,-76.25,1.14,92.67380439264552,,3,2,0.16666666666666666,3
28,-0.4712041884816754,-76.25,1.14,119.72773116965614,,4,3,0.3,5
29,0.4712041884816754,-76.25,1.14,159.94091655746857,,4,3,0.35,6
30,1.4136125654450262,-76.25,1.14,127.01555882793231,,2,3,0.5,6
31,-13.664921465968591,-75.0,1.14,0.0,,0,0,0.0,0
32,-12.72251308900524,-75.0,1.14,0.0,,0,0,0.0,0
33,-11.780104712041888,-75.0,1.14,13.384255135694868,,0,3,0.3333333333333333,3
34,-10.837696335078537,-75.0,1.14,73.44649626938975,,2,3,0.3333333333333333,3
35,-9.895287958115185,-75.0,1.14,48.59240312454799,,2,0,0.5,0
36,-8.952879581151834,-75.0,1.14,31.49149875025943,,2,0,0.5,0
37,-8.010471204188482,-75.0,1.14,29.606487048390875,,0,0,0.0,0
38,-7.0680628272251305,-75.0,1.14,35.43868517181082,,0,0,0.0,0
39,-6.12565445026178,-75.0,1.14,49.94288829577977,,1,1,0.0,1
40,-5.183246073298429,-75.0,1.14,65.84380665237208,,1,1,0.0,1
41,-4.2408376963350785,-75.0,1.14,80.3812024400425,,1,2,0.0,3
42,-3.298429319371728,-75.0,1.14,96.1377570048951,,1,2,0.0,3
43,-2.356020942408377,-75.0,1.14,108.86851721133921,,1,3,0.0,5
44,-1.4136125654450262,-75.0,1.14,125.88991607214938,,3,4,0.2,9
45,-0.4712041884816754,-75.0,1.14,138.81303020009938,,5,4,0.2857142857142857,9
46,0.4712041884816754,-75.0,1.14,97.3786750935213,,5,3,0.3333333333333333,6
47,1.4136125654450262,-75.0,1.14,97.19452431533587,,3,2,0.5,3
48,2.356020942408377,-75.0,1.14,79.09391767154209,,1,1,0.0,1
49,-14.607329842931941,-73.75,1.14,0.0,,0,0,0.0,0
50,-13.664921465968591,-73.75,1.14,0.0,,0,0,0.0,0
51,-12.72251308900524,-73.75,1.14,23.13025348132811,,0,3,0.3333333333333333,3
52,-11.780104712041888,-73.75,1.14,32.636738977212644,,2,3,0.3333333333333333,3
53,-10.837696335078537,-73.75,1.14,36.61336377463821,,3,0,0.16666666666666666,0
54,-9.895287958115185,-73.75,1.14,31.052303248455036,,3,0,0.16666666666666666,0
55,-8.952879581151834,-73.75,1.14,31.092109313207278,,0,0,0.0,0
56,-8.010471204188482,-73.75,1.14,39.58837021082924,,0,0,0.0,0
57,-7.0680628272251305,-73.75,1.14,49.26878576431821,,1,1,0.0,1
58,-6.12565445026178,-73.75,1.14,53.75074719353303,,1,1,0.0,1
59,-5.183246073298429,-73.75,1.14,62.54770044551975,,1,1,0.0,1
60,-4.2408376963350785,-73.75,1.14,72.94142089001363,,2,1,0.0,1
61,-3.298429319371728,-73.75,1.14,86.31488094128392,,2,2,0.0,3
62,-2.356020942408377,-73.75,1.14,103.70178753512846,,2,2,0.0,3
63,-1.4136125654450262,-73.75,1.14,114.22338145536449,,2,3,0.16666666666666666,5
64,-0.4712041884816754,-73.75,1.14,123.79416888023484,,6,4,0.17857142857142858,9
65,0.4712041884816754,-73.75,1.14,129.31992157792936,,6,4,0.21428571428571427,9
66,1.4136125654450262,-73.75,1.14,124.46911098309587,,6,2,0.23333333333333334,3
67,-14.607329842931941,-72.5,1.14,0.0,,0,0,0.0,0
68,-13.664921465968591,-72.5,1.14,0.0,,0,0,0.0,0
69,-12.72251308900524,-72.5,1.14,9.332402015118893,,0,3,0.0,0
70,-11.780104712041888,-72.5,1.14,44.91419675941527,,4,0,0.16666666666666666,0
71,-10.837696335078537,-72.5,1.14,29.436510061232166,,1,0,0.0,0
72,-9.895287958115185,-72.5,1.14,30.345055507117564,,0,0,0.0,0
73,-8.952879581151834,-72.5,1.14,32.78805054940059,,0,0,0.0,0
74,-8.010471204188482,-72.5,1.14,38.81296922083977,,0,0,0.0,0
75,-7.0680628272251305,-72.5,1.14,40.53308421517801,,0,0,0.0,0
76,-6.12565445026178,-72.5,1.14,48.262312885307765,,0,0,0.0,0
77,-5.183246073298429,-72.5,1.14,62.64592783366355,,1,1,0.0,1
78,-4.2408376963350785,-72.5,1.14,73.95783567802192,,1,1,0.0,1
79,-3.298429319371728,-72.5,1.14,80.51930621460056,,2,1,0.0,1
80,-2.356020942408377,-72.5,1.14,96.53892829581764,,2,2,0.0,3
81,-1.4136125654450262,-72.5,1.14,108.28200243445815,,2,2,0.0,3
82,-0.4712041884816754,-72.5,1.14,118.53839633988838,,2,3,0.16666666666666666,5
83,0.4712041884816754,-72.5,1.14,121.75603209253052,,4,3,0.15,5
84,1.4136125654450262,-72.5,1.14,115.1852838697261,,4,2,0.16666666666666666,3
85,-14.607329842931941,-71.25,1.14,0.0,,0,0,0.0,0
86,-13.664921465968591,-71.25,1.14,0.0,,0,2,0.5,2
87,-12.72251308900524,-71.25,1.14,62.04867836571321,,4,4,0.13333333333333333,4
88,-11.780104712041888,-71.25,1.14,34.06692080360484,,3,0,0.3333333333333333,0
89,-10.837696335078537,-71.25,1.14,26.119519772851085,,0,0,0.0,0
90,-9.895287958115185,-71.25,1.14,26.829799601186302,,0,0,0.0,0
91,-8.952879581151834,-71.25,1.14,28.1023165668185,,0,0,0.0,0
92,-8.010471204188482,-71.25,1.14,32.463992307592754,,0,0,0.0,0
93,-7.0680628272251305,-71.25,1.14,37.19147119463942,,0,0,0.0,0
94,-6.12565445026178,-71.25,1.14,46.82565219978524,,0,0,0.0,0
95,-5.183246073298429,-71.25,1.14,60.918803828378714,,1,1,0.0,1
96,-4.2408376963350785,-71.25,1.14,70.7941176020132,,1,1,0.0,1
97,-3.298429319371728,-71.25,1.14,78.84092640175285,,1,1,0.0,1
98,-2.356020942408377,-71.25,1.14,96.92669377644634,,2,1,0.0,1
99,-1.4136125654450262,-71.25,1.14,102.54649690726121,,2,2,0.0,3
100,-0.4712041884816754,-71.25,1.14,120.64859498912864,,2,2,0.0,3
101,0.4712041884816754,-71.25,1.14,118.72065050918293,,2,2,0.0,3
102,1.4136125654450262,-71.25,1.14,87.45252232745308,,2,2,0.0,3
103,-13.664921465968591,-70.0,1.14,20.12016194916169,,0,3,0.16666666666666666,2
104,-12.72251308900524,-70.0,1.14,52.31827975521421,,3,0,0.0,0
105,-11.780104712041888,-70.0,1.14,20.971449792969043,,0,0,0.0,0
106,-10.837696335078537,-70.0,1.14,21.451657477977285,,0,0,0.0,0
107,-9.895287958115185,-70.0,1.14,25.17042131118863,,0,0,0.0,0
108,-8.952879581151834,-70.0,1.14,28.104172292700703,,0,0,0.0,0
109,-8.010471204188482,-70.0,1.14,30.437541681350986,,0,0,0.0,0
110,-7.0680628272251305,-70.0,1.14,31.638104849933633,,0,0,0.0,0
111,-6.12565445026178,-70.0,1.14,43.24849594509769,,0,0,0.0,0
112,-5.183246073298429,-70.0,1.14,57.95752259221895,,1,1,0.0,1
113,-4.2408376963350785,-70.0,1.14,69.24964660508246,,1,1,0.0,1
114,-3.298429319371728,-70.0,1.14,77.50234293004881,,1,1,0.0,1
115,-2.356020942408377,-70.0,1.14,90.5073841241932,,1,1,0.0,1
116,-1.4136125654450262,-70.0,1.14,100.37396302554447,,2,2,0.0,3
117,-0.4712041884816754,-70.0,1.14,126.31310274440348,,2,3,0.0,5
118,0.4712041884816754,-70.0,1.14,122.3412163550663,,3,3,0.0,5
119,1.4136125654450262,-70.0,1.14,123.73073139123326,,3,2,0.0,3
120,-15.549738219895294,-68.75,1.14,0.0,,0,5,0.1,3
121,-14.607329842931941,-68.75,1.14,12.56686327668274,,0,2,0.0,0
122,-13.664921465968591,-68.75,1.14,66.51832717716601,,2,0,0.0,0
123,-12.72251308900524,-68.75,1.14,27.356583406930447,,0,0,0.0,0
124,-11.780104712041888,-68.75,1.14,18.034129972394055,,0,0,0.0,0
125,-10.837696335078537,-68.75,1.14,22.680160969523378,,0,0,0.0,0
126,-9.895287958115185,-68.75,1.14,25.445185436269515,,0,0,0.0,0
127,-8.952879581151834,-68.75,1.14,25.13002738351758,,0,0,0.0,0
128,-8.010471204188482,-68.75,1.14,26.269104931721394,,0,0,0.0,0
129,-7.0680628272251305,-68.75,1.14,33.741532280892365,,0,0,0.0,0
130,-6.12565445026178,-68.75,1.14,46.35649005849223,,0,0,0.0,0
131,-5.183246073298429,-68.75,1.14,54.159769316565686,,0,0,0.0,0
132,-4.2408376963350785,-68.75,1.14,69.24994117184596,,1,1,0.0,1
133,-3.298429319371728,-68.75,1.14,82.14989462774825,,1,1,0.0,1
134,-2.356020942408377,-68.75,1.14,89.12397748118109,,1,1,0.0,1
135,-1.4136125654450262,-68.75,1.14,103.65145705533797,,2,2,0.0,3
136,-0.4712041884816754,-68.75,1.14,127.12840125331267,,2,3,0.0,5
137,0.4712041884816754,-68.75,1.14,135.10547256245255,,3,3,0.0,5
138,1.4136125654450262,-68.75,1.14,141.19238405533042,,3,5,0.1,12
139,2.356020942408377,-68.75,1.14,160.30489864977537,,2,3,0.3333333333333333,6
140,-16.492146596858646,-67.5,1.14,0.0,,0,0,0.0,0
141,-15.549738219895294,-67.5,1.14,40.493553986440496,,0,0,0.0,0
142,-14.607329842931941,-67.5,1.14,29.302827004793826,,0,0,0.0,0
143,-13.664921465968591,-67.5,1.14,14.980592192813129,,0,0,0.0,0
144,-12.72251308900524,-67.5,1.14,10.27158157758465,,0,0,0.0,0
145,-11.780104712041888,-67.5,1.14,18.309177888306476,,0,0,0.0,0
146,-10.837696335078537,-67.5,1.14,21.70801228471253,,0,0,0.0,0
147,-9.895287958115185,-67.5,1.14,20.29710969496491,,0,0,0.0,0
148,-8.952879581151834,-67.5,1.14,18.485213247121912,,0,0,0.0,0
149,-8.010471204188482,-67.5,1.14,21.159305806186524,,0,0,0.0,0
150,-7.0680628272251305,-67.5,1.14,33.70713497429308,,0,0,0.0,0
151,-6.12565445026178,-67.5,1.14,42.45234614524488,,0,0,0.0,0
152,-5.183246073298429,-67.5,1.14,48.851610474152395,,0,0,0.0,0
153,-4.2408376963350785,-67.5,1.14,62.1981633694747,,1,1,0.0,1
154,-3.298429319371728,-67.5,1.14,73.4285873666672,,1,1,0.0,1
155,-2.356020942408377,-67.5,1.14,87.94031477978166,,1,1,0.0,1
156,-1.4136125654450262,-67.5,1.14,101.3504563403922,,2,2,0.0,3
157,-0.4712041884816754,-67.5,1.14,120.52550700086285,,2,2,0.0,3
158,0.4712041884816754,-67.5,1.14,133.496299770389,,2,4,0.08333333333333333,8
159,1.4136125654450262,-67.5,1.14,146.13932282077553,,3,6,0.16666666666666666,16
160,2.356020942408377,-67.5,1.14,218.57028311915235,,4,5,0.19047619047619047,13
161,-18.376963350785346,-66.25,1.14,0.0,,0,0,0.0,0
162,-17.434554973821996,-66.25,1.14,0.0,,0,0,0.0,0
163,-16.492146596858646,-66.25,1.14,17.87658386708627,,0,0,0.0,0
164,-15.549738219895294,-66.25,1.14,40.438093761905805,,0,0,0.0,0
165,-14.607329842931941,-66.25,1.14,20.233900943446848,,0,0,0.0,0
166,-13.664921465968591,-66.25,1.14,7.081284842482988,,0,0,0.0,0
167,-12.72251308900524,-66.25,1.14,0.0,,0,0,0.0,0
168,-11.780104712041888,-66.25,1.14,16.529943464861432,,0,0,0.0,0
169,-10.837696335078537,-66.25,1.14,18.27809630619985,,0,0,0.0,0
170,-9.895287958115185,-66.25,1.14,17.76459399610635,,0,0,0.0,0
171,-8.952879581151834,-66.25,1.14,16.756518832144103,,0,0,0.0,0
172,-8.010471204188482,-66.25,1.14,20.186037428115565,,0,0,0.0,0
173,-7.0680628272251305,-66.25,1.14,27.459539477451823,,0,0,0.0,0
174,-6.12565445026178,-66.25,1.14,32.976605353907104,,0,0,0.0,0
175,-5.183246073298429,-66.25,1.14,40.10353572303997,,0,0,0.0,0
176,-4.2408376963350785,-66.25,1.14,51.20805341990299,,0,0,0.0,0
177,-3.298429319371728,-66.25,1.14,62.11231997989935,,0,0,0.0,0
178,-2.356020942408377,-66.25,1.14,75.92674372325389,,1,1,0.0,1
179,-1.4136125654450262,-66.25,1.14,92.0678141387984,,2,1,0.0,1
180,-0.4712041884816754,-66.25,1.14,110.00299340407368,,2,2,0.0,3
181,0.4712041884816754,-66.25,1.14,108.86382978956179,,2,3,0.16666666666666666,5
182,1.4136125654450262,-66.25,1.14,95.75408166877554,,2,5,0.3,12
183,2.356020942408377,-66.25,1.14,178.52261375170988,,5,4,0.19047619047619047,8
184,-18.376963350785346,-65.0,1.14,0.0,,0,0,0.0,0
185,-17.434554973821996,-65.0,1.14,14.149947255908183,,0,0,0.0,0
186,-16.492146596858646,-65.0,1.14,35.70159128871481,,0,0,0.0,0
187,-15.549738219895294,-65.0,1.14,22.350107314324397,,0,0,0.0,0
188,-14.607329842931941,-65.0,1.14,10.286849017465101,,0,0,0.0,0
189,-13.664921465968591,-65.0,1.14,5.520685655060523,,0,0,0.0,0
190,-12.72251308900524,-65.0,1.14,0.33387101755945053,,0,0,0.0,0
191,-11.780104712041888,-65.0,1.14,16.737607554448022,,0,0,0.0,0
192,-10.837696335078537,-65.0,1.14,18.314175707446562,,0,0,0.0,0
193,-9.895287958115185,-65.0,1.14,17.425229999897198,,0,0,0.0,0
194,-8.952879581151834,-65.0,1.14,17.46581539187695,,0,0,0.0,0
195,-8.010471204188482,-65.0,1.14,19.21707156128415,,0,0,0.0,0
196,-7.0680628272251305,-65.0,1.14,21.259252330592208,,0,0,0.0,0
197,-6.12565445026178,-65.0,1.14,22.557656973334513,,0,0,0.0,0
198,-5.183246073298429,-65.0,1.14,31.8723249918266,,0,0,0.0,0
199,-4.2408376963350785,-65.0,1.14,45.4878064117017,,0,0,0.0,0
200,-3.298429319371728,-65.0,1.14,52.777355988141835,,0,0,0.0,0
201,-2.356020942408377,-65.0,1.14,59.82338351689914,,1,1,0.0,1
202,-1.4136125654450262,-65.0,1.14,71.70694611893285,,1,1,0.0,1
203,-0.4712041884816754,-65.0,1.14,84.50112795799537,,2,1,0.0,1
204,0.4712041884816754,-65.0,1.14,112.47010679559864,,3,1,0.5,1
205,1.4136125654450262,-65.0,1.14,138.2001096560133,,5,2,0.2,3
206,-20.261780104712045,-63.75,1.14,6.336482517742016,,0,0,0.0,0
207,-19.319371727748695,-63.75,1.14,8.67816516380588,,0,0,0.0,0
208,-18.376963350785346,-63.75,1.14,22.905406505521288,,0,0,0.0,0
209,-17.434554973821996,-63.75,1.14,18.540094260380588,,0,0,0.0,0
210,-16.492146596858646,-63.75,1.14,20.685643609939156,,0,0,0.0,0
211,-15.549738219895294,-63.75,1.14,10.215532006889266,,0,0,0.0,0
212,-14.607329842931941,-63.75,1.14,14.256532528583795,,0,0,0.0,0
213,-13.664921465968591,-63.75,1.14,11.18782150240567,,0,0,0.0,0
214,-12.72251308900524,-63.75,1.14,10.026422207438905,,0,0,0.0,0
215,-11.780104712041888,-63.75,1.14,14.225466056864235,,0,0,0.0,0
216,-10.837696335078537,-63.75,1.14,13.23553426777157,,0,0,0.0,0
217,-9.895287958115185,-63.75,1.14,13.481598444702579,,0,0,0.0,0
218,-8.952879581151834,-63.75,1.14,14.027263749815475,,0,0,0.0,0
219,-8.010471204188482,-63.75,1.14,16.41837835479391,,0,0,0.0,0
220,-7.0680628272251305,-63.75,1.14,18.946273333875883,,0,0,0.0,0
221,-6.12565445026178,-63.75,1.14,19.85685394667106,,0,0,0.0,0
222,-5.183246073298429,-63.75,1.14,26.99707712611314,,0,0,0.0,0
223,-4.2408376963350785,-63.75,1.14,36.855730339238384,,0,0,0.0,0
224,-3.298429319371728,-63.75,1.14,41.47191562129793,,0,0,0.0,0
225,-2.356020942408377,-63.75,1.14,48.297649034841605,,0,0,0.0,0
226,-1.4136125654450262,-63.75,1.14,63.68241687883388,,0,0,0.0,0
227,-0.4712041884816754,-63.75,1.14,65.4006853779517,,0,0,0.0,0
228,0.4712041884816754,-63.75,1.14,71.607802352056,,0,0,0.0,0
229,1.4136125654450262,-63.75,1.14,115.61829694432807,,4,3,0.25,6
230,3.298429319371728,-63.75,1.14,173.42847523354862,,3,2,0.5,3
231,-19.319371727748695,-62.5,1.14,2.0633582215329223,,0,0,0.0,0
232,-18.376963350785346,-62.5,1.14,1.3020152905488291,,0,0,0.0,0
233,-17.434554973821996,-62.5,1.14,0.0,,0,0,0.0,0
234,-16.492146596858646,-62.5,1.14,14.312234321928548,,0,0,0.0,0
235,-15.549738219895294,-62.5,1.14,15.751586920226739,,0,0,0.0,0
236,-14.607329842931941,-62.5,1.14,14.608278062327292,,0,0,0.0,0
237,-13.664921465968591,-62.5,1.14,12.865140580884134,,0,0,0.0,0
238,-12.72251308900524,-62.5,1.14,10.602184610121963,,0,0,0.0,0
239,-11.780104712041888,-62.5,1.14,11.285180942709262,,0,0,0.0,0
240,-10.837696335078537,-62.5,1.14,11.478882149964024,,0,0,0.0,0
241,-9.895287958115185,-62.5,1.14,14.641718146371593,,0,0,0.0,0
242,-8.952879581151834,-62.5,1.14,12.979421105182846,,0,0,0.0,0
243,-8.010471204188482,-62.5,1.14,14.07631445985815,,0,0,0.0,0
244,-7.0680628272251305,-62.5,1.14,14.970483208492748,,0,0,0.0,0
245,-6.12565445026178,-62.5,1.14,19.3248071381008,,0,0,0.0,0
246,-5.183246073298429,-62.5,1.14,24.009738704641574,,0,0,0.0,0
247,-4.2408376963350785,-62.5,1.14,29.51844121573604,,0,0,0.0,0
248,-3.298429319371728,-62.5,1.14,32.30941364294806,,0,0,0.0,0
249,-2.356020942408377,-62.5,1.14,41.31575161528793,,0,0,0.0,0
250,-1.4136125654450262,-62.5,1.14,57.33720488349589,,0,0,0.0,0
251,-0.4712041884816754,-62.5,1.14,74.06592181668572,,0,0,0.0,0
252,0.4712041884816754,-62.5,1.14,56.741793441910076,,0,0,0.0,0
253,1.4136125654450262,-62.5,1.14,119.64514808596546,,2,4,0.25,9
254,2.356020942408377,-62.5,1.14,154.46906793328338,,6,2,0.16666666666666666,3
255,3.298429319371728,-62.5,1.14,154.25822114048285,,4,1,0.5,1
256,-18.376963350785346,-61.25,1.14,0.0,,0,0,0.0,0
257,-17.434554973821996,-61.25,1.14,2.793570447115279,,0,0,0.0,0
258,-16.492146596858646,-61.25,1.14,12.75475694012055,,0,0,0.0,0
259,-15.549738219895294,-61.25,1.14,13.455918308505678,,0,0,0.0,0
260,-14.607329842931941,-61.25,1.14,9.876936352957994,,0,0,0.0,0
261,-13.664921465968591,-61.25,1.14,11.152063124398001,,0,0,0.0,0
262,-12.72251308900524,-61.25,1.14,5.298484456529528,,0,0,0.0,0
263,-11.780104712041888,-61.25,1.14,10.923807555375593,,0,0,0.0,0
264,-10.837696335078537,-61.25,1.14,12.493039648421078,,0,0,0.0,0
265,-9.895287958115185,-61.25,1.14,10.263301558382825,,0,0,0.0,0
266,-8.952879581151834,-61.25,1.14,9.600413563548685,,0,0,0.0,0
267,-8.010471204188482,-61.25,1.14,10.16536488579498,,0,0,0.0,0
268,-7.0680628272251305,-61.25,1.14,11.715357896562097,,0,0,0.0,0
269,-6.12565445026178,-61.25,1.14,14.99638469444067,,0,0,0.0,0
270,-5.183246073298429,-61.25,1.14,18.4606340171266,,0,0,0.0,0
271,-4.2408376963350785,-61.25,1.14,22.37420530760094,,0,0,0.0,0
272,-3.298429319371728,-61.25,1.14,25.262633989834264,,0,0,0.0,0
273,-2.356020942408377,-61.25,1.14,25.17555771018582,,0,0,0.0,0
274,-1.4136125654450262,-61.25,1.14,41.926456555735534,,0,0,0.0,0
275,-0.4712041884816754,-61.25,1.14,67.6398608787513,,0,0,0.0,0
276,0.4712041884816754,-61.25,1.14,100.80486340199363,,1,2,0.0,3
277,1.4136125654450262,-61.25,1.14,101.00019048556688,,2,4,0.16666666666666666,7
278,2.356020942408377,-61.25,1.14,121.17604333838943,,4,2,0.25,2
279,3.298429319371728,-61.25,1.14,15.367915160815713,,0,0,0.0,0
280,4.2408376963350785,-61.25,1.14,14.670488367031757,,0,0,0.0,0
281,-15.549738219895294,-60.0,1.14,1.08801988820185,,0,0,0.0,0
282,-14.607329842931941,-60.0,1.14,4.219291696212916,,0,0,0.0,0
283,-13.664921465968591,-60.0,1.14,5.768046381230051,,0,0,0.0,0
284,-12.72251308900524,-60.0,1.14,9.505080487310329,,0,0,0.0,0
285,-11.780104712041888,-60.0,1.14,10.33607829400038,,0,0,0.0,0
286,-10.837696335078537,-60.0,1.14,10.29053612651743,,0,0,0.0,0
287,-9.895287958115185,-60.0,1.14,9.271700764904107,,0,0,0.0,0
288,-8.952879581151834,-60.0,1.14,9.875555377337024,,0,0,0.0,0
289,-8.010471204188482,-60.0,1.14,,,0,0,0.0,0
290,-7.0680628272251305,-60.0,1.14,10.800974913719358,,0,0,0.0,0
291,-6.12565445026178,-60.0,1.14,10.843057326651456,,0,0,0.0,0
292,-5.183246073298429,-60.0,1.14,14.079105435103605,,0,0,0.0,0
293,-4.2408376963350785,-60.0,1.14,17.667410766082774,,0,0,0.0,0
294,-3.298429319371728,-60.0,1.14,17.63728764158404,,0,0,0.0,0
295,-2.356020942408377,-60.0,1.14,17.240335510502625,,0,0,0.0,0
296,-1.4136125654450262,-60.0,1.14,30.220620466550155,,0,0,0.0,0
297,-0.4712041884816754,-60.0,1.14,52.06652494824241,,0,0,0.0,0
298,0.4712041884816754,-60.0,1.14,85.43994712947473,,2,2,0.0,2
299,1.4136125654450262,-60.0,1.14,119.72299617653604,,2,1,0.0,1
300,2.356020942408377,-60.0,1.14,102.82754855619825,,2,0,0.5,0
301,3.298429319371728,-60.0,1.14,33.01518173882584,,0,0,0.0,0
302,4.2408376963350785,-60.0,1.14,26.641362265006098,,0,0,0.0,0
303,5.183246073298429,-60.0,1.14,39.55683183223128,,0,0,0.0,0
304,-13.664921465968591,-58.75,1.14,0.0,,0,0,0.0,0
305,-12.72251308900524,-58.75,1.14,6.142004200500534,,0,0,0.0,0
306,-11.780104712041888,-58.75,1.14,9.087289819418162,,0,0,0.0,0
307,-10.837696335078537,-58.75,1.14,9.324910985785387,,0,0,0.0,0
308,-9.895287958115185,-58.75,1.14,9.890576235409684,,0,0,0.0,0
309,-8.952879581151834,-58.75,1.14,12.24604129696132,,0,0,0.0,0
310,-8.010471204188482,-58.75,1.14,11.766493798433528,,0,0,0.0,0
311,-7.0680628272251305,-58.75,1.14,9.338302124622874,,0,0,0.0,0
312,-6.12565445026178,-58.75,1.14,9.12205442728746,,0,0,0.0,0
313,-5.183246073298429,-58.75,1.14,11.484509855357086,,0,0,0.0,0
314,-4.2408376963350785,-58.75,1.14,11.858670573689997,,0,0,0.0,0
315,-3.298429319371728,-58.75,1.14,13.342266985757428,,0,0,0.0,0
316,-2.356020942408377,-58.75,1.14,13.994425298338793,,0,0,0.0,0
317,-1.4136125654450262,-58.75,1.14,20.574114047983194,,0,0,0.0,0
318,-0.4712041884816754,-58.75,1.14,41.33278297628222,,0,0,0.0,0
319,0.4712041884816754,-58.75,1.14,72.20292235424304,,1,0,0.0,0
320,-13.664921465968591,-57.5,1.14,5.692704246405613,,0,0,0.0,0
321,-12.72251308900524,-57.5,1.14,7.148591635616686,,0,0,0.0,0
322,-11.780104712041888,-57.5,1.14,8.555739023029739,,0,0,0.0,0
323,-10.837696335078537,-57.5,1.14,7.677230652118109,,0,0,0.0,0
324,-9.895287958115185,-57.5,1.14,9.363550123623757,,0,0,0.0,0
325,-8.952879581151834,-57.5,1.14,10.838546315780928,,0,0,0.0,0
326,-8.010471204188482,-57.5,1.14,9.139218363863423,,0,0,0.0,0
327,-7.0680628272251305,-57.5,1.14,7.272636407442732,,0,0,0.0,0
328,-6.12565445026178,-57.5,1.14,6.064341896035967,,0,0,0.0,0
329,-5.183246073298429,-57.5,1.14,5.838859048314726,,0,0,0.0,0
330,-4.2408376963350785,-57.5,1.14,5.777329475188355,,0,0,0.0,0
331,-3.298429319371728,-57.5,1.14,6.493166747078194,,0,0,0.0,0
332,-2.356020942408377,-57.5,1.14,4.940177292848039,,0,0,0.0,0
333,-1.4136125654450262,-57.5,1.14,10.221009403260206,,0,0,0.0,0
334,-0.4712041884816754,-57.5,1.14,21.282497817096083,,0,0,0.0,0
335,0.4712041884816754,-57.5,1.14,45.27583907655573,,0,0,0.0,0
336,1.4136125654450262,-57.5,1.14,64.93219478272906,,0,1,0.0,0
337,-13.664921465968591,-56.25,1.14,7.478757423294708,,0,0,0.0,0
338,-12.72251308900524,-56.25,1.14,5.989163963702545,,0,0,0.0,0
339,-11.780104712041888,-56.25,1.14,4.944615251138407,,0,0,0.0,0
340,-10.837696335078537,-56.25,1.14,4.560406795899635,,0,0,0.0,0
341,-9.895287958115185,-56.25,1.14,5.07603724199009,,0,0,0.0,0
342,-8.952879581151834,-56.25,1.14,9.759546266240216,,0,0,0.0,0
343,-8.010471204188482,-56.25,1.14,7.679967702016961,,0,0,0.0,0
344,-7.0680628272251305,-56.25,1.14,5.29316137784115,,0,0,0.0,0
345,-6.12565445026178,-56.25,1.14,4.037064397796932,,0,0,0.0,0
346,-5.183246073298429,-56.25,1.14,4.017972224193519,,0,0,0.0,0
347,-4.2408376963350785,-56.25,1.14,3.8715388459029314,,0,0,0.0,0
348,-3.298429319371728,-56.25,1.14,3.408618865765746,,0,0,0.0,0
349,-2.356020942408377,-56.25,1.14,3.3589999584655614,,0,0,0.0,0
350,-1.4136125654450262,-56.25,1.14,6.065652862958487,,0,0,0.0,0
351,-0.4712041884816754,-56.25,1.14,10.00200083008902,,0,0,0.0,0
352,0.4712041884816754,-56.25,1.14,20.185876468172353,,0,0,0.0,0
353,1.4136125654450262,-56.25,1.14,32.77470859815537,,1,0,0.0,0
354,-14.607329842931941,-55.0,1.14,0.0,,0,0,0.0,0
355,-13.664921465968591,-55.0,1.14,3.3897205337158565,,0,0,0.0,0
356,-12.72251308900524,-55.0,1.14,5.2047753153616325,,0,0,0.0,0
357,-11.780104712041888,-55.0,1.14,5.0062320321237115,,0,0,0.0,0
358,-10.837696335078537,-55.0,1.14,3.7415902424887464,,0,0,0.0,0
359,-9.895287958115185,-55.0,1.14,4.202506081180481,,0,0,0.0,0
360,-8.952879581151834,-55.0,1.14,9.791062943639913,,0,0,0.0,0
361,-8.010471204188482,-55.0,1.14,7.660142793742878,,0,0,0.0,0
362,-7.0680628272251305,-55.0,1.14,4.5890804516875345,,0,0,0.0,0
363,-6.12565445026178,-55.0,1.14,3.205295288390083,,0,0,0.0,0
364,-5.183246073298429,-55.0,1.14,2.6816568006157473,,0,0,0.0,0
365,-4.2408376963350785,-55.0,1.14,1.9575911028212947,,0,0,0.0,0
366,-3.298429319371728,-55.0,1.14,1.8962153660534131,,0,0,0.0,0
367,-2.356020942408377,-55.0,1.14,2.023184621196296,,0,0,0.0,0
368,-1.4136125654450262,-55.0,1.14,2.6015473533892846,,0,0,0.0,0
369,-0.4712041884816754,-55.0,1.14,5.418032246365648,,0,0,0.0,0
370,0.4712041884816754,-55.0,1.14,11.339515038789532,,0,0,0.0,0
371,1.4136125654450262,-55.0,1.14,16.582141718561456,,0,0,0.0,0
372,2.356020942408377,-55.0,1.14,21.70485757946098,,0,0,0.0,0
373,-14.607329842931941,-53.75,1.14,0.0,,0,0,0.0,0
374,-13.664921465968591,-53.75,1.14,0.03580991931284541,,0,0,0.0,0
375,-12.72251308900524,-53.75,1.14,4.003685440343119,,0,0,0.0,0
376,-11.780104712041888,-53.75,1.14,4.7755431346932875,,0,0,0.0,0
377,-10.837696335078537,-53.75,1.14,5.866634654954529,,0,0,0.0,0
378,-9.895287958115185,-53.75,1.14,6.093579790253025,,0,0,0.0,0
379,-8.952879581151834,-53.75,1.14,8.457836399621288,,0,0,0.0,0
380,-8.010471204188482,-53.75,1.14,5.844450105936265,,0,0,0.0,0
381,-7.0680628272251305,-53.75,1.14,2.9708548617874926,,0,0,0.0,0
382,-6.12565445026178,-53.75,1.14,1.4403764534439019,,0,0,0.0,0
383,-5.183246073298429,-53.75,1.14,1.1422149650245585,,0,0,0.0,0
384,-4.2408376963350785,-53.75,1.14,0.800305963570225,,0,0,0.0,0
385,-3.298429319371728,-53.75,1.14,1.1172933474678135,,0,0,0.0,0
386,-2.356020942408377,-53.75,1.14,1.3486636422581912,,0,0,0.0,0
387,-1.4136125654450262,-53.75,1.14,1.856815044407704,,0,0,0.0,0
388,-0.4712041884816754,-53.75,1.14,4.491234407514767,,0,0,0.0,0
389,0.4712041884816754,-53.75,1.14,8.264816719829353,,0,0,0.0,0
390,1.4136125654450262,-53.75,1.14,10.116826140607214,,0,0,0.0,0
391,2.356020942408377,-53.75,1.14,10.399230891022984,,0,0,0.0,0
392,-13.664921465968591,-52.5,1.14,0.0,,0,0,0.0,0
393,-12.72251308900524,-52.5,1.14,1.7264801024951661,,0,0,0.0,0
394,-11.780104712041888,-52.5,1.14,2.854774507757832,,0,0,0.0,0
395,-10.837696335078537,-52.5,1.14,2.2714611524960633,,0,0,0.0,0
396,-9.895287958115185,-52.5,1.14,3.1408002073451033,,0,0,0.0,0
397,-8.952879581151834,-52.5,1.14,4.436186011105709,,0,0,0.0,0
398,-8.010471204188482,-52.5,1.14,2.839681227503059,,0,0,0.0,0
399,-7.0680628272251305,-52.5,1.14,1.1185413122873316,,0,0,0.0,0
400,-6.12565445026178,-52.5,1.14,0.5681435581997799,,0,0,0.0,0
401,-5.183246073298429,-52.5,1.14,0.7501698739131563,,0,0,0.0,0
402,-4.2408376963350785,-52.5,1.14,0.494494863793391,,0,0,0.0,0
403,-3.298429319371728,-52.5,1.14,0.4766837650542084,,0,0,0.0,0
404,-2.356020942408377,-52.5,1.14,0.949540195762738,,0,0,0.0,0
405,-1.4136125654450262,-52.5,1.14,1.803048183510027,,0,0,0.0,0
406,-0.4712041884816754,-52.5,1.14,4.049068615655459,,0,0,0.0,0
407,0.4712041884816754,-52.5,1.14,6.288658441656644,,0,0,0.0,0
408,-8.952879581151834,-51.25,1.14,1.8023190280058645,,0,0,0.0,0
409,-8.010471204188482,-51.25,1.14,1.1176836104942034,,0,0,0.0,0
410,-7.0680628272251305,-51.25,1.14,0.5128532878769035,,0,0,0.0,0
411,-5.183246073298429,-51.25,1.14,0.4653195964815514,,0,0,0.0,0
412,-4.2408376963350785,-51.25,1.14,0.28637125763759685,,0,0,0.0,0
413,-3.298429319371728,-51.25,1.14,0.40629149879539134,,0,0,0.0,0
414,-2.356020942408377,-51.25,1.14,0.903165807092391,,0,0,0.0,0
415,-3.298429319371728,-50.0,1.14,0.19437253899548793,,0,0,0.0,0
0,-6.12565445026178,-78.75,1.5,0.0,,0,0,0.0,0
1,-5.183246073298429,-78.75,1.5,12.843075147187431,,0,0,0.0,0
2,-4.2408376963350785,-78.75,1.5,42.68685838433425,,0,0,0.0,0
3,-3.298429319371728,-78.75,1.5,21.940577092029965,,0,0,0.0,0
4,-2.356020942408377,-78.75,1.5,6.56820881209293,,0,0,0.0,0
5,-1.4136125654450262,-78.75,1.5,5.800367416779542,,0,1,0.0,1
6,-8.952879581151834,-77.5,1.5,1.843514974953806,,0,0,0.0,0
7,-8.010471204188482,-77.5,1.5,30.3151388712054,,0,0,0.0,0
8,-7.0680628272251305,-77.5,1.5,36.65783672120528,,0,0,0.0,0
9,-6.12565445026178,-77.5,1.5,30.80020525522644,,0,0,0.0,0
10,-5.183246073298429,-77.5,1.5,54.452320125427946,,0,0,0.0,0
11,-4.2408376963350785,-77.5,1.5,62.97895669615686,,0,0,0.0,0
12,-3.298429319371728,-77.5,1.5,77.85454647056532,,0,0,0.0,0
13,-2.356020942408377,-77.5,1.5,55.54537316707395,,0,0,0.0,0
14,-1.4136125654450262,-77.5,1.5,82.59481632598782,,2,2,0.0,3
15,-0.4712041884816754,-77.5,1.5,116.35766882495201,,1,4,0.0,7
16,0.4712041884816754,-77.5,1.5,94.48725114876727,,1,7,0.03333333333333333,14
17,-10.837696335078537,-76.25,1.5,0.0,,0,0,0.0,0
18,-9.895287958115185,-76.25,1.5,5.944754037370953,,0,0,0.0,0
19,-8.952879581151834,-76.25,1.5,36.74088249615122,,0,1,0.0,0
20,-8.010471204188482,-76.25,1.5,37.905059856279934,,1,0,0.0,0
21,-7.0680628272251305,-76.25,1.5,44.14156390160967,,0,0,0.0,0
22,-6.12565445026178,-76.25,1.5,54.48193521479216,,0,0,0.0,0
23,-5.183246073298429,-76.25,1.5,60.76928120930455,,0,0,0.0,0
24,-4.2408376963350785,-76.25,1.5,65.25168043083492,,0,0,0.0,0
25,-3.298429319371728,-76.25,1.5,73.87531740426684,,0,0,0.0,0
26,-2.356020942408377,-76.25,1.5,79.56503182897387,,0,0,0.0,0
27,-1.4136125654450262,-76.25,1.5,92.67380439264552,,2,1,0.0,1
28,-0.4712041884816754,-76.25,1.5,119.72773116965614,,3,1,0.0,1
29,0.4712041884816754,-76.25,1.5,159.94091655746857,,3,2,0.16666666666666666,3
30,1.4136125654450262,-76.25,1.5,127.01555882793231,,2,3,0.16666666666666666,6
31,-13.664921465968591,-75.0,1.5,0.0,,0,0,0.0,0
32,-12.72251308900524,-75.0,1.5,0.0,,0,0,0.0,0
33,-11.780104712041888,-75.0,1.5,13.384255135694868,,0,2,0.5,2
34,-10.837696335078537,-75.0,1.5,73.44649626938975,,2,3,0.16666666666666666,3
35,-9.895287958115185,-75.0,1.5,48.59240312454799,,2,0,0.5,0
36,-8.952879581151834,-75.0,1.5,31.49149875025943,,1,0,0.0,0
37,-8.010471204188482,-75.0,1.5,29.606487048390875,,0,0,0.0,0
38,-7.0680628272251305,-75.0,1.5,35.43868517181082,,0,0,0.0,0
39,-6.12565445026178,-75.0,1.5,49.94288829577977,,0,0,0.0,0
40,-5.183246073298429,-75.0,1.5,65.84380665237208,,1,1,0.0,1
41,-4.2408376963350785,-75.0,1.5,80.3812024400425,,1,1,0.0,1
42,-3.298429319371728,-75.0,1.5,96.1377570048951,,1,2,0.0,3
43,-2.356020942408377,-75.0,1.5,108.86851721133921,,1,2,0.0,3
44,-1.4136125654450262,-75.0,1.5,125.88991607214938,,1,3,0.0,5
45,-0.4712041884816754,-75.0,1.5,138.81303020009938,,4,1,0.0,1
46,0.4712041884816754,-75.0,1.5,97.3786750935213,,3,1,0.5,1
47,1.4136125654450262,-75.0,1.5,97.19452431533587,,2,2,0.5,3
48,2.356020942408377,-75.0,1.5,79.09391767154209,,1,1,0.0,1
49,-14.607329842931941,-73.75,1.5,0.0,,0,0,0.0,0
50,-13.664921465968591,-73.75,1.5,0.0,,0,0,0.0,0
51,-12.72251308900524,-73.75,1.5,23.13025348132811,,0,2,0.5,1
52,-11.780104712041888,-73.75,1.5,32.636738977212644,,1,2,0.16666666666666666,0
53,-10.837696335078537,-73.75,1.5,36.61336377463821,,2,0,0.5,0
54,-9.895287958115185,-73.75,1.5,31.052303248455036,,1,0,0.0,0
55,-8.952879581151834,-73.75,1.5,31.092109313207278,,0,0,0.0,0
56,-8.010471204188482,-73.75,1.5,39.58837021082924,,0,0,0.0,0
57,-7.0680628272251305,-73.75,1.5,49.26878576431821,,0,0,0.0,0
58,-6.12565445026178,-73.75,1.5,53.75074719353303,,0,0,0.0,0
59,-5.183246073298429,-73.75,1.5,62.54770044551975,,0,0,0.0,0
60,-4.2408376963350785,-73.75,1.5,72.94142089001363,,0,0,0.0,0
61,-3.298429319371728,-73.75,1.5,86.31488094128392,,2,1,0.0,1
62,-2.356020942408377,-73.75,1.5,103.70178753512846,,2,1,0.0,1
63,-1.4136125654450262,-73.75,1.5,114.22338145536449,,2,1,0.0,1
64,-0.4712041884816754,-73.75,1.5,123.79416888023484,,1,3,0.0,5
65,0.4712041884816754,-73.75,1.5,129.31992157792936,,3,3,0.0,5
66,1.4136125654450262,-73.75,1.5,124.46911098309587,,4,1,0.16666666666666666,1
67,-14.607329842931941,-72.5,1.5,0.0,,0,0,0.0,0
68,-13.664921465968591,-72.5,1.5,0.0,,0,0,0.0,0
69,-12.72251308900524,-72.5,1.5,9.332402015118893,,0,1,0.0,0
70,-11.780104712041888,-72.5,1.5,44.91419675941527,,2,0,0.0,0
71,-10.837696335078537,-72.5,1.5,29.436510061232166,,0,0,0.0,0
72,-9.895287958115185,-72.5,1.5,30.345055507117564,,0,0,0.0,0
73,-8.952879581151834,-72.5,1.5,32.78805054940059,,0,0,0.0,0
74,-8.010471204188482,-72.5,1.5,38.81296922083977,,0,0,0.0,0
75,-7.0680628272251305,-72.5,1.5,40.53308421517801,,0,0,0.0,0
76,-6.12565445026178,-72.5,1.5,48.262312885307765,,0,0,0.0,0
77,-5.183246073298429,-72.5,1.5,62.64592783366355,,0,0,0.0,0
78,-4.2408376963350785,-72.5,1.5,73.95783567802192,,0,0,0.0,0
79,-3.298429319371728,-72.5,1.5,80.51930621460056,,0,0,0.0,0
80,-2.356020942408377,-72.5,1.5,96.53892829581764,,1,1,0.0,1
81,-1.4136125654450262,-72.5,1.5,108.28200243445815,,1,1,0.0,1
82,-0.4712041884816754,-72.5,1.5,118.53839633988838,,2,2,0.0,3
83,0.4712041884816754,-72.5,1.5,121.75603209253052,,2,2,0.0,3
84,1.4136125654450262,-72.5,1.5,115.1852838697261,,1,1,0.0,1
85,-14.607329842931941,-71.25,1.5,0.0,,0,0,0.0,0
86,-13.664921465968591,-71.25,1.5,0.0,,0,2,0.0,1
87,-12.72251308900524,-71.25,1.5,62.04867836571321,,4,2,0.08333333333333333,2
88,-11.780104712041888,-71.25,1.5,34.06692080360484,,2,0,0.5,0
89,-10.837696335078537,-71.25,1.5,26.119519772851085,,0,0,0.0,0
90,-9.895287958115185,-71.25,1.5,26.829799601186302,,0,0,0.0,0
91,-8.952879581151834,-71.25,1.5,28.1023165668185,,0,0,0.0,0
92,-8.010471204188482,-71.25,1.5,32.463992307592754,,0,0,0.0,0
93,-7.0680628272251305,-71.25,1.5,37.19147119463942,,0,0,0.0,0
94,-6.12565445026178,-71.25,1.5,46.82565219978524,,0,0,0.0,0
95,-5.183246073298429,-71.25,1.5,60.918803828378714,,0,0,0.0,0
96,-4.2408376963350785,-71.25,1.5,70.7941176020132,,0,0,0.0,0
97,-3.298429319371728,-71.25,1.5,78.84092640175285,,0,0,0.0,0
98,-2.356020942408377,-71.25,1.5,96.92669377644634,,1,1,0.0,1
99,-1.4136125654450262,-71.25,1.5,102.54649690726121,,1,1,0.0,1
100,-0.4712041884816754,-71.25,1.5,120.64859498912864,,2,2,0.0,3
101,0.4712041884816754,-71.25,1.5,118.72065050918293,,2,2,0.0,3
102,1.4136125654450262,-71.25,1.5,87.45252232745308,,1,2,0.0,3
103,-13.664921465968591,-70.0,1.5,20.12016194916169,,0,3,0.16666666666666666,2
104,-12.72251308900524,-70.0,1.5,52.31827975521421,,3,0,0.0,0
105,-11.780104712041888,-70.0,1.5,20.971449792969043,,0,0,0.0,0
106,-10.837696335078537,-70.0,1.5,21.451657477977285,,0,0,0.0,0
107,-9.895287958115185,-70.0,1.5,25.17042131118863,,0,0,0.0,0
108,-8.952879581151834,-70.0,1.5,28.104172292700703,,0,0,0.0,0
109,-8.010471204188482,-70.0,1.5,30.437541681350986,,0,0,0.0,0
110,-7.0680628272251305,-70.0,1.5,31.638104849933633,,0,0,0.0,0
111,-6.12565445026178,-70.0,1.5,43.24849594509769,,0,0,0.0,0
112,-5.183246073298429,-70.0,1.5,57.95752259221895,,0,0,0.0,0
113,-4.2408376963350785,-70.0,1.5,69.24964660508246,,0,0,0.0,0
114,-3.298429319371728,-70.0,1.5,77.50234293004881,,0,0,0.0,0
115,-2.356020942408377,-70.0,1.5,90.5073841241932,,1,1,0.0,1
116,-1.4136125654450262,-70.0,1.5,100.37396302554447,,1,1,0.0,1
117,-0.4712041884816754,-70.0,1.5,126.31310274440348,,2,2,0.0,3
118,0.4712041884816754,-70.0,1.5,122.3412163550663,,2,2,0.0,3
119,1.4136125654450262,-70.0,1.5,123.73073139123326,,2,2,0.0,3
120,-15.549738219895294,-68.75,1.5,0.0,,0,3,0.0,1
121,-14.607329842931941,-68.75,1.5,12.56686327668274,,0,2,0.0,0
122,-13.664921465968591,-68.75,1.5,66.51832717716601,,2,0,0.0,0
123,-12.72251308900524,-68.75,1.5,27.356583406930447,,0,0,0.0,0
124,-11.780104712041888,-68.75,1.5,18.034129972394055,,0,0,0.0,0
125,-10.837696335078537,-68.75,1.5,22.680160969523378,,0,0,0.0,0
126,-9.895287958115185,-68.75,1.5,25.445185436269515,,0,0,0.0,0
127,-8.952879581151834,-68.75,1.5,25.13002738351758,,0,0,0.0,0
128,-8.010471204188482,-68.75,1.5,26.269104931721394,,0,0,0.0,0
129,-7.0680628272251305,-68.75,1.5,33.741532280892365,,0,0,0.0,0
130,-6.12565445026178,-68.75,1.5,46.35649005849223,,0,0,0.0,0
131,-5.183246073298429,-68.75,1.5,54.159769316565686,,0,0,0.0,0
132,-4.2408376963350785,-68.75,1.5,69.24994117184596,,0,0,0.0,0
133,-3.298429319371728,-68.75,1.5,82.14989462774825,,0,0,0.0,0
134,-2.356020942408377,-68.75,1.5,89.12397748118109,,1,1,0.0,1
135,-1.4136125654450262,-68.75,1.5,103.65145705533797,,1,1,0.0,1
136,-0.4712041884816754,-68.75,1.5,127.12840125331267,,2,1,0.0,1
137,0.4712041884816754,-68.75,1.5,135.10547256245255,,2,2,0.0,3
138,1.4136125654450262,-68.75,1.5,141.19238405533042,,2,3,0.0,5
139,2.356020942408377,-68.75,1.5,160.30489864977537,,2,3,0.16666666666666666,6
140,-16.492146596858646,-67.5,1.5,0.0,,0,0,0.0,0
141,-15.549738219895294,-67.5,1.5,40.493553986440496,,0,0,0.0,0
142,-14.607329842931941,-67.5,1.5,29.302827004793826,,0,0,0.0,0
143,-13.664921465968591,-67.5,1.5,14.980592192813129,,0,0,0.0,0
144,-12.72251308900524,-67.5,1.5,10.27158157758465,,0,0,0.0,0
145,-11.780104712041888,-67.5,1.5,18.309177888306476,,0,0,0.0,0
146,-10.837696335078537,-67.5,1.5,21.70801228471253,,0,0,0.0,0
147,-9.895287958115185,-67.5,1.5,20.29710969496491,,0,0,0.0,0
148,-8.952879581151834,-67.5,1.5,18.485213247121912,,0,0,0.0,0
149,-8.010471204188482,-67.5,1.5,21.159305806186524,,0,0,0.0,0
150,-7.0680628272251305,-67.5,1.5,33.70713497429308,,0,0,0.0,0
151,-6.12565445026178,-67.5,1.5,42.45234614524488,,0,0,0.0,0
152,-5.183246073298429,-67.5,1.5,48.851610474152395,,0,0,0.0,0
153,-4.2408376963350785,-67.5,1.5,62.1981633694747,,0,0,0.0,0
154,-3.298429319371728,-67.5,1.5,73.4285873666672,,0,0,0.0,0
155,-2.356020942408377,-67.5,1.5,87.94031477978166,,1,1,0.0,1
156,-1.4136125654450262,-67.5,1.5,101.3504563403922,,1,1,0.0,1
157,-0.4712041884816754,-67.5,1.5,120.52550700086285,,1,1,0.0,1
158,0.4712041884816754,-67.5,1.5,133.496299770389,,2,2,0.0,3
159,1.4136125654450262,-67.5,1.5,146.13932282077553,,2,4,0.08333333333333333,8
160,2.356020942408377,-67.5,1.5,218.57028311915235,,3,2,0.16666666666666666,3
161,-18.376963350785346,-66.25,1.5,0.0,,0,0,0.0,0
162,-17.434554973821996,-66.25,1.5,0.0,,0,0,0.0,0
163,-16.492146596858646,-66.25,1.5,17.87658386708627,,0,0,0.0,0
164,-15.549738219895294,-66.25,1.5,40.438093761905805,,0,0,0.0,0
165,-14.607329842931941,-66.25,1.5,20.233900943446848,,0,0,0.0,0
166,-13.664921465968591,-66.25,1.5,7.081284842482988,,0,0,0.0,0
167,-12.72251308900524,-66.25,1.5,0.0,,0,0,0.0,0
168,-11.780104712041888,-66.25,1.5,16.529943464861432,,0,0,0.0,0
169,-10.837696335078537,-66.25,1.5,18.27809630619985,,0,0,0.0,0
170,-9.895287958115185,-66.25,1.5,17.76459399610635,,0,0,0.0,0
171,-8.952879581151834,-66.25,1.5,16.756518832144103,,0,0,0.0,0
172,-8.010471204188482,-66.25,1.5,20.186037428115565,,0,0,0.0,0
173,-7.0680628272251305,-66.25,1.5,27.459539477451823,,0,0,0.0,0
174,-6.12565445026178,-66.25,1.5,32.976605353907104,,0,0,0.0,0
175,-5.183246073298429,-66.25,1.5,40.10353572303997,,0,0,0.0,0
176,-4.2408376963350785,-66.25,1.5,51.20805341990299,,0,0,0.0,0
177,-3.298429319371728,-66.25,1.5,62.11231997989935,,0,0,0.0,0
178,-2.356020942408377,-66.25,1.5,75.92674372325389,,0,0,0.0,0
179,-1.4136125654450262,-66.25,1.5,92.0678141387984,,1,1,0.0,1
180,-0.4712041884816754,-66.25,1.5,110.00299340407368,,1,1,0.0,1
181,0.4712041884816754,-66.25,1.5,108.86382978956179,,2,2,0.0,3
182,1.4136125654450262,-66.25,1.5,95.75408166877554,,2,2,0.5,3
183,2.356020942408377,-66.25,1.5,178.52261375170988,,3,3,0.08333333333333333,5
184,-18.376963350785346,-65.0,1.5,0.0,,0,0,0.0,0
185,-17.434554973821996,-65.0,1.5,14.149947255908183,,0,0,0.0,0
186,-16.492146596858646,-65.0,1.5,35.70159128871481,,0,0,0.0,0
187,-15.549738219895294,-65.0,1.5,22.350107314324397,,0,0,0.0,0
188,-14.607329842931941,-65.0,1.5,10.286849017465101,,0,0,0.0,0
189,-13.664921465968591,-65.0,1.5,5.520685655060523,,0,0,0.0,0
190,-12.72251308900524,-65.0,1.5,0.33387101755945053,,0,0,0.0,0
191,-11.780104712041888,-65.0,1.5,16.737607554448022,,0,0,0.0,0
192,-10.837696335078537,-65.0,1.5,18.314175707446562,,0,0,0.0,0
193,-9.895287958115185,-65.0,1.5,17.425229999897198,,0,0,0.0,0
194,-8.952879581151834,-65.0,1.5,17.46581539187695,,0,0,0.0,0
195,-8.010471204188482,-65.0,1.5,19.21707156128415,,0,0,0.0,0
196,-7.0680628272251305,-65.0,1.5,21.259252330592208,,0,0,0.0,0
197,-6.12565445026178,-65.0,1.5,22.557656973334513,,0,0,0.0,0
198,-5.183246073298429,-65.0,1.5,31.8723249918266,,0,0,0.0,0
199,-4.2408376963350785,-65.0,1.5,45.4878064117017,,0,0,0.0,0
200,-3.298429319371728,-65.0,1.5,52.777355988141835,,0,0,0.0,0
201,-2.356020942408377,-65.0,1.5,59.82338351689914,,0,0,0.0,0
202,-1.4136125654450262,-65.0,1.5,71.70694611893285,,0,0,0.0,0
203,-0.4712041884816754,-65.0,1.5,84.50112795799537,,0,0,0.0,0
204,0.4712041884816754,-65.0,1.5,112.47010679559864,,2,1,0.0,1
205,1.4136125654450262,-65.0,1.5,138.2001096560133,,3,2,0.16666666666666666,3
206,-20.261780104712045,-63.75,1.5,6.336482517742016,,0,0,0.0,0
207,-19.319371727748695,-63.75,1.5,8.67816516380588,,0,0,0.0,0
208,-18.376963350785346,-63.75,1.5,22.905406505521288,,0,0,0.0,0
209,-17.434554973821996,-63.75,1.5,18.540094260380588,,0,0,0.0,0
210,-16.492146596858646,-63.75,1.5,20.685643609939156,,0,0,0.0,0
211,-15.549738219895294,-63.75,1.5,10.215532006889266,,0,0,0.0,0
212,-14.607329842931941,-63.75,1.5,14.256532528583795,,0,0,0.0,0
213,-13.664921465968591,-63.75,1.5,11.18782150240567,,0,0,0.0,0
214,-12.72251308900524,-63.75,1.5,10.026422207438905,,0,0,0.0,0
215,-11.780104712041888,-63.75,1.5,14.225466056864235,,0,0,0.0,0
216,-10.837696335078537,-63.75,1.5,13.23553426777157,,0,0,0.0,0
217,-9.895287958115185,-63.75,1.5,13.481598444702579,,0,0,0.0,0
218,-8.952879581151834,-63.75,1.5,14.027263749815475,,0,0,0.0,0
219,-8.010471204188482,-63.75,1.5,16.41837835479391,,0,0,0.0,0
220,-7.0680628272251305,-63.75,1.5,18.946273333875883,,0,0,0.0,0
221,-6.12565445026178,-63.75,1.5,19.85685394667106,,0,0,0.0,0
222,-5.183246073298429,-63.75,1.5,26.99707712611314,,0,0,0.0,0
223,-4.2408376963350785,-63.75,1.5,36.855730339238384,,0,0,0.0,0
224,-3.298429319371728,-63.75,1.5,41.47191562129793,,0,0,0.0,0
225,-2.356020942408377,-63.75,1.5,48.297649034841605,,0,0,0.0,0
226,-1.4136125654450262,-63.75,1.5,63.68241687883388,,0,0,0.0,0
227,-0.4712041884816754,-63.75,1.5,65.4006853779517,,0,0,0.0,0
228,0.4712041884816754,-63.75,1.5,71.607802352056,,0,0,0.0,0
229,1.4136125654450262,-63.75,1.5,115.61829694432807,,2,1,0.0,1
230,3.298429319371728,-63.75,1.5,173.42847523354862,,2,2,0.0,3
231,-19.319371727748695,-62.5,1.5,2.0633582215329223,,0,0,0.0,0
232,-18.376963350785346,-62.5,1.5,1.3020152905488291,,0,0,0.0,0
233,-17.434554973821996,-62.5,1.5,0.0,,0,0,0.0,0
234,-16.492146596858646,-62.5,1.5,14.312234321928548,,0,0,0.0,0
235,-15.549738219895294,-62.5,1.5,15.751586920226739,,0,0,0.0,0
236,-14.607329842931941,-62.5,1.5,14.608278062327292,,0,0,0.0,0
237,-13.664921465968591,-62.5,1.5,12.865140580884134,,0,0,0.0,0
238,-12.72251308900524,-62.5,1.5,10.602184610121963,,0,0,0.0,0
239,-11.780104712041888,-62.5,1.5,11.285180942709262,,0,0,0.0,0
240,-10.837696335078537,-62.5,1.5,11.478882149964024,,0,0,0.0,0
241,-9.895287958115185,-62.5,1.5,14.641718146371593,,0,0,0.0,0
242,-8.952879581151834,-62.5,1.5,12.979421105182846,,0,0,0.0,0
243,-8.010471204188482,-62.5,1.5,14.07631445985815,,0,0,0.0,0
244,-7.0680628272251305,-62.5,1.5,14.970483208492748,,0,0,0.0,0
245,-6.12565445026178,-62.5,1.5,19.3248071381008,,0,0,0.0,0
246,-5.183246073298429,-62.5,1.5,24.009738704641574,,0,0,0.0,0
247,-4.2408376963350785,-62.5,1.5,29.51844121573604,,0,0,0.0,0
248,-3.298429319371728,-62.5,1.5,32.30941364294806,,0,0,0.0,0
249,-2.356020942408377,-62.5,1.5,41.31575161528793,,0,0,0.0,0
250,-1.4136125654450262,-62.5,1.5,57.33720488349589,,0,0,0.0,0
251,-0.4712041884816754,-62.5,1.5,74.06592181668572,,0,0,0.0,0
252,0.4712041884816754,-62.5,1.5,56.741793441910076,,0,0,0.0,0
253,1.4136125654450262,-62.5,1.5,119.64514808596546,,1,1,0.0,1
254,2.356020942408377,-62.5,1.5,154.46906793328338,,2,2,0.0,2
255,3.298429319371728,-62.5,1.5,154.25822114048285,,2,1,0.0,1
256,-18.376963350785346,-61.25,1.5,0.0,,0,0,0.0,0
257,-17.434554973821996,-61.25,1.5,2.793570447115279,,0,0,0.0,0
258,-16.492146596858646,-61.25,1.5,12.75475694012055,,0,0,0.0,0
259,-15.549738219895294,-61.25,1.5,13.455918308505678,,0,0,0.0,0
260,-14.607329842931941,-61.25,1.5,9.876936352957994,,0,0,0.0,0
261,-13.664921465968591,-61.25,1.5,11.152063124398001,,0,0,0.0,0
262,-12.72251308900524,-61.25,1.5,5.298484456529528,,0,0,0.0,0
263,-11.780104712041888,-61.25,1.5,10.923807555375593,,0,0,0.0,0
264,-10.837696335078537,-61.25,1.5,12.493039648421078,,0,0,0.0,0
265,-9.895287958115185,-61.25,1.5,10.263301558382825,,0,0,0.0,0
266,-8.952879581151834,-61.25,1.5,9.600413563548685,,0,0,0.0,0
267,-8.010471204188482,-61.25,1.5,10.16536488579498,,0,0,0.0,0
268,-7.0680628272251305,-61.25,1.5,11.715357896562097,,0,0,0.0,0
269,-6.12565445026178,-61.25,1.5,14.99638469444067,,0,0,0.0,0
270,-5.183246073298429,-61.25,1.5,18.4606340171266,,0,0,0.0,0
271,-4.2408376963350785,-61.25,1.5,22.37420530760094,,0,0,0.0,0
272,-3.298429319371728,-61.25,1.5,25.262633989834264,,0,0,0.0,0
273,-2.356020942408377,-61.25,1.5,25.17555771018582,,0,0,0.0,0
274,-1.4136125654450262,-61.25,1.5,41.926456555735534,,0,0,0.0,0
275,-0.4712041884816754,-61.25,1.5,67.6398608787513,,0,0,0.0,0
276,0.4712041884816754,-61.25,1.5,100.80486340199363,,0,0,0.0,0
277,1.4136125654450262,-61.25,1.5,101.00019048556688,,0,1,0.0,0
278,2.356020942408377,-61.25,1.5,121.17604333838943,,1,0,0.0,0
279,3.298429319371728,-61.25,1.5,15.367915160815713,,0,0,0.0,0
280,4.2408376963350785,-61.25,1.5,14.670488367031757,,0,0,0.0,0
281,-15.549738219895294,-60.0,1.5,1.08801988820185,,0,0,0.0,0
282,-14.607329842931941,-60.0,1.5,4.219291696212916,,0,0,0.0,0
283,-13.664921465968591,-60.0,1.5,5.768046381230051,,0,0,0.0,0
284,-12.72251308900524,-60.0,1.5,9.505080487310329,,0,0,0.0,0
285,-11.780104712041888,-60.0,1.5,10.33607829400038,,0,0,0.0,0
286,-10.837696335078537,-60.0,1.5,10.29053612651743,,0,0,0.0,0
287,-9.895287958115185,-60.0,1.5,9.271700764904107,,0,0,0.0,0
288,-8.952879581151834,-60.0,1.5,9.875555377337024,,0,0,0.0,0
289,-8.010471204188482,-60.0,1.5,,,0,0,0.0,0
290,-7.0680628272251305,-60.0,1.5,10.800974913719358,,0,0,0.0,0
291,-6.12565445026178,-60.0,1.5,10.843057326651456,,0,0,0.0,0
292,-5.183246073298429,-60.0,1.5,14.079105435103605,,0,0,0.0,0
293,-4.2408376963350785,-60.0,1.5,17.667410766082774,,0,0,0.0,0
294,-3.298429319371728,-60.0,1.5,17.63728764158404,,0,0,0.0,0
295,-2.356020942408377,-60.0,1.5,17.240335510502625,,0,0,0.0,0
296,-1.4136125654450262,-60.0,1.5,30.220620466550155,,0,0,0.0,0
297,-0.4712041884816754,-60.0,1.5,52.06652494824241,,0,0,0.0,0
298,0.4712041884816754,-60.0,1.5,85.43994712947473,,0,0,0.0,0
299,1.4136125654450262,-60.0,1.5,119.72299617653604,,1,0,0.0,0
300,2.356020942408377,-60.0,1.5,102.82754855619825,,0,0,0.0,0
301,3.298429319371728,-60.0,1.5,33.01518173882584,,0,0,0.0,0
302,4.2408376963350785,-60.0,1.5,26.641362265006098,,0,0,0.0,0
303,5.183246073298429,-60.0,1.5,39.55683183223128,,0,0,0.0,0
304,-13.664921465968591,-58.75,1.5,0.0,,0,0,0.0,0
305,-12.72251308900524,-58.75,1.5,6.142004200500534,,0,0,0.0,0
306,-11.780104712041888,-58.75,1.5,9.087289819418162,,0,0,0.0,0
307,-10.837696335078537,-58.75,1.5,9.324910985785387,,0,0,0.0,0
308,-9.895287958115185,-58.75,1.5,9.890576235409684,,0,0,0.0,0
309,-8.952879581151834,-58.75,1.5,12.24604129696132,,0,0,0.0,0
310,-8.010471204188482,-58.75,1.5,11.766493798433528,,0,0,0.0,0
311,-7.0680628272251305,-58.75,1.5,9.338302124622874,,0,0,0.0,0
312,-6.12565445026178,-58.75,1.5,9.12205442728746,,0,0,0.0,0
313,-5.183246073298429,-58.75,1.5,11.484509855357086,,0,0,0.0,0
314,-4.2408376963350785,-58.75,1.5,11.858670573689997,,0,0,0.0,0
315,-3.298429319371728,-58.75,1.5,13.342266985757428,,0,0,0.0,0
316,-2.356020942408377,-58.75,1.5,13.994425298338793,,0,0,0.0,0
317,-1.4136125654450262,-58.75,1.5,20.574114047983194,,0,0,0.0,0
318,-0.4712041884816754,-58.75,1.5,41.33278297628222,,0,0,0.0,0
319,0.4712041884816754,-58.75,1.5,72.20292235424304,,0,0,0.0,0
320,-13.664921465968591,-57.5,1.5,5.692704246405613,,0,0,0.0,0
321,-12.72251308900524,-57.5,1.5,7.148591635616686,,0,0,0.0,0
322,-11.780104712041888,-57.5,1.5,8.555739023029739,,0,0,0.0,0
323,-10.837696335078537,-57.5,1.5,7.677230652118109,,0,0,0.0,0
324,-9.895287958115185,-57.5,1.5,9.363550123623757,,0,0,0.0,0
325,-8.952879581151834,-57.5,1.5,10.838546315780928,,0,0,0.0,0
326,-8.010471204188482,-57.5,1.5,9.139218363863423,,0,0,0.0,0
327,-7.0680628272251305,-57.5,1.5,7.272636407442732,,0,0,0.0,0
328,-6.12565445026178,-57.5,1.5,6.064341896035967,,0,0,0.0,0
329,-5.183246073298429,-57.5,1.5,5.838859048314726,,0,0,0.0,0
330,-4.2408376963350785,-57.5,1.5,5.777329475188355,,0,0,0.0,0
331,-3.298429319371728,-57.5,1.5,6.493166747078194,,0,0,0.0,0
332,-2.356020942408377,-57.5,1.5,4.940177292848039,,0,0,0.0,0
333,-1.4136125654450262,-57.5,1.5,10.221009403260206,,0,0,0.0,0
334,-0.4712041884816754,-57.5,1.5,21.282497817096083,,0,0,0.0,0
335,0.4712041884816754,-57.5,1.5,45.27583907655573,,0,0,0.0,0
336,1.4136125654450262,-57.5,1.5,64.93219478272906,,0,0,0.0,0
337,-13.664921465968591,-56.25,1.5,7.478757423294708,,0,0,0.0,0
338,-12.72251308900524,-56.25,1.5,5.989163963702545,,0,0,0.0,0
339,-11.780104712041888,-56.25,1.5,4.944615251138407,,0,0,0.0,0
340,-10.837696335078537,-56.25,1.5,4.560406795899635,,0,0,0.0,0
341,-9.895287958115185,-56.25,1.5,5.07603724199009,,0,0,0.0,0
342,-8.952879581151834,-56.25,1.5,9.759546266240216,,0,0,0.0,0
343,-8.010471204188482,-56.25,1.5,7.679967702016961,,0,0,0.0,0
344,-7.0680628272251305,-56.25,1.5,5.29316137784115,,0,0,0.0,0
345,-6.12565445026178,-56.25,1.5,4.037064397796932,,0,0,0.0,0
346,-5.183246073298429,-56.25,1.5,4.017972224193519,,0,0,0.0,0
347,-4.2408376963350785,-56.25,1.5,3.8715388459029314,,0,0,0.0,0
348,-3.298429319371728,-56.25,1.5,3.408618865765746,,0,0,0.0,0
349,-2.356020942408377,-56.25,1.5,3.3589999584655614,,0,0,0.0,0
350,-1.4136125654450262,-56.25,1.5,6.065652862958487,,0,0,0.0,0
351,-0.4712041884816754,-56.25,1.5,10.00200083008902,,0,0,0.0,0
352,0.4712041884816754,-56.25,1.5,20.185876468172353,,0,0,0.0,0
353,1.4136125654450262,-56.25,1.5,32.77470859815537,,0,0,0.0,0
354,-14.607329842931941,-55.0,1.5,0.0,,0,0,0.0,0
355,-13.664921465968591,-55.0,1.5,3.3897205337158565,,0,0,0.0,0
356,-12.72251308900524,-55.0,1.5,5.2047753153616325,,0,0,0.0,0
357,-11.780104712041888,-55.0,1.5,5.0062320321237115,,0,0,0.0,0
358,-10.837696335078537,-55.0,1.5,3.7415902424887464,,0,0,0.0,0
359,-9.895287958115185,-55.0,1.5,4.202506081180481,,0,0,0.0,0
360,-8.952879581151834,-55.0,1.5,9.791062943639913,,0,0,0.0,0
361,-8.010471204188482,-55.0,1.5,7.660142793742878,,0,0,0.0,0
362,-7.0680628272251305,-55.0,1.5,4.5890804516875345,,0,0,0.0,0
363,-6.12565445026178,-55.0,1.5,3.205295288390083,,0,0,0.0,0
364,-5.183246073298429,-55.0,1.5,2.6816568006157473,,0,0,0.0,0
365,-4.2408376963350785,-55.0,1.5,1.9575911028212947,,0,0,0.0,0
366,-3.298429319371728,-55.0,1.5,1.8962153660534131,,0,0,0.0,0
367,-2.356020942408377,-55.0,1.5,2.023184621196296,,0,0,0.0,0
368,-1.4136125654450262,-55.0,1.5,2.6015473533892846,,0,0,0.0,0
369,-0.4712041884816754,-55.0,1.5,5.418032246365648,,0,0,0.0,0
370,0.4712041884816754,-55.0,1.5,11.339515038789532,,0,0,0.0,0
371,1.4136125654450262,-55.0,1.5,16.582141718561456,,0,0,0.0,0
372,2.356020942408377,-55.0,1.5,21.70485757946098,,0,0,0.0,0
373,-14.607329842931941,-53.75,1.5,0.0,,0,0,0.0,0
374,-13.664921465968591,-53.75,1.5,0.03580991931284541,,0,0,0.0,0
375,-12.72251308900524,-53.75,1.5,4.003685440343119,,0,0,0.0,0
376,-11.780104712041888,-53.75,1.5,4.7755431346932875,,0,0,0.0,0
377,-10.837696335078537,-53.75,1.5,5.866634654954529,,0,0,0.0,0
378,-9.895287958115185,-53.75,1.5,6.093579790253025,,0,0,0.0,0
379,-8.952879581151834,-53.75,1.5,8.457836399621288,,0,0,0.0,0
380,-8.010471204188482,-53.75,1.5,5.844450105936265,,0,0,0.0,0
381,-7.0680628272251305,-53.75,1.5,2.9708548617874926,,0,0,0.0,0
382,-6.12565445026178,-53.75,1.5,1.4403764534439019,,0,0,0.0,0
383,-5.183246073298429,-53.75,1.5,1.1422149650245585,,0,0,0.0,0
384,-4.2408376963350785,-53.75,1.5,0.800305963570225,,0,0,0.0,0
385,-3.298429319371728,-53.75,1.5,1.1172933474678135,,0,0,0.0,0
386,-2.356020942408377,-53.75,1.5,1.3486636422581912,,0,0,0.0,0
387,-1.4136125654450262,-53.75,1.5,1.856815044407704,,0,0,0.0,0
388,-0.4712041884816754,-53.75,1.5,4.491234407514767,,0,0,0.0,0
389,0.4712041884816754,-53.75,1.5,8.264816719829353,,0,0,0.0,0
390,1.4136125654450262,-53.75,1.5,10.116826140607214,,0,0,0.0,0
391,2.356020942408377,-53.75,1.5,10.399230891022984,,0,0,0.0,0
392,-13.664921465968591,-52.5,1.5,0.0,,0,0,0.0,0
393,-12.72251308900524,-52.5,1.5,1.7264801024951661,,0,0,0.0,0
394,-11.780104712041888,-52.5,1.5,2.854774507757832,,0,0,0.0,0
395,-10.837696335078537,-52.5,1.5,2.2714611524960633,,0,0,0.0,0
396,-9.895287958115185,-52.5,1.5,3.1408002073451033,,0,0,0.0,0
397,-8.952879581151834,-52.5,1.5,4.436186011105709,,0,0,0.0,0
398,-8.010471204188482,-52.5,1.5,2.839681227503059,,0,0,0.0,0
399,-7.0680628272251305,-52.5,1.5,1.1185413122873316,,0,0,0.0,0
400,-6.12565445026178,-52.5,1.5,0.5681435581997799,,0,0,0.0,0
401,-5.183246073298429,-52.5,1.5,0.7501698739131563,,0,0,0.0,0
402,-4.2408376963350785,-52.5,1.5,0.494494863793391,,0,0,0.0,0
403,-3.298429319371728,-52.5,1.5,0.4766837650542084,,0,0,0.0,0
404,-2.356020942408377,-52.5,1.5,0.949540195762738,,0,0,0.0,0
405,-1.4136125654450262,-52.5,1.5,1.803048183510027,,0,0,0.0,0
406,-0.4712041884816754,-52.5,1.5,4.049068615655459,,0,0,0.0,0
407,0.4712041884816754,-52.5,1.5,6.288658441656644,,0,0,0.0,0
408,-8.952879581151834,-51.25,1.5,1.8023190280058645,,0,0,0.0,0
409,-8.010471204188482,-51.25,1.5,1.1176836104942034,,0,0,0.0,0
410,-7.0680628272251305,-51.25,1.5,0.5128532878769035,,0,0,0.0,0
411,-5.183246073298429,-51.25,1.5,0.4653195964815514,,0,0,0.0,0
412,-4.2408376963350785,-51.25,1.5,0.28637125763759685,,0,0,0.0,0
413,-3.298429319371728,-51.25,1.5,0.40629149879539134,,0,0,0.0,0
414,-2.356020942408377,-51.25,1.5,0.903165807092391,,0,0,0.0,0
415,-3.298429319371728,-50.0,1.5,0.19437253899548793,,0,0,0.0,0
