node_id,lat,lon,threshold,prec,evap,in_degree,out_degree,clustering,ffl
0,-6.12565445026178,-78.75,0.2367,103.09179554748437,77.05856975284405,40.14724175648717,41.15570901553822,0.5286168521462639,689
1,-5.183246073298429,-78.75,0.2367,106.62390307833707,74.39141814073082,39.301279426290634,46.308923685416495,0.4996292176492399,832
2,-4.2408376963350785,-78.75,0.2367,118.48464352945894,82.43456656331546,41.44692476727268,52.49133718041415,0.48442760942760943,1035
3,-3.298429319371728,-78.75,0.2367,141.29777716315326,89.44984337344067,44.91127032611823,53.80452765264146,0.4745154343144293,1004
4,-2.356020942408377,-78.75,0.2367,170.16013342611956,91.37134229124058,46.319708163806865,50.219095477896374,0.4953242835595777,667
5,-1.4136125654450262,-78.75,0.2367,191.9703620001792,83.83622908091638,40.90755237636652,46.24472025519416,0.5018552875695733,566
6,-8.952879581151834,-77.5,0.2367,204.9247749745279,116.25085060251877,63.27769145076225,144.18851748077674,0.4003957783641161,5249
7,-8.010471204188482,-77.5,0.2367,151.58978638355856,98.15372388926335,58.88650934135556,84.27484016228236,0.46517166104385793,2802
8,-7.0680628272251305,-77.5,0.2367,141.00253279845288,98.10626027028775,60.980400753121984,69.87524743055317,0.46534769374853663,2025
9,-6.12565445026178,-77.5,0.2367,169.1597487982215,99.93388770060847,63.29806417223243,75.44869917088933,0.44399514759401537,1837
10,-5.183246073298429,-77.5,0.2367,196.92221624010318,101.98992224643007,64.21159925181266,65.0543401369091,0.4579675153643547,1366
11,-4.2408376963350785,-77.5,0.2367,170.40545358116026,112.90264500305057,68.34080617252137,54.19920501110999,0.4657062997204902,1022
12,-3.298429319371728,-77.5,0.2367,177.94661789511179,109.40721953316825,64.95982698377934,45.556436267150794,0.4836168084042021,754
13,-2.356020942408377,-77.5,0.2367,199.8621102712185,102.29274434095714,61.275716431843605,43.37501175487227,0.48629761578514663,567
14,-1.4136125654450262,-77.5,0.2367,220.47648574938913,89.42212398877018,52.18979292858152,41.873482506837554,0.4919946631087392,388
15,-0.4712041884816754,-77.5,0.2367,231.66203500842843,81.87799692561384,43.553141319757614,45.22705862007683,0.49510188087774293,294
16,0.4712041884816754,-77.5,0.2367,234.97156607889337,85.93663174600806,41.88312093890812,37.59552969618693,0.5148448043184886,148
17,-10.837696335078537,-76.25,0.2367,266.46438086984756,82.60920931119472,42.3109578116861,228.64013970595948,0.345096241979835,7696
18,-9.895287958115185,-76.25,0.2367,311.1856864882827,86.5360861615045,52.603358449564254,195.19455662637614,0.3566585956416465,6424
19,-8.952879581151834,-76.25,0.2367,340.6840843933113,102.2645287803607,66.32176794178147,180.46591846767035,0.36007575105448913,5793
20,-8.010471204188482,-76.25,0.2367,198.25922811031006,110.66277868521865,77.94400390723663,76.92366860934398,0.4427510001905125,2245
21,-7.0680628272251305,-76.25,0.2367,146.4491691196429,107.8171131000272,76.02560376462768,45.679741841694934,0.474375,1298
22,-6.12565445026178,-76.25,0.2367,192.6382889402597,111.21547277580248,79.40781207607654,58.068181634476986,0.4339947523778288,1622
23,-5.183246073298429,-76.25,0.2367,231.688253514184,117.15062880772166,82.71220282069852,69.51445826508642,0.4094318037371298,1918
24,-4.2408376963350785,-76.25,0.2367,227.0886474235605,120.07716720661847,82.98691584489518,65.25369664712676,0.41287525016677784,1542
25,-3.298429319371728,-76.25,0.2367,223.20975014822997,120.02568013267592,81.18561663289226,56.833864473656526,0.42517262083458424,1151
26,-2.356020942408377,-76.25,0.2367,225.79979294777513,116.86934240249684,77.5901464014965,48.9204925435383,0.4387605427209388,718
27,-1.4136125654450262,-76.25,0.2367,213.47679492257643,113.55102607776644,72.33629669111153,36.86893610965182,0.46575517505750064,280
28,-0.4712041884816754,-76.25,0.2367,201.855552088683,109.06605830183253,65.53698521773154,28.520898131597782,0.49516505501833946,129
29,0.4712041884816754,-76.25,0.2367,214.55108725366046,101.93273711542133,57.306159681795954,24.63085361574573,0.5113680909447276,83
30,1.4136125654450262,-76.25,0.2367,191.61967296565706,101.81044232449494,51.34149991689384,17.290497034890777,0.5336334745762712,24
31,-13.664921465968591,-75.0,0.2367,82.08594220339252,35.242349655563885,19.049989917429393,48.16027109140996,0.5559338521400778,705
32,-12.72251308900524,-75.0,0.2367,206.24849081500187,78.51607666758355,47.95219679478463,187.8674501326069,0.38386462022825657,7694
33,-11.780104712041888,-75.0,0.2367,362.8361667119975,71.11149284726707,44.57880636868994,223.39485156036693,0.33965691220988903,8019
34,-10.837696335078537,-75.0,0.2367,469.81169698282537,91.70745967829134,61.52146219254181,236.41977957951232,0.3288316582914573,7751
35,-9.895287958115185,-75.0,0.2367,344.7617510350166,102.75091085321037,74.07935853649303,125.54884101674007,0.3924660312309876,4602
36,-8.952879581151834,-75.0,0.2367,258.45511459323893,117.77286626544083,87.39730989972504,84.27401039060531,0.40589188563491146,3198
37,-8.010471204188482,-75.0,0.2367,197.22537693057288,118.85237333510304,88.59004178538333,62.075485538238,0.41977946243969677,2087
38,-7.0680628272251305,-75.0,0.2367,194.42255337684858,115.77099487069063,85.8911622413539,56.911454297155885,0.4215686274509804,1642
39,-6.12565445026178,-75.0,0.2367,211.1147303853846,117.78964863769943,85.45859189567855,59.409287767922144,0.4039303761931499,1855
40,-5.183246073298429,-75.0,0.2367,217.77492693648992,118.40538863267284,84.64079799513634,60.8670160800961,0.38944878650761006,1844
41,-4.2408376963350785,-75.0,0.2367,219.71424679362195,117.7277883849456,82.82127583574709,57.079310834260994,0.383408295852074,1670
42,-3.298429319371728,-75.0,0.2367,212.82567453553867,116.17822444997728,82.20746774343624,48.57490263035832,0.4005816066884769,1203
43,-2.356020942408377,-75.0,0.2367,204.08590757240555,114.27686517883558,80.13487207815318,39.6986442976342,0.4036979969183359,763
44,-1.4136125654450262,-75.0,0.2367,191.10280634413857,110.98279209982138,75.45946166146076,31.790122846798496,0.4338605319913731,384
45,-0.4712041884816754,-75.0,0.2367,166.43956986837426,109.24182830436621,70.19385034905521,23.32078320897702,0.45615060804490176,146
46,0.4712041884816754,-75.0,0.2367,140.62191934860047,107.9346860689111,65.43640467079422,13.383008885265784,0.4946276398666173,33
47,1.4136125654450262,-75.0,0.2367,142.0597508871586,101.45819412195124,56.714133438804794,8.49245783562575,0.5206830206830206,10
48,2.356020942408377,-75.0,0.2367,148.62967439157256,101.14549186953809,49.88153856898244,6.09124661838814,0.5353901996370236,1
49,-14.607329842931941,-73.75,0.2367,89.9886546443278,34.56115802933709,20.52786501083417,40.54826289956177,0.592948717948718,524
50,-13.664921465968591,-73.75,0.2367,194.65673424789713,78.87643806257984,51.61008756587338,116.35621398787274,0.44652631578947366,4785
51,-12.72251308900524,-73.75,0.2367,377.3218697430525,83.62303750851424,59.052305106893186,169.54889832493845,0.3800961894191639,8112
52,-11.780104712041888,-73.75,0.2367,385.164028153871,92.51967332500499,68.80818526263748,177.31311198631283,0.35429258464937935,7910
53,-10.837696335078537,-73.75,0.2367,319.0739647000367,109.16157633037074,79.55695543125336,100.81368721633758,0.39306463326071167,4674
54,-9.895287958115185,-73.75,0.2367,263.2293808772364,118.25053370761452,84.1373708051298,87.79679806939845,0.37197483059051306,3937
55,-8.952879581151834,-73.75,0.2367,226.41059374074248,121.98833621194353,86.05695380926117,77.39954072159287,0.379517062127945,3033
56,-8.010471204188482,-73.75,0.2367,197.07949845832565,119.81659575831145,84.28801908894599,64.44926129431232,0.4054304227090404,2010
57,-7.0680628272251305,-73.75,0.2367,207.89594673935562,117.90644588501891,81.9992088681651,63.7305225427246,0.39965970318555627,2211
58,-6.12565445026178,-73.75,0.2367,230.45042522561062,119.36097828234779,82.45133660906521,66.22143488641635,0.3739971684756961,2447
59,-5.183246073298429,-73.75,0.2367,240.6436832151263,119.24732475163182,82.98621885170057,65.41735961074401,0.362762496302869,2506
60,-4.2408376963350785,-73.75,0.2367,231.5158215345772,118.8554265271523,83.10842035899097,55.5239313933827,0.3819910514541387,1800
61,-3.298429319371728,-73.75,0.2367,207.97161487382064,119.74488803709392,84.39549362830053,46.84814386092876,0.38787407695297316,1272
62,-2.356020942408377,-73.75,0.2367,185.81578073678398,116.49527943256544,82.63356712682948,36.90795271109615,0.3991520290732889,789
63,-1.4136125654450262,-73.75,0.2367,168.69207808812237,113.02246280800318,78.84333048389743,28.37623943424747,0.412139649427785,444
64,-0.4712041884816754,-73.75,0.2367,146.36772926997355,108.89526892569847,73.02945464902479,19.36782010261731,0.4445454545454545,185
65,0.4712041884816754,-73.75,0.2367,118.46630341406167,107.03558606706792,68.9364295598396,10.639410979898825,0.4676557070302058,24
66,1.4136125654450262,-73.75,0.2367,94.8288917477928,105.91849050717428,63.801755501116915,4.113058768214601,0.4908108108108108,3
67,-14.607329842931941,-72.5,0.2367,166.15143445966305,50.98417815184803,29.273046176773796,190.2330815667582,0.34986524682837045,9146
68,-13.664921465968591,-72.5,0.2367,315.14114739765876,76.06399598676944,47.24570780956684,183.4891769929132,0.3812888032541212,8592
69,-12.72251308900524,-72.5,0.2367,394.2194077106038,90.02453542576404,63.12439631908864,161.14457190052698,0.3583978125545407,9506
70,-11.780104712041888,-72.5,0.2367,312.85071609253663,104.90207995550008,72.38489486671997,97.45972147068365,0.390935697684428,5251
71,-10.837696335078537,-72.5,0.2367,264.9078954788309,115.54718087834772,76.34440835393266,85.69711990774394,0.3903269144648455,3525
72,-9.895287958115185,-72.5,0.2367,236.30100843428082,117.72702947171638,75.4954262894477,82.97798489250941,0.37917540745522027,3241
73,-8.952879581151834,-72.5,0.2367,226.31470256265192,120.58990228950279,78.46296303655483,72.67644991378663,0.3780769537162431,2642
74,-8.010471204188482,-72.5,0.2367,222.45558675427878,121.75318649446126,78.39275577008635,64.65194720815008,0.3763863761503972,2432
75,-7.0680628272251305,-72.5,0.2367,230.94271533263736,120.5898135722964,78.93005537613587,64.09141465589069,0.36369541681703355,2582
76,-6.12565445026178,-72.5,0.2367,241.9544140169637,118.1185812826152,78.5293199166033,66.0990748200226,0.3524744486282948,2626
77,-5.183246073298429,-72.5,0.2367,245.17576289798285,117.1274234825978,79.80328498665719,64.0292098479068,0.353265306122449,2504
78,-4.2408376963350785,-72.5,0.2367,247.9750404656383,116.64255342126125,81.4183433939957,59.815648340253546,0.348271920387305,2187
79,-3.298429319371728,-72.5,0.2367,238.41647638432556,119.01204782043351,82.96663709825239,54.57854935356931,0.3626112304387849,1687
80,-2.356020942408377,-72.5,0.2367,212.56790388825942,116.33116225828417,82.19133367120915,46.32839341991642,0.36521701237580617,1221
81,-1.4136125654450262,-72.5,0.2367,191.88601354628898,114.19074677367462,81.0112517638312,35.23646620306796,0.3763945365446773,682
82,-0.4712041884816754,-72.5,0.2367,154.36980270717498,108.58954731869744,75.7165072463146,22.70119352637314,0.3993801652892562,330
83,0.4712041884816754,-72.5,0.2367,126.79089340298762,105.89019468461629,71.52855236542842,13.669295496092413,0.431317228002116,109
84,1.4136125654450262,-72.5,0.2367,106.24520674977248,106.2471849436406,68.68176860447164,6.477560100131644,0.4573398784478728,23
85,-14.607329842931941,-71.25,0.2367,225.5521950323216,61.9069313709042,32.08409966349205,316.7927870900853,0.2685604023661152,14990
86,-13.664921465968591,-71.25,0.2367,380.9744709033305,89.20030990149826,51.631044652678625,228.15858107158883,0.315548973979268,12248
87,-12.72251308900524,-71.25,0.2367,371.3182909699126,91.23523873393424,58.9132918476149,140.67765402660197,0.3583347571046187,8646
88,-11.780104712041888,-71.25,0.2367,289.76244394615424,111.2011860444909,69.63230711668307,84.33739842880547,0.4042595740425957,3537
89,-10.837696335078537,-71.25,0.2367,251.76034286252417,116.03361182817025,69.98091555983063,87.06417730006231,0.3693501805054152,3753
90,-9.895287958115185,-71.25,0.2367,232.05313201855762,119.1797557863174,71.33824186082678,79.91972704835638,0.36582196231319036,3267
91,-8.952879581151834,-71.25,0.2367,243.60241872382161,121.92115933110472,72.5072057787324,73.72357862574074,0.35189646864459284,2993
92,-8.010471204188482,-71.25,0.2367,255.91137170118714,119.62266799964709,74.18439585755068,69.52728863252665,0.3537215947747993,3021
93,-7.0680628272251305,-71.25,0.2367,251.6314620885987,118.89918089465937,75.32367078805548,68.10093486179343,0.3420837781825033,3065
94,-6.12565445026178,-71.25,0.2367,247.70871962131878,117.09141584811732,77.30911035164668,66.68212291799611,0.32912837147834445,2860
95,-5.183246073298429,-71.25,0.2367,243.15387414707175,116.4581417341833,78.46643733360062,63.34648607705816,0.3394932368070109,2501
96,-4.2408376963350785,-71.25,0.2367,250.4212005649255,115.33136404672405,79.77487219405357,62.74297975276531,0.33933847141939627,2239
97,-3.298429319371728,-71.25,0.2367,252.42917523020728,116.95664201164618,81.97341481046465,56.82791819450278,0.34307078763708876,1766
98,-2.356020942408377,-71.25,0.2367,235.5632712423916,115.5088670286932,81.4039107291648,47.96101402703363,0.36987679155142067,1158
99,-1.4136125654450262,-71.25,0.2367,223.42587714020374,112.18345837231027,79.29917350256845,40.86689495488976,0.37353714959629863,868
100,-0.4712041884816754,-71.25,0.2367,197.82482578909497,107.5342417450156,75.31956525687326,29.598628998964884,0.38036711034778875,497
101,0.4712041884816754,-71.25,0.2367,166.72815540433945,104.01695514534367,71.95631194056843,20.1399850849164,0.3955784373107208,282
102,1.4136125654450262,-71.25,0.2367,131.5325896658002,104.0434155825642,70.11364776764971,10.109708423395709,0.4141908975979772,74
103,-13.664921465968591,-70.0,0.2367,403.84509725197137,79.5613610552391,41.82452487355916,158.61404373291833,0.34073777064955896,9971
104,-12.72251308900524,-70.0,0.2367,353.10866250434964,102.87844969541766,60.884194913864995,109.06405687896114,0.3892684424656483,5895
105,-11.780104712041888,-70.0,0.2367,267.73591687715907,112.10262009466533,63.25127846501827,90.2222983112916,0.3715162454873646,4558
106,-10.837696335078537,-70.0,0.2367,232.23552661388422,118.17168655368732,64.39425967220909,80.69964670977942,0.3630294659300184,3427
107,-9.895287958115185,-70.0,0.2367,245.74015066824754,120.08997844270198,65.79063845595614,79.01923723407926,0.34684522090672826,3433
108,-8.952879581151834,-70.0,0.2367,247.11371277865175,119.5618867414305,67.60695553473789,74.54423059293252,0.34698960438925786,3293
109,-8.010471204188482,-70.0,0.2367,259.03457645970775,117.96761509438511,70.80306754651009,74.87553045485765,0.3333781693456184,3268
110,-7.0680628272251305,-70.0,0.2367,268.5335714609482,115.73633781619719,72.21370836006625,74.42636482260329,0.3291231802167121,3150
111,-6.12565445026178,-70.0,0.2367,256.5641372966303,115.6673600350041,75.63478055135177,67.08957387551504,0.322692530027619,2728
112,-5.183246073298429,-70.0,0.2367,253.7440282403486,114.92089453706285,76.9566594018742,64.06668921727258,0.3196371718627981,2401
113,-4.2408376963350785,-70.0,0.2367,248.82340421492526,115.63302646827651,78.83637154379144,64.34382396543711,0.3174985145573381,2265
114,-3.298429319371728,-70.0,0.2367,261.2968805247725,114.81839559593936,80.78466373970772,60.19498233365686,0.329421261798311,1776
115,-2.356020942408377,-70.0,0.2367,266.9820716711135,111.97225307521876,79.39261975697211,54.45008908847159,0.3426770666480953,1334
116,-1.4136125654450262,-70.0,0.2367,266.7763811194386,109.59746911888942,79.82702566299017,50.4140326203957,0.3638490079045007,968
117,-0.4712041884816754,-70.0,0.2367,266.9460742611541,106.0899847804103,77.21657874316224,44.14608067899033,0.3712211277173913,707
118,0.4712041884816754,-70.0,0.2367,247.18825704291658,105.59767373430077,76.14431622425349,32.94615609867476,0.3735056097112378,444
119,1.4136125654450262,-70.0,0.2367,199.48084933243868,102.72759267885704,72.19357645167973,19.027766990671736,0.38929440389294406,183
120,-15.549738219895294,-68.75,0.2367,351.0552483890501,99.17498400318436,33.655327012526335,217.3612742656382,0.2902322811197141,12597
121,-14.607329842931941,-68.75,0.2367,367.1673143264676,87.31821784662316,40.856440158039455,156.00530114569162,0.33157894736842103,10158
122,-13.664921465968591,-68.75,0.2367,391.6898777060705,95.6422177440254,51.16482411468429,128.8767148870342,0.3723182941099987,7936
123,-12.72251308900524,-68.75,0.2367,292.9436089275302,112.64894187741447,59.715330508778166,102.50679117813114,0.360443202495451,5669
124,-11.780104712041888,-68.75,0.2367,235.98990682220568,115.6498496158747,59.183331754907144,85.90708795386313,0.3488704409363092,4231
125,-10.837696335078537,-68.75,0.2367,232.39581624150395,117.74980287998915,59.1978131767406,76.62588069829127,0.35373340495740924,3316
126,-9.895287958115185,-68.75,0.2367,244.6343429926723,119.44499956676736,62.074312464579116,74.62378534036537,0.33998700548657235,3243
127,-8.952879581151834,-68.75,0.2367,240.33872637351806,118.3522134879604,65.03716816367222,71.06103592632613,0.3406619018023617,2805
128,-8.010471204188482,-68.75,0.2367,243.77192703341734,115.37437054153997,65.59755051054633,68.60908595783022,0.3415790312300829,2633
129,-7.0680628272251305,-68.75,0.2367,263.39925551760643,114.00351264965138,69.10078517211933,72.94093473030463,0.32409952773666034,2950
130,-6.12565445026178,-68.75,0.2367,258.2698928835282,114.6435961156385,72.80736461103739,64.86594365775447,0.3277756726032588,2262
131,-5.183246073298429,-68.75,0.2367,249.24494016399268,111.66792465839535,74.26940973617161,59.29877799099942,0.3270042194092827,1934
132,-4.2408376963350785,-68.75,0.2367,258.46690801676743,113.12672084080987,77.350126407657,64.0121845871935,0.31114322414900447,1930
133,-3.298429319371728,-68.75,0.2367,262.1797134577332,112.03503154712962,78.3189493111463,59.36518201034165,0.32152935508293756,1540
134,-2.356020942408377,-68.75,0.2367,293.62160313719767,110.15834723424632,79.55196688250885,62.674905407623676,0.3307596267577868,1336
135,-1.4136125654450262,-68.75,0.2367,316.7386300326734,108.65996733598877,80.88417862865298,63.23748559796272,0.345829636202307,1105
136,-0.4712041884816754,-68.75,0.2367,334.704838980326,106.05417542770738,78.11980507615016,59.130969533482286,0.3695274352395928,780
137,0.4712041884816754,-68.75,0.2367,324.6729097164325,104.1462059506739,77.67233073573082,47.235883866663784,0.393527067742249,499
138,1.4136125654450262,-68.75,0.2367,291.0361809917986,103.44137945707189,76.25207834760374,33.23970182201051,0.38028169014084506,302
139,2.356020942408377,-68.75,0.2367,250.12241558892674,105.36313151358627,72.43081543226668,18.036487499325034,0.38846494138464943,136
140,-16.492146596858646,-67.5,0.2367,383.18638926880874,101.65156997158192,20.414900233297644,151.5400419958336,0.33560465276343865,8881
141,-15.549738219895294,-67.5,0.2367,408.1100192204063,98.60452577326214,39.41796304288504,147.8590095180497,0.3276532541182825,10128
142,-14.607329842931941,-67.5,0.2367,293.02198411742427,105.56027995044133,51.05486882700661,92.05118661183687,0.4104357181280258,5691
143,-13.664921465968591,-67.5,0.2367,240.39005425133797,115.84443016501609,55.56583070366817,81.23629847629729,0.3948911934716083,4432
144,-12.72251308900524,-67.5,0.2367,227.98784548225635,116.52193931455258,52.61205448995747,80.2211449719558,0.37301324503311256,4177
145,-11.780104712041888,-67.5,0.2367,215.50734933928757,116.91334014118183,52.716008040181784,73.98708302276738,0.3670755730659026,3290
146,-10.837696335078537,-67.5,0.2367,244.38002555227575,119.51387357083149,55.74884812777287,75.30534729749553,0.3357630629939385,3228
147,-9.895287958115185,-67.5,0.2367,249.98940320694615,114.27108890289674,57.576801026237874,73.3546349764284,0.3359356329164343,3052
148,-8.952879581151834,-67.5,0.2367,239.3398178202915,113.6541952227708,60.20438905257073,66.45827793167696,0.34225844004656575,2517
149,-8.010471204188482,-67.5,0.2367,258.1056376120614,111.37699440994766,61.92745785484067,68.41353375189573,0.340702947845805,2550
150,-7.0680628272251305,-67.5,0.2367,280.6451490933341,111.23650594381616,65.43388535073778,71.64658765226035,0.32107936026680817,2842
151,-6.12565445026178,-67.5,0.2367,280.3604976739143,112.21399698391906,70.14923115499546,67.27359483031864,0.3224440646364201,2443
152,-5.183246073298429,-67.5,0.2367,261.74518715920385,112.70092513121199,74.35317258852025,62.90448424877499,0.3276491609695463,1866
153,-4.2408376963350785,-67.5,0.2367,266.3144514943542,113.51693347765831,78.01248831778528,62.341105193433705,0.3126232741617357,1691
154,-3.298429319371728,-67.5,0.2367,271.16753707310124,112.20368250855245,80.44526601329368,60.61657003626199,0.31788297172912555,1325
155,-2.356020942408377,-67.5,0.2367,291.67881007469873,110.84526170423487,82.39034069118581,60.30024528460084,0.31771014694616617,1092
156,-1.4136125654450262,-67.5,0.2367,307.94038790499144,107.30985305533977,80.4572254957159,61.71948898260514,0.34092339153688844,1002
157,-0.4712041884816754,-67.5,0.2367,341.05417534882866,106.32420036621625,80.00190397421403,64.55401266987607,0.3618208773000785,878
158,0.4712041884816754,-67.5,0.2367,357.048228075218,105.06741371456883,79.14262073806006,59.38349892284557,0.39462494548626253,627
159,1.4136125654450262,-67.5,0.2367,370.2605781848491,103.2928369459114,77.09834715324882,49.1661565798176,0.4149387656117376,414
160,2.356020942408377,-67.5,0.2367,333.45446199135574,101.64314110617852,72.20394935851763,30.075340183628235,0.4027223489167617,177
161,-18.376963350785346,-66.25,0.2367,231.26048419716275,98.95850741886534,10.824898149214276,81.21028269570687,0.5135869565217391,2061
162,-17.434554973821996,-66.25,0.2367,284.9571730835367,114.92795211263001,22.33493183269913,93.99198463383983,0.44652466367713006,3529
163,-16.492146596858646,-66.25,0.2367,336.8537349201298,101.20268120459514,37.56097252756384,127.0019498353284,0.36493318887685083,7757
164,-15.549738219895294,-66.25,0.2367,287.80227076411893,111.36089175764937,49.104006992644685,95.5411140377724,0.402546171776941,5365
165,-14.607329842931941,-66.25,0.2367,262.71257665654457,119.70787560363533,49.696775866090874,93.16253458441439,0.3799393169630257,5831
166,-13.664921465968591,-66.25,0.2367,246.93498676463886,81.13073332642671,32.80584774522735,84.06082119553975,0.3937522702506357,4908
167,-12.72251308900524,-66.25,0.2367,230.62612155085452,119.17657648853492,47.28900004509247,76.33588450900473,0.3609570328669592,4056
168,-11.780104712041888,-66.25,0.2367,229.12492451542454,117.09002047340618,48.63279882820991,73.02305047626128,0.3541398344066237,3182
169,-10.837696335078537,-66.25,0.2367,250.1483998286234,119.23156708275201,51.891546016318486,75.74704047744217,0.33496814218645204,3452
170,-9.895287958115185,-66.25,0.2367,261.02926274704714,114.83263756002998,54.67565503540161,75.2449291586909,0.327228721258572,3358
171,-8.952879581151834,-66.25,0.2367,261.1252964265441,113.4953007652075,58.325949730036655,70.98536754400021,0.3285259097769579,2932
172,-8.010471204188482,-66.25,0.2367,277.9535595912603,111.27015437639784,60.98200436435535,70.36443920300752,0.31886933732684386,2922
173,-7.0680628272251305,-66.25,0.2367,289.6396237372006,111.33115367934806,65.46335103265596,70.94649592097008,0.3162393162393162,2676
174,-6.12565445026178,-66.25,0.2367,285.08199285958835,112.57552122260677,69.9261676023604,69.3950735691945,0.31473522640061397,2439
175,-5.183246073298429,-66.25,0.2367,266.1128891910812,112.1607129072072,72.07661662427128,63.12294209178642,0.33443645990922843,1803
176,-4.2408376963350785,-66.25,0.2367,262.54181887669347,113.87588078796398,77.72066282349148,57.866356710137836,0.3251253581661891,1509
177,-3.298429319371728,-66.25,0.2367,278.5873487717731,113.77758317627013,82.24538414827009,57.92277852195413,0.3179398241510043,1198
178,-2.356020942408377,-66.25,0.2367,269.3108230001667,115.10647461167537,86.28480793769148,52.45058896689325,0.3209712857034624,884
179,-1.4136125654450262,-66.25,0.2367,272.2505592659895,112.20551020873245,84.4498948844077,51.96970248152935,0.331008064516129,717
180,-0.4712041884816754,-66.25,0.2367,291.3663448552261,112.05901759152766,86.15667108572569,53.117288004651,0.3537335694975296,584
181,0.4712041884816754,-66.25,0.2367,302.8474717054754,109.67575381044298,85.18086792504832,52.06518504807073,0.3847878787878788,437
182,1.4136125654450262,-66.25,0.2367,298.18601753258156,106.78142399294302,83.02092750340961,43.683110104209035,0.40343377715487033,276
183,2.356020942408377,-66.25,0.2367,265.46870343492634,105.76784961798694,78.45257095595022,26.43006501847064,0.39761167624944715,138
184,-18.376963350785346,-65.0,0.2367,208.31801375060823,115.58496461715549,23.143597555474233,58.836414959804245,0.5522607163828538,1242
185,-17.434554973821996,-65.0,0.2367,207.85301492268746,115.52440776082221,40.18707354300857,77.4029607830369,0.48222038453586935,2685
186,-16.492146596858646,-65.0,0.2367,205.7398220599013,116.2959246718674,45.650727304395375,76.97535496048087,0.43593636142822445,3589
187,-15.549738219895294,-65.0,0.2367,245.70718268096866,97.70683009643108,35.28783436414786,99.35174822591631,0.3638869745003446,6250
188,-14.607329842931941,-65.0,0.2367,267.7322853095585,104.30264327558689,36.511195875959224,104.1048162771123,0.33160446499041607,7078
189,-13.664921465968591,-65.0,0.2367,269.90884819834054,93.66046987910522,32.924072945830964,90.13516367929455,0.3646674200839522,5681
190,-12.72251308900524,-65.0,0.2367,251.9276172692974,94.5123973392765,34.59626997542041,79.70128527735645,0.38042807161967485,4508
191,-11.780104712041888,-65.0,0.2367,234.8144128841985,117.55637569382088,45.61014542054836,76.950027403831,0.35867105533840776,3424
192,-10.837696335078537,-65.0,0.2367,252.66886453853544,118.74096877378179,48.688607373946304,75.87199960349132,0.34259429622815085,3322
193,-9.895287958115185,-65.0,0.2367,269.4655850027425,116.73621039226418,52.10577973726764,77.32138524109206,0.32464156954808415,3360
194,-8.952879581151834,-65.0,0.2367,272.68487276364567,114.9814073255402,56.41874137259407,76.13741469283121,0.3150435771125426,3537
195,-8.010471204188482,-65.0,0.2367,274.3188506428032,113.12917169096181,61.16186555983942,70.65216539464981,0.32480919033755606,2862
196,-7.0680628272251305,-65.0,0.2367,269.17712234543615,111.86052510078298,64.70794172466849,67.74295081777102,0.32247011952191235,2604
197,-6.12565445026178,-65.0,0.2367,273.3825897961242,111.05571912077721,68.8392594007732,64.9516046256943,0.3320776981029318,2100
198,-5.183246073298429,-65.0,0.2367,263.68423607631485,112.93779972649645,75.01885624172121,58.464596224975566,0.3306173312883436,1580
199,-4.2408376963350785,-65.0,0.2367,267.4014371910755,112.76533329655649,77.79420129498283,55.48335963102758,0.3247389033942559,1483
200,-3.298429319371728,-65.0,0.2367,266.6876456461648,113.97632816137047,81.19337261416979,50.51582889602622,0.32906277717551985,1108
201,-2.356020942408377,-65.0,0.2367,247.92910951334193,115.54947786818957,85.16621783982748,44.3212351922963,0.31969927503803813,715
202,-1.4136125654450262,-65.0,0.2367,260.98857127259873,114.54097065230599,86.48675690764317,44.04765091271052,0.32583012619708224,581
203,-0.4712041884816754,-65.0,0.2367,238.87419790316017,114.97691252210643,88.0815445009472,37.60371863302913,0.35275904014154597,353
204,0.4712041884816754,-65.0,0.2367,226.07850823272247,108.8254279748071,85.18554031689999,32.82286806044343,0.39304142709715467,238
205,1.4136125654450262,-65.0,0.2367,201.25980569705075,107.038929212722,84.72596432837898,23.460763851446604,0.41610185015570617,116
206,-20.261780104712045,-63.75,0.2367,168.4472684467715,126.50679573911475,3.757117531399632,45.12531879390129,0.6225071225071225,896
207,-19.319371727748695,-63.75,0.2367,157.04992427730792,126.75938881526235,40.616086278202104,60.964400242251415,0.5669276659209546,1217
208,-18.376963350785346,-63.75,0.2367,125.6561377861954,108.60385267355014,39.51136142036808,43.615469830023486,0.6069214876033058,700
209,-17.434554973821996,-63.75,0.2367,137.40602043814874,109.4779853511136,37.646693222322654,47.70359795626611,0.5250720461095101,1191
210,-16.492146596858646,-63.75,0.2367,183.88083045224613,117.1313228434883,36.865435780570095,69.52310137186296,0.4178638718794159,3413
211,-15.549738219895294,-63.75,0.2367,228.87095287968737,115.05595667695161,35.05569025730934,90.70358036486303,0.35802089735709897,5246
212,-14.607329842931941,-63.75,0.2367,247.28764186074386,118.09412091155536,35.48956462701548,90.2416141841185,0.3390504078644635,5859
213,-13.664921465968591,-63.75,0.2367,259.3520073037505,104.55354413192254,33.959623113580584,84.79345453165816,0.37115758754863815,4787
214,-12.72251308900524,-63.75,0.2367,248.49004427047095,118.27670972328633,40.66153309219127,83.48219472763127,0.35297016396380254,4645
215,-11.780104712041888,-63.75,0.2367,238.3897573951086,114.03310983732808,42.48978256019874,81.00755069934786,0.35005346553902983,3853
216,-10.837696335078537,-63.75,0.2367,239.90359159332684,107.86233265302144,43.06749802793348,72.26963827985293,0.3554183043234138,3054
217,-9.895287958115185,-63.75,0.2367,258.10673476832676,108.34655765618663,47.44608512427099,71.37262365740793,0.35308848080133554,2968
218,-8.952879581151834,-63.75,0.2367,260.45528425757993,112.85882663971279,55.39488066145249,73.2866020769147,0.3432321646607361,3244
219,-8.010471204188482,-63.75,0.2367,262.705413174354,111.46200610528467,60.77602343048292,70.03751134735569,0.3462780421481985,2793
220,-7.0680628272251305,-63.75,0.2367,266.98430032717056,112.53556058043614,66.28311059521425,70.04441641044396,0.333798214854957,2680
221,-6.12565445026178,-63.75,0.2367,280.8840776026341,112.9265244846465,70.48463088564758,64.61875792457991,0.33210332103321033,1993
222,-5.183246073298429,-63.75,0.2367,286.16011199379955,114.81524340837495,76.60890730268007,59.3491674446317,0.3257209385634963,1678
223,-4.2408376963350785,-63.75,0.2367,287.2329686044367,116.18983258173103,80.90259621959918,54.90798307984992,0.32743587143871034,1346
224,-3.298429319371728,-63.75,0.2367,283.02162290580327,115.25126774824457,82.69047571722818,48.69680752803692,0.3344921919525818,1009
225,-2.356020942408377,-63.75,0.2367,277.1242239575913,113.51030148536665,83.77246137672127,45.356796890910566,0.33669330788500534,705
226,-1.4136125654450262,-63.75,0.2367,278.5352101421957,113.65530446288176,85.51301776915174,42.07299857837283,0.33460589686362036,508
227,-0.4712041884816754,-63.75,0.2367,234.90927472953672,116.23826250317506,89.84423355013152,33.080034697312925,0.34385712705960414,285
228,0.4712041884816754,-63.75,0.2367,193.27077368138202,109.8591986685642,86.01970318123725,24.657738633099857,0.39072609633357297,140
229,1.4136125654450262,-63.75,0.2367,165.2741526341275,108.357133831596,85.17314850216347,18.258786277356357,0.41415841584158414,62
230,3.298429319371728,-63.75,0.2367,109.8082188034172,101.24339219473768,68.5222145454489,6.844503980232478,0.43158347676419967,19
231,-19.319371727748695,-62.5,0.2367,91.6747725355397,80.54467323672725,23.398094723672067,29.513725487219997,0.6539589442815249,247
232,-18.376963350785346,-62.5,0.2367,94.56956701669549,83.24738672061358,24.75423049978807,28.035144175265266,0.6317757009345795,220
233,-17.434554973821996,-62.5,0.2367,125.12485016901667,91.69262697861996,26.19298370267416,39.707705483663595,0.5579416531604539,917
234,-16.492146596858646,-62.5,0.2367,181.39557305275835,106.80983757600188,29.420171156377492,61.75576111471541,0.4337124162642156,2764
235,-15.549738219895294,-62.5,0.2367,204.80255254712338,103.25026105565485,27.616032065972092,69.79873733105941,0.41058977338756536,3442
236,-14.607329842931941,-62.5,0.2367,210.6118872075136,106.39492911781417,28.793936722702384,67.01044881820289,0.42295679333680375,3010
237,-13.664921465968591,-62.5,0.2367,223.77220382109243,117.45372117147781,33.23577487097092,70.91082059599779,0.3907358738501971,3415
238,-12.72251308900524,-62.5,0.2367,235.74637599089016,121.23435851186514,38.04192905660212,80.63012874912681,0.36078039019509756,4206
239,-11.780104712041888,-62.5,0.2367,234.3878005562135,97.51475265336921,34.52925658402416,76.26632606240406,0.3795045045045045,3373
240,-10.837696335078537,-62.5,0.2367,243.58917328934467,94.92940077296225,37.386739963688626,72.20732652169976,0.37943949373627794,2874
241,-9.895287958115185,-62.5,0.2367,250.78006804701545,93.685569933441,42.03852213377318,68.61138174866542,0.3955631833206204,2703
242,-8.952879581151834,-62.5,0.2367,240.76686102951953,113.83718103810679,55.802758912203466,68.00790197255714,0.37735849056603776,2773
243,-8.010471204188482,-62.5,0.2367,257.39464886373753,112.73319212923525,60.300316389170355,70.3636712906013,0.37134362712189506,2678
244,-7.0680628272251305,-62.5,0.2367,263.6169026675475,110.16384983056923,63.56451368666816,69.78115976271835,0.3684722357288729,2226
245,-6.12565445026178,-62.5,0.2367,281.8528790239998,112.50298286002362,69.57868913676457,65.97134786367083,0.3483470723208974,2216
246,-5.183246073298429,-62.5,0.2367,305.12357794184027,113.50048700493062,74.72714607812186,65.01317492879161,0.33560320235575597,1685
247,-4.2408376963350785,-62.5,0.2367,320.010305021915,115.22100205009338,79.53380267092604,60.061019422231915,0.3245042768273717,1394
248,-3.298429319371728,-62.5,0.2367,308.3830305678566,113.16511082695797,80.3479915015829,52.03605556823233,0.3300822561692127,1002
249,-2.356020942408377,-62.5,0.2367,323.90856013714483,111.21037583478028,80.43785413095051,51.270957064464255,0.33694768229872596,743
250,-1.4136125654450262,-62.5,0.2367,296.05116495281595,113.93390536919469,85.56744105008343,41.69530098436656,0.3450675117112152,462
251,-0.4712041884816754,-62.5,0.2367,245.95186252140797,113.55013832420809,87.5840660302732,30.47079527290408,0.34565527065527063,264
252,0.4712041884816754,-62.5,0.2367,204.63017848599353,111.87721311376663,86.79043741847063,20.52034680337629,0.36777431637244723,93
253,1.4136125654450262,-62.5,0.2367,162.55823605588856,110.03135294595268,85.91516306375756,14.546625473067861,0.40373737373737373,40
254,2.356020942408377,-62.5,0.2367,124.55836552122938,108.30401836079545,82.12630244939064,10.652351282009928,0.4169004207573633,32
255,3.298429319371728,-62.5,0.2367,79.08987689279772,101.78444635210326,71.28290963972776,5.080085005537725,0.4328533646782251,13
256,-18.376963350785346,-61.25,0.2367,99.66297841063331,82.08495576458517,19.574608049743283,36.036174260079164,0.6380487804878049,654
257,-17.434554973821996,-61.25,0.2367,123.71823924065134,93.6417122092098,22.00588050200959,43.577833131317256,0.5415297982167996,1220
258,-16.492146596858646,-61.25,0.2367,169.4574813059148,85.43520403647562,19.69169894602903,56.958177252420406,0.4837310195227766,1984
259,-15.549738219895294,-61.25,0.2367,188.42980028225608,92.1383250458166,20.77858015769026,56.98792477178005,0.4650571791613723,1875
260,-14.607329842931941,-61.25,0.2367,194.87617007817994,116.48530191363534,27.004442178855733,60.43240746230976,0.44407971864009377,2128
261,-13.664921465968591,-61.25,0.2367,226.21552683821793,122.71661216014763,31.399844981823254,73.0205821287025,0.402380606764407,3321
262,-12.72251308900524,-61.25,0.2367,249.4135165860098,123.41370597481728,36.03307230392555,83.27079123090647,0.3757774140752864,4074
263,-11.780104712041888,-61.25,0.2367,267.4091008693307,97.60387671733042,34.03919138747709,85.69101678951729,0.3717277486910995,4008
264,-10.837696335078537,-61.25,0.2367,264.2162762303485,114.28725528385257,44.83939993531334,80.00323560721307,0.3790199857968956,3766
265,-9.895287958115185,-61.25,0.2367,250.18429200766604,110.93542713060742,48.958179275879246,73.29589659490286,0.38864652633875013,3117
266,-8.952879581151834,-61.25,0.2367,253.09719214582,111.87624361307826,54.59477554635834,69.76806391514748,0.39908356971416103,2731
267,-8.010471204188482,-61.25,0.2367,274.533539973595,111.56243758188793,59.526189719763124,68.2030896371554,0.3976857490864799,2333
268,-7.0680628272251305,-61.25,0.2367,283.8237802683966,110.30269072623923,62.75649177474543,66.53869783602553,0.3888411094388304,2005
269,-6.12565445026178,-61.25,0.2367,295.13760429217655,111.9584666020819,69.41389152354647,63.87991156502258,0.3738883632923368,1799
270,-5.183246073298429,-61.25,0.2367,332.89524702013296,115.25664005836006,75.30918185719578,65.31651462934012,0.3537731326109886,1394
271,-4.2408376963350785,-61.25,0.2367,348.8596932242217,114.0917836650624,78.14599705383169,62.36227596580121,0.33134451188149366,1261
272,-3.298429319371728,-61.25,0.2367,363.7483664974934,111.98003273340873,79.29535761245855,58.5527726314034,0.3375815786233223,1026
273,-2.356020942408377,-61.25,0.2367,350.78494266615735,109.82086085976334,79.0497402985801,51.209520976987626,0.34885988598859885,640
274,-1.4136125654450262,-61.25,0.2367,323.2560044870327,110.27354334422853,82.08259500174358,41.88156267460741,0.35797459421312633,423
275,-0.4712041884816754,-61.25,0.2367,280.5815133573435,111.14326557435561,85.2947001602691,29.897502554444607,0.36019417475728155,227
276,0.4712041884816754,-61.25,0.2367,218.77054989816298,112.2271889221156,86.32954029233417,17.083977504039034,0.36075036075036077,86
277,1.4136125654450262,-61.25,0.2367,157.5680052945319,111.34561696497258,85.59905458469152,9.290100527130974,0.38095238095238093,20
278,2.356020942408377,-61.25,0.2367,100.65816254093639,107.01585165923461,82.34457208139479,4.958353120645773,0.4107365792759051,13
279,3.298429319371728,-61.25,0.2367,52.5733593671431,100.32628747198032,74.41700616227695,2.308657276473664,0.42713711990820424,11
280,4.2408376963350785,-61.25,0.2367,32.714449358635726,86.27466148784151,59.40800479977471,1.1100728119972225,0.4707792207792208,1
281,-15.549738219895294,-60.0,0.2367,198.437488198921,87.95640414347872,16.06633618515962,57.076129094782864,0.46965317919075145,1806
282,-14.607329842931941,-60.0,0.2367,225.65248137623811,124.54931730288081,23.852552042103873,68.12824791322305,0.4288461538461538,2639
283,-13.664921465968591,-60.0,0.2367,247.22270387578192,124.30170005973196,27.845449236625285,74.75766309954051,0.42519070735090153,3021
284,-12.72251308900524,-60.0,0.2367,274.0369046907267,124.56846086512087,34.78507552143451,84.04003949890354,0.3987534978377003,3741
285,-11.780104712041888,-60.0,0.2367,300.9210736985456,119.33762533619301,40.49104811516786,86.69341594378865,0.3867481203007519,4182
286,-10.837696335078537,-60.0,0.2367,292.4538653000741,113.32967567344895,45.0997611994094,81.28208929367298,0.40184898139946856,3738
287,-9.895287958115185,-60.0,0.2367,273.08393628463364,110.50290292419959,49.566268784800094,75.67225631204273,0.42179347166605996,3113
288,-8.952879581151834,-60.0,0.2367,261.4203510300649,111.60729990078835,55.225040567177864,67.4032122497539,0.42424242424242425,2476
289,-8.010471204188482,-60.0,0.2367,285.67999483953827,112.77660783118336,61.16173013615763,64.18609658441156,0.41697566628041716,2124
290,-7.0680628272251305,-60.0,0.2367,303.76368601799186,112.08427339995978,65.42389104308138,61.25811210722724,0.410107937935687,1706
291,-6.12565445026178,-60.0,0.2367,313.4797534277004,111.34401598479599,69.29460663534702,60.19128432793078,0.41357806800800095,1362
292,-5.183246073298429,-60.0,0.2367,341.96187701603776,114.8631728044711,75.18177940153093,59.61351867005278,0.38110173357664234,1039
293,-4.2408376963350785,-60.0,0.2367,375.50323023890087,114.68141224526335,79.27970872710111,61.76598311581199,0.34844312645625924,1079
294,-3.298429319371728,-60.0,0.2367,416.1423649547214,108.79549944133032,78.3248722324575,62.11246011205687,0.34671824973319104,884
295,-2.356020942408377,-60.0,0.2367,413.6069506440981,107.07044459370081,79.6083325685592,57.91275961896651,0.3583235932542995,649
296,-1.4136125654450262,-60.0,0.2367,388.87327848074926,105.5400412454037,80.07798129808792,47.249200984891885,0.3649266526957516,394
297,-0.4712041884816754,-60.0,0.2367,327.80833410551975,106.45174204517389,82.81241151086827,30.760285965421122,0.35710122401398875,226
298,0.4712041884816754,-60.0,0.2367,237.78914976272625,106.26901813026052,81.91556903030374,15.067893887147104,0.3607551487414188,85
299,1.4136125654450262,-60.0,0.2367,180.3921732377707,105.27004943636712,81.49289333247286,6.810612651747753,0.358006718924972,23
300,2.356020942408377,-60.0,0.2367,129.95943581832802,98.91790254361695,76.14184175833356,2.981418479822233,0.3843667352336174,3
301,3.298429319371728,-60.0,0.2367,72.83495841831757,93.79009167401819,71.17667935155494,1.241153775723952,0.41333333333333333,3
302,4.2408376963350785,-60.0,0.2367,62.72302927705338,84.44688192597823,61.562160134243946,0.9117124686439715,0.4305555555555556,3
303,5.183246073298429,-60.0,0.2367,132.31036172928953,97.6150833821157,65.98344971553303,1.3550074535710341,0.44368530020703933,1
304,-13.664921465968591,-58.75,0.2367,270.6031456941673,100.78402254672255,20.503995301798554,75.77505920738685,0.4344740423877115,3019
305,-12.72251308900524,-58.75,0.2367,290.37596814242534,119.14703126996756,31.828114251571183,82.2970716640125,0.4288824383164006,3637
306,-11.780104712041888,-58.75,0.2367,314.6065065442531,114.22846213972662,38.02935848451337,85.55823457416388,0.409366658578015,3944
307,-10.837696335078537,-58.75,0.2367,300.03526401503564,112.93434955441626,43.8725077952433,80.49133354030921,0.42585059171597633,3632
308,-9.895287958115185,-58.75,0.2367,285.4732381701069,112.11106611415744,49.47650586716299,73.77343949030956,0.4299379524301965,3114
309,-8.952879581151834,-58.75,0.2367,289.4147967279605,111.95719554147217,55.26766374169375,68.85590680960654,0.4405797101449275,2445
310,-8.010471204188482,-58.75,0.2367,293.87566871517265,110.32864902721485,59.246302559204274,64.00251847027678,0.4355360144833829,1892
311,-7.0680628272251305,-58.75,0.2367,306.6877047313392,110.7109148890595,64.38342017492528,58.581918279128224,0.4388543823326432,1397
312,-6.12565445026178,-58.75,0.2367,329.3685487748746,111.58072532562073,69.64844004060735,59.0665561718143,0.4113261030317969,1120
313,-5.183246073298429,-58.75,0.2367,355.7902805356025,112.77346312446753,75.65006790370678,59.71686143496858,0.3960843373493976,965
314,-4.2408376963350785,-58.75,0.2367,379.79079022233236,112.58782417746261,79.7394348179824,60.95880282007668,0.37174044875682233,855
315,-3.298429319371728,-58.75,0.2367,430.47874831343506,107.60109219525475,78.73907411494552,64.68388168206494,0.35088070456365095,788
316,-2.356020942408377,-58.75,0.2367,427.80803606296104,104.88240943348501,79.83390355645724,60.06350175632522,0.3654434250764526,532
317,-1.4136125654450262,-58.75,0.2367,424.5469838681447,103.24669964524219,80.65412424883795,52.73866474279355,0.37908152517379395,366
318,-0.4712041884816754,-58.75,0.2367,351.9867045088582,103.86093333363533,81.83758399920929,34.084412506098175,0.3796209639681797,211
319,0.4712041884816754,-58.75,0.2367,271.0113530231851,102.94480820128229,82.16116802546999,17.874888708774005,0.3663003663003663,56
320,-13.664921465968591,-57.5,0.2367,286.89016312945796,106.19972184329526,20.02549400587933,83.70211126689487,0.4043836871849702,3976
321,-12.72251308900524,-57.5,0.2367,306.19589975663075,117.63268856098875,30.137125922408533,89.83344579718326,0.3938609902387393,4636
322,-11.780104712041888,-57.5,0.2367,328.86526082654655,111.18762478261488,35.61095735216579,93.47001697907329,0.39145849241845754,4677
323,-10.837696335078537,-57.5,0.2367,329.68358680638175,110.87796582898591,41.99600276094433,89.58975932847997,0.40504927472040747,4405
324,-9.895287958115185,-57.5,0.2367,331.47039938053695,110.23740441771224,47.74383669312305,82.47255528703758,0.4240108467891039,3580
325,-8.952879581151834,-57.5,0.2367,328.5084289470615,107.92840823036386,51.86632519983691,72.7231543685316,0.4419649122807017,2608
326,-8.010471204188482,-57.5,0.2367,335.83470628721443,107.9099802285782,57.36419071922636,66.44043628593595,0.44762996941896027,1737
327,-7.0680628272251305,-57.5,0.2367,341.03059809000115,110.22311147855362,64.44604839267897,60.828657886261546,0.4455378605769231,1190
328,-6.12565445026178,-57.5,0.2367,344.4332408650507,111.27391535730567,70.15052591352945,58.47430241198695,0.41836332588992514,878
329,-5.183246073298429,-57.5,0.2367,359.23007679808495,112.14449586550472,74.97054832957065,58.20933007214052,0.41813973063973064,736
330,-4.2408376963350785,-57.5,0.2367,376.51163833697865,110.77332851244137,77.45866945335707,58.6025245196757,0.39887387387387385,631
331,-3.298429319371728,-57.5,0.2367,395.3978853935041,110.29334500111872,80.56197980402855,58.441993216401016,0.3669822846670739,513
332,-2.356020942408377,-57.5,0.2367,421.1416200730446,108.60708242777037,83.68174201722833,59.90167527651959,0.36869613057032824,458
333,-1.4136125654450262,-57.5,0.2367,394.17191299051564,107.93783785571577,86.27502997338355,54.75358175265293,0.3749736675795239,299
334,-0.4712041884816754,-57.5,0.2367,316.72897111207186,110.17334669712,89.61592652687241,34.90182513147984,0.367756804214223,177
335,0.4712041884816754,-57.5,0.2367,249.85286951781774,107.53306516940938,88.40699057743639,19.815416666445067,0.36067415730337077,50
336,1.4136125654450262,-57.5,0.2367,197.52833743955208,102.62307328783209,81.38466316161633,8.556441517972786,0.34913999044433824,20
337,-13.664921465968591,-56.25,0.2367,306.1586305918665,106.43264309299411,19.552946116304618,90.50684831615521,0.3776901901901902,4804
338,-12.72251308900524,-56.25,0.2367,318.74340019608553,112.49844512029085,26.591685849406026,91.2929549924283,0.39515830972034005,4689
339,-11.780104712041888,-56.25,0.2367,342.6850444022307,109.85733897832688,32.655798456205304,97.98029099433747,0.37795390450257704,5687
340,-10.837696335078537,-56.25,0.2367,342.28268553601083,109.91617884632433,39.41318743111055,91.18930132164714,0.4187574671445639,4391
341,-9.895287958115185,-56.25,0.2367,354.8762080504639,108.95484821114223,44.95422281645743,81.8988260519481,0.43598099117447386,3485
342,-8.952879581151834,-56.25,0.2367,360.8989718124212,107.09486637002556,50.69127780396445,71.67904883374325,0.4502534854245881,2297
343,-8.010471204188482,-56.25,0.2367,375.21530742467803,104.54034639842575,54.59991227976093,65.32381491661104,0.46464646464646464,1476
344,-7.0680628272251305,-56.25,0.2367,378.54868422795334,107.88583758927416,61.55602209648043,60.04276414740972,0.46864299873851145,986
345,-6.12565445026178,-56.25,0.2367,357.61882721374604,110.85117024660576,70.11114664430308,54.445680245936416,0.4422287871327753,674
346,-5.183246073298429,-56.25,0.2367,337.9888051928583,112.48016298719449,75.13405505262033,48.24323769102687,0.4175068744271311,506
347,-4.2408376963350785,-56.25,0.2367,341.01288218696027,110.87765956996009,76.63104160268551,43.907532105439145,0.40965263861055445,346
348,-3.298429319371728,-56.25,0.2367,340.727874962995,111.71863729163306,82.25148366609837,44.78229173363854,0.388586494301752,319
349,-2.356020942408377,-56.25,0.2367,347.21996931172924,115.33399077539798,87.90120977371382,43.64084134860452,0.3644859813084112,265
350,-1.4136125654450262,-56.25,0.2367,281.9789201745877,114.07282178843161,90.59889780369596,35.59604418036333,0.37333944113605133,189
351,-0.4712041884816754,-56.25,0.2367,207.46621120550373,103.88943463593023,84.89779978420242,20.55263093544115,0.3824947273275083,113
352,0.4712041884816754,-56.25,0.2367,165.8724135765471,97.87234586721752,80.8411020958339,12.528017592304604,0.36627718273287896,33
353,1.4136125654450262,-56.25,0.2367,139.36446264372682,100.60777762817452,80.40513988190278,6.617053415721559,0.3534136546184739,14
354,-14.607329842931941,-55.0,0.2367,332.9350059114822,109.45638876990415,13.216818584552282,94.80186598628771,0.3441026775835362,5609
355,-13.664921465968591,-55.0,0.2367,335.6776644292735,103.46334582951386,17.774458503550065,97.85127808679805,0.3576322587891722,5492
356,-12.72251308900524,-55.0,0.2367,323.17551702037747,110.6372700681095,24.59032293725058,95.30182461562778,0.3841332378223496,5249
357,-11.780104712041888,-55.0,0.2367,331.8361937853487,109.19654413475655,29.93404567800402,91.58839833106757,0.41128211650979396,4775
358,-10.837696335078537,-55.0,0.2367,338.9940247847653,108.09489725797903,36.49611432576675,81.40111304523911,0.45559021507141684,3494
359,-9.895287958115185,-55.0,0.2367,357.4310535406403,107.10411416046554,42.468606443712176,71.91242464558995,0.4655917852639164,2569
360,-8.952879581151834,-55.0,0.2367,374.6825541471935,107.41708713001572,48.9042006345001,64.27999571107199,0.4803459119496855,1640
361,-8.010471204188482,-55.0,0.2367,383.8697991537265,104.3403422262054,53.83067133032572,59.68974098337909,0.48674953095684803,1067
362,-7.0680628272251305,-55.0,0.2367,382.602162730484,106.78283599525457,61.25756620677828,53.13519946513379,0.47944743935309975,687
363,-6.12565445026178,-55.0,0.2367,364.5694107987583,108.36785202525789,67.22181905420673,45.68151472464099,0.4652820830750155,471
364,-5.183246073298429,-55.0,0.2367,331.72432518530513,108.95433035882888,70.7859125946617,39.908714511702435,0.4492365655363871,290
365,-4.2408376963350785,-55.0,0.2367,307.1720151309546,106.52458078111522,72.81596917866472,32.764676818903865,0.4350537634408602,183
366,-3.298429319371728,-55.0,0.2367,271.1605280412964,112.9830066987779,82.63689392507194,27.350820168916222,0.3977570093457944,149
367,-2.356020942408377,-55.0,0.2367,272.3830137901038,115.96557391108945,88.05859693475205,23.410131964507592,0.383061049011178,116
368,-1.4136125654450262,-55.0,0.2367,174.50041918369777,93.82550380309112,73.35241863400101,14.150681290518435,0.4230769230769231,43
369,-0.4712041884816754,-55.0,0.2367,132.53362093946663,75.35829940447002,61.56977288448714,9.329708236453575,0.4288824383164006,22
370,0.4712041884816754,-55.0,0.2367,121.21468436191788,71.00518716593797,58.52578950409132,6.741292945334463,0.40950384346610763,16
371,1.4136125654450262,-55.0,0.2367,107.89874065097294,85.27109383227071,68.69711073465591,4.343340893460343,0.3749434644957033,9
372,2.356020942408377,-55.0,0.2367,111.85116363313071,78.59245419851504,60.298753272617596,2.498418508157073,0.35384615384615387,3
373,-14.607329842931941,-53.75,0.2367,329.02073267175564,105.6456085681566,9.599202618632013,91.4566114273926,0.369103953594871,4658
374,-13.664921465968591,-53.75,0.2367,323.39657811345467,107.93179535743548,14.732974065976931,91.08257067846158,0.38806727562708426,4938
375,-12.72251308900524,-53.75,0.2367,314.1343342285427,106.70477884879801,20.379433186468503,85.4300323084016,0.41645569620253164,4463
376,-11.780104712041888,-53.75,0.2367,313.30699282111453,108.15830629784614,26.307316565878207,75.48798758313232,0.4738582351725563,3359
377,-10.837696335078537,-53.75,0.2367,327.6445349457754,108.32710862072418,31.98163871719142,65.53834709909567,0.5190332326283988,2050
378,-9.895287958115185,-53.75,0.2367,352.77694223141737,106.647835894546,37.73160890331055,60.68406902937517,0.5070503597122302,1718
379,-8.952879581151834,-53.75,0.2367,369.19129821782917,106.76547410868807,44.618467830899284,56.24887050138196,0.5079646017699115,1196
380,-8.010471204188482,-53.75,0.2367,390.7911809065672,107.91058994131163,52.9769305293224,52.988187661117266,0.5036884036588964,826
381,-7.0680628272251305,-53.75,0.2367,389.59734663507334,104.93801987729967,58.44853419645853,47.265916598665044,0.500274574409665,537
382,-6.12565445026178,-53.75,0.2367,374.11293474400736,104.06011211365694,62.75063628526967,41.28103062431068,0.4865951742627346,361
383,-5.183246073298429,-53.75,0.2367,336.9609184712408,104.20699460722972,66.53272129755133,33.60832866201499,0.46917370171399336,207
384,-4.2408376963350785,-53.75,0.2367,283.10810660899733,110.34314930060646,74.0379408458781,24.720182929358554,0.4506201731804353,114
385,-3.298429319371728,-53.75,0.2367,238.36531928353452,111.84978155710269,79.85808372329804,18.414571585699893,0.4117027994106504,52
386,-2.356020942408377,-53.75,0.2367,186.69534683623283,108.41809635108802,80.39467725961981,12.120700890743908,0.4126506024096386,16
387,-1.4136125654450262,-53.75,0.2367,131.98691790275404,87.27010576694738,67.65101221250129,6.8946958311449,0.44313369630973987,13
388,-0.4712041884816754,-53.75,0.2367,98.57284056259061,62.75828758931311,50.729538999098416,4.0735087898097255,0.45190274841437633,9
389,0.4712041884816754,-53.75,0.2367,89.29646082441977,58.40072965613217,47.70155985731858,2.5277459737166734,0.43844367015098723,5
390,1.4136125654450262,-53.75,0.2367,86.67575285673252,64.07308856549207,51.71865357449261,1.5434519599042538,0.41304347826086957,3
391,2.356020942408377,-53.75,0.2367,92.11189008791905,61.60655058294651,47.815121832499884,1.1334390159975198,0.4088269454123113,1
392,-13.664921465968591,-52.5,0.2367,337.47215577505057,101.74613705225056,8.542762894005444,83.45931528239153,0.4093824445666117,4387
393,-12.72251308900524,-52.5,0.2367,320.9346907346503,112.26938741456252,14.651196021194187,70.90315643315886,0.4908759124087591,2998
394,-11.780104712041888,-52.5,0.2367,310.8524762953641,111.89173582184594,19.27016197845647,60.79076523703715,0.5235708982925018,2109
395,-10.837696335078537,-52.5,0.2367,316.40267739821184,108.99645612516906,24.378396136086998,53.731096377299146,0.5376486129458389,1515
396,-9.895287958115185,-52.5,0.2367,330.63879323636456,108.87051314755809,30.824070322297462,49.99775553763426,0.5357142857142857,1109
397,-8.952879581151834,-52.5,0.2367,353.5507844450012,106.83923026226694,38.78663993444046,47.22974585539792,0.5274858528698464,833
398,-8.010471204188482,-52.5,0.2367,370.53602406907885,106.59491439932026,47.910544480490316,41.28822618537791,0.5107070707070707,511
399,-7.0680628272251305,-52.5,0.2367,372.65154996010097,105.54107944888528,53.88470257427887,35.03415981034207,0.5261018399657681,311
400,-6.12565445026178,-52.5,0.2367,366.5453600041292,105.86348065291531,60.822876456250484,30.797638686880973,0.5131774313288789,212
401,-5.183246073298429,-52.5,0.2367,348.52204531114694,106.75383201451041,66.70696929298799,27.497174335718164,0.4907235621521336,115
402,-4.2408376963350785,-52.5,0.2367,293.0269503504496,111.33387503447011,73.83758544641965,20.558046456248018,0.4611988225849612,69
403,-3.298429319371728,-52.5,0.2367,243.00953819351207,112.08218257350381,78.84111697493489,14.151236791596448,0.4154490760636012,26
404,-2.356020942408377,-52.5,0.2367,172.80470411091983,112.78582939936314,83.81148673025099,7.040917310411906,0.3864104323953329,5
405,-1.4136125654450262,-52.5,0.2367,122.91954388378528,99.96772140206303,77.29308625014895,3.1187330993778337,0.3956140350877193,3
406,-0.4712041884816754,-52.5,0.2367,85.41656866341718,69.96293206029804,55.151474978728736,1.704563365786608,0.4443027210884354,3
407,0.4712041884816754,-52.5,0.2367,80.8698395256844,51.17512038497807,40.42091847044124,1.1251079602984766,0.4572072072072072,1
408,-8.952879581151834,-51.25,0.2367,361.3695111390507,108.41035441932036,29.658365051995073,33.54856415294601,0.5679487179487179,315
409,-8.010471204188482,-51.25,0.2367,368.82043624564176,107.80505229049595,39.89973949297873,30.045775961571003,0.5531123139377537,279
410,-7.0680628272251305,-51.25,0.2367,377.2524623159188,103.26575663551921,46.54790862617813,22.184333531612282,0.5557894736842105,165
411,-5.183246073298429,-51.25,0.2367,390.9594495718011,103.92547615425428,57.42399836796561,19.20194575021518,0.5291313559322034,43
412,-4.2408376963350785,-51.25,0.2367,332.67106134755977,101.93682826735312,64.01194540688647,16.002252329531434,0.49573378839590443,33
413,-3.298429319371728,-51.25,0.2367,265.0253749335411,114.69709601718932,77.98189648840501,10.775435790305101,0.4409304756926294,12
414,-2.356020942408377,-51.25,0.2367,189.0428023537504,116.3856597294216,83.79184888621202,4.273912753184107,0.39417693169092943,1
415,-3.298429319371728,-50.0,0.2367,279.6181883176695,117.67758984002285,72.83175884144525,6.13968263436516,0.456315289648623,7
0,-6.12565445026178,-78.75,1.1514,103.09179554748437,77.05856975284405,40.14724175648717,41.15570901553822,0.5448717948717948,10
1,-5.183246073298429,-78.75,1.1514,106.62390307833707,74.39141814073082,39.301279426290634,46.308923685416495,0.5054945054945055,11
2,-4.2408376963350785,-78.75,1.1514,118.48464352945894,82.43456656331546,41.44692476727268,52.49133718041415,0.49038461538461536,29
3,-3.298429319371728,-78.75,1.1514,141.29777716315326,89.44984337344067,44.91127032611823,53.80452765264146,0.42436974789915966,36
4,-2.356020942408377,-78.75,1.1514,170.16013342611956,91.37134229124058,46.319708163806865,50.219095477896374,0.4076923076923077,37
5,-1.4136125654450262,-78.75,1.1514,191.9703620001792,83.83622908091638,40.90755237636652,46.24472025519416,0.4318181818181818,36
6,-8.952879581151834,-77.5,1.1514,204.9247749745279,116.25085060251877,63.27769145076225,144.18851748077674,0.47794117647058826,137
7,-8.010471204188482,-77.5,1.1514,151.58978638355856,98.15372388926335,58.88650934135556,84.27484016228236,0.4735576923076923,75
8,-7.0680628272251305,-77.5,1.1514,141.00253279845288,98.10626027028775,60.980400753121984,69.87524743055317,0.48366013071895425,38
9,-6.12565445026178,-77.5,1.1514,169.1597487982215,99.93388770060847,63.29806417223243,75.44869917088933,0.4033333333333333,81
10,-5.183246073298429,-77.5,1.1514,196.92221624010318,101.98992224643007,64.21159925181266,65.0543401369091,0.3983333333333333,55
11,-4.2408376963350785,-77.5,1.1514,170.40545358116026,112.90264500305057,68.34080617252137,54.19920501110999,0.3657142857142857,41
12,-3.298429319371728,-77.5,1.1514,177.94661789511179,109.40721953316825,64.95982698377934,45.556436267150794,0.34615384615384615,41
13,-2.356020942408377,-77.5,1.1514,199.8621102712185,102.29274434095714,61.275716431843605,43.37501175487227,0.3134920634920635,41
14,-1.4136125654450262,-77.5,1.1514,220.47648574938913,89.42212398877018,52.18979292858152,41.873482506837554,0.29276315789473684,57
15,-0.4712041884816754,-77.5,1.1514,231.66203500842843,81.87799692561384,43.553141319757614,45.22705862007683,0.32967032967032966,36
16,0.4712041884816754,-77.5,1.1514,234.97156607889337,85.93663174600806,41.88312093890812,37.59552969618693,0.4444444444444444,15
17,-10.837696335078537,-76.25,1.1514,266.46438086984756,82.60920931119472,42.3109578116861,228.64013970595948,0.32903225806451614,420
18,-9.895287958115185,-76.25,1.1514,311.1856864882827,86.5360861615045,52.603358449564254,195.19455662637614,0.3088803088803089,331
19,-8.952879581151834,-76.25,1.1514,340.6840843933113,102.2645287803607,66.32176794178147,180.46591846767035,0.2830551989730424,244
20,-8.010471204188482,-76.25,1.1514,198.25922811031006,110.66277868521865,77.94400390723663,76.92366860934398,0.43272727272727274,81
21,-7.0680628272251305,-76.25,1.1514,146.4491691196429,107.8171131000272,76.02560376462768,45.679741841694934,0.4738562091503268,10
22,-6.12565445026178,-76.25,1.1514,192.6382889402597,111.21547277580248,79.40781207607654,58.068181634476986,0.37749287749287747,26
23,-5.183246073298429,-76.25,1.1514,231.688253514184,117.15062880772166,82.71220282069852,69.51445826508642,0.32887700534759357,52
24,-4.2408376963350785,-76.25,1.1514,227.0886474235605,120.07716720661847,82.98691584489518,65.25369664712676,0.31283422459893045,46
25,-3.298429319371728,-76.25,1.1514,223.20975014822997,120.02568013267592,81.18561663289226,56.833864473656526,0.2903225806451613,51
26,-2.356020942408377,-76.25,1.1514,225.79979294777513,116.86934240249684,77.5901464014965,48.9204925435383,0.2850574712643678,47
27,-1.4136125654450262,-76.25,1.1514,213.47679492257643,113.55102607776644,72.33629669111153,36.86893610965182,0.2574712643678161,45
28,-0.4712041884816754,-76.25,1.1514,201.855552088683,109.06605830183253,65.53698521773154,28.520898131597782,0.2619047619047619,27
29,0.4712041884816754,-76.25,1.1514,214.55108725366046,101.93273711542133,57.306159681795954,24.63085361574573,0.39090909090909093,13
30,1.4136125654450262,-76.25,1.1514,191.61967296565706,101.81044232449494,51.34149991689384,17.290497034890777,0.4642857142857143,6
31,-13.664921465968591,-75.0,1.1514,82.08594220339252,35.242349655563885,19.049989917429393,48.16027109140996,0.7,8
32,-12.72251308900524,-75.0,1.1514,206.24849081500187,78.51607666758355,47.95219679478463,187.8674501326069,0.3163659793814433,390
33,-11.780104712041888,-75.0,1.1514,362.8361667119975,71.11149284726707,44.57880636868994,223.39485156036693,0.2184557438794727,573
34,-10.837696335078537,-75.0,1.1514,469.81169698282537,91.70745967829134,61.52146219254181,236.41977957951232,0.16666666666666666,541
35,-9.895287958115185,-75.0,1.1514,344.7617510350166,102.75091085321037,74.07935853649303,125.54884101674007,0.31643132220795894,230
36,-8.952879581151834,-75.0,1.1514,258.45511459323893,117.77286626544083,87.39730989972504,84.27401039060531,0.3774193548387097,60
37,-8.010471204188482,-75.0,1.1514,197.22537693057288,118.85237333510304,88.59004178538333,62.075485538238,0.40028490028490027,22
38,-7.0680628272251305,-75.0,1.1514,194.42255337684858,115.77099487069063,85.8911622413539,56.911454297155885,0.3842364532019704,19
39,-6.12565445026178,-75.0,1.1514,211.1147303853846,117.78964863769943,85.45859189567855,59.409287767922144,0.3548387096774194,25
40,-5.183246073298429,-75.0,1.1514,217.77492693648992,118.40538863267284,84.64079799513634,60.8670160800961,0.34942528735632183,30
41,-4.2408376963350785,-75.0,1.1514,219.71424679362195,117.7277883849456,82.82127583574709,57.079310834260994,0.3732193732193732,23
42,-3.298429319371728,-75.0,1.1514,212.82567453553867,116.17822444997728,82.20746774343624,48.57490263035832,0.33251231527093594,27
43,-2.356020942408377,-75.0,1.1514,204.08590757240555,114.27686517883558,80.13487207815318,39.6986442976342,0.335,23
44,-1.4136125654450262,-75.0,1.1514,191.10280634413857,110.98279209982138,75.45946166146076,31.790122846798496,0.32894736842105265,20
45,-0.4712041884816754,-75.0,1.1514,166.43956986837426,109.24182830436621,70.19385034905521,23.32078320897702,0.375,7
46,0.4712041884816754,-75.0,1.1514,140.62191934860047,107.9346860689111,65.43640467079422,13.383008885265784,0.34065934065934067,4
47,1.4136125654450262,-75.0,1.1514,142.0597508871586,101.45819412195124,56.714133438804794,8.49245783562575,0.4222222222222222,3
48,2.356020942408377,-75.0,1.1514,148.62967439157256,101.14549186953809,49.88153856898244,6.09124661838814,0.5,1
49,-14.607329842931941,-73.75,1.1514,89.9886546443278,34.56115802933709,20.52786501083417,40.54826289956177,0.6,10
50,-13.664921465968591,-73.75,1.1514,194.65673424789713,78.87643806257984,51.61008756587338,116.35621398787274,0.42105263157894735,122
51,-12.72251308900524,-73.75,1.1514,377.3218697430525,83.62303750851424,59.052305106893186,169.54889832493845,0.30527817403708984,320
52,-11.780104712041888,-73.75,1.1514,385.164028153871,92.51967332500499,68.80818526263748,177.31311198631283,0.23447712418300654,405
53,-10.837696335078537,-73.75,1.1514,319.0739647000367,109.16157633037074,79.55695543125336,100.81368721633758,0.37126436781609196,87
54,-9.895287958115185,-73.75,1.1514,263.2293808772364,118.25053370761452,84.1373708051298,87.79679806939845,0.35376344086021505,46
55,-8.952879581151834,-73.75,1.1514,226.41059374074248,121.98833621194353,86.05695380926117,77.39954072159287,0.3583743842364532,26
56,-8.010471204188482,-73.75,1.1514,197.07949845832565,119.81659575831145,84.28801908894599,64.44926129431232,0.3504273504273504,13
57,-7.0680628272251305,-73.75,1.1514,207.89594673935562,117.90644588501891,81.9992088681651,63.7305225427246,0.30689655172413793,22
58,-6.12565445026178,-73.75,1.1514,230.45042522561062,119.36097828234779,82.45133660906521,66.22143488641635,0.28205128205128205,30
59,-5.183246073298429,-73.75,1.1514,240.6436832151263,119.24732475163182,82.98621885170057,65.41735961074401,0.2552910052910053,41
60,-4.2408376963350785,-73.75,1.1514,231.5158215345772,118.8554265271523,83.10842035899097,55.5239313933827,0.2976190476190476,24
61,-3.298429319371728,-73.75,1.1514,207.97161487382064,119.74488803709392,84.39549362830053,46.84814386092876,0.3157894736842105,19
62,-2.356020942408377,-73.75,1.1514,185.81578073678398,116.49527943256544,82.63356712682948,36.90795271109615,0.3382352941176471,13
63,-1.4136125654450262,-73.75,1.1514,168.69207808812237,113.02246280800318,78.84333048389743,28.37623943424747,0.3076923076923077,12
64,-0.4712041884816754,-73.75,1.1514,146.36772926997355,108.89526892569847,73.02945464902479,19.36782010261731,0.35454545454545455,8
65,0.4712041884816754,-73.75,1.1514,118.46630341406167,107.03558606706792,68.9364295598396,10.639410979898825,0.375,2
66,1.4136125654450262,-73.75,1.1514,94.8288917477928,105.91849050717428,63.801755501116915,4.113058768214601,0.42857142857142855,0
67,-14.607329842931941,-72.5,1.1514,166.15143445966305,50.98417815184803,29.273046176773796,190.2330815667582,0.3158783783783784,350
68,-13.664921465968591,-72.5,1.1514,315.14114739765876,76.06399598676944,47.24570780956684,183.4891769929132,0.35406698564593303,400
69,-12.72251308900524,-72.5,1.1514,394.2194077106038,90.02453542576404,63.12439631908864,161.14457190052698,0.28815977175463625,260
70,-11.780104712041888,-72.5,1.1514,312.85071609253663,104.90207995550008,72.38489486671997,97.45972147068365,0.39666666666666667,60
71,-10.837696335078537,-72.5,1.1514,264.9078954788309,115.54718087834772,76.34440835393266,85.69711990774394,0.4003623188405797,33
72,-9.895287958115185,-72.5,1.1514,236.30100843428082,117.72702947171638,75.4954262894477,82.97798489250941,0.3446153846153846,42
73,-8.952879581151834,-72.5,1.1514,226.31470256265192,120.58990228950279,78.46296303655483,72.67644991378663,0.34057971014492755,30
74,-8.010471204188482,-72.5,1.1514,222.45558675427878,121.75318649446126,78.39275577008635,64.65194720815008,0.3157894736842105,17
75,-7.0680628272251305,-72.5,1.1514,230.94271533263736,120.5898135722964,78.93005537613587,64.09141465589069,0.2714285714285714,18
76,-6.12565445026178,-72.5,1.1514,241.9544140169637,118.1185812826152,78.5293199166033,66.0990748200226,0.23161764705882354,29
77,-5.183246073298429,-72.5,1.1514,245.17576289798285,117.1274234825978,79.80328498665719,64.0292098479068,0.21978021978021978,29
78,-4.2408376963350785,-72.5,1.1514,247.9750404656383,116.64255342126125,81.4183433939957,59.815648340253546,0.23076923076923078,29
79,-3.298429319371728,-72.5,1.1514,238.41647638432556,119.01204782043351,82.96663709825239,54.57854935356931,0.22380952380952382,33
80,-2.356020942408377,-72.5,1.1514,212.56790388825942,116.33116225828417,82.19133367120915,46.32839341991642,0.25757575757575757,23
81,-1.4136125654450262,-72.5,1.1514,191.88601354628898,114.19074677367462,81.0112517638312,35.23646620306796,0.21428571428571427,18
82,-0.4712041884816754,-72.5,1.1514,154.36980270717498,108.58954731869744,75.7165072463146,22.70119352637314,0.2361111111111111,12
83,0.4712041884816754,-72.5,1.1514,126.79089340298762,105.89019468461629,71.52855236542842,13.669295496092413,0.30357142857142855,4
84,1.4136125654450262,-72.5,1.1514,106.24520674977248,106.2471849436406,68.68176860447164,6.477560100131644,0.45,0
85,-14.607329842931941,-71.25,1.1514,225.5521950323216,61.9069313709042,32.08409966349205,316.7927870900853,0.20800211976682564,755
86,-13.664921465968591,-71.25,1.1514,380.9744709033305,89.20030990149826,51.631044652678625,228.15858107158883,0.27158098933074687,487
87,-12.72251308900524,-71.25,1.1514,371.3182909699126,91.23523873393424,58.9132918476149,140.67765402660197,0.33585313174946,173
88,-11.780104712041888,-71.25,1.1514,289.76244394615424,111.2011860444909,69.63230711668307,84.33739842880547,0.4134199134199134,48
89,-10.837696335078537,-71.25,1.1514,251.76034286252417,116.03361182817025,69.98091555983063,87.06417730006231,0.33666666666666667,58
90,-9.895287958115185,-71.25,1.1514,232.05313201855762,119.1797557863174,71.33824186082678,79.91972704835638,0.2987012987012987,43
91,-8.952879581151834,-71.25,1.1514,243.60241872382161,121.92115933110472,72.5072057787324,73.72357862574074,0.3047619047619048,31
92,-8.010471204188482,-71.25,1.1514,255.91137170118714,119.62266799964709,74.18439585755068,69.52728863252665,0.27564102564102566,21
93,-7.0680628272251305,-71.25,1.1514,251.6314620885987,118.89918089465937,75.32367078805548,68.10093486179343,0.24175824175824176,25
94,-6.12565445026178,-71.25,1.1514,247.70871962131878,117.09141584811732,77.30911035164668,66.68212291799611,0.23333333333333334,24
95,-5.183246073298429,-71.25,1.1514,243.15387414707175,116.4581417341833,78.46643733360062,63.34648607705816,0.21978021978021978,29
96,-4.2408376963350785,-71.25,1.1514,250.4212005649255,115.33136404672405,79.77487219405357,62.74297975276531,0.21978021978021978,33
97,-3.298429319371728,-71.25,1.1514,252.42917523020728,116.95664201164618,81.97341481046465,56.82791819450278,0.2564102564102564,24
98,-2.356020942408377,-71.25,1.1514,235.5632712423916,115.5088670286932,81.4039107291648,47.96101402703363,0.26515151515151514,24
99,-1.4136125654450262,-71.25,1.1514,223.42587714020374,112.18345837231027,79.29917350256845,40.86689495488976,0.23484848484848486,23
100,-0.4712041884816754,-71.25,1.1514,197.82482578909497,107.5342417450156,75.31956525687326,29.598628998964884,0.2361111111111111,13
101,0.4712041884816754,-71.25,1.1514,166.72815540433945,104.01695514534367,71.95631194056843,20.1399850849164,0.26666666666666666,8
102,1.4136125654450262,-71.25,1.1514,131.5325896658002,104.0434155825642,70.11364776764971,10.109708423395709,0.3333333333333333,1
103,-13.664921465968591,-70.0,1.1514,403.84509725197137,79.5613610552391,41.82452487355916,158.61404373291833,0.32984790874524716,259
104,-12.72251308900524,-70.0,1.1514,353.10866250434964,102.87844969541766,60.884194913864995,109.06405687896114,0.37191358024691357,111
105,-11.780104712041888,-70.0,1.1514,267.73591687715907,112.10262009466533,63.25127846501827,90.2222983112916,0.35375494071146246,52
106,-10.837696335078537,-70.0,1.1514,232.23552661388422,118.17168655368732,64.39425967220909,80.69964670977942,0.2727272727272727,41
107,-9.895287958115185,-70.0,1.1514,245.74015066824754,120.08997844270198,65.79063845595614,79.01923723407926,0.2619047619047619,43
108,-8.952879581151834,-70.0,1.1514,247.11371277865175,119.5618867414305,67.60695553473789,74.54423059293252,0.28205128205128205,31
109,-8.010471204188482,-70.0,1.1514,259.03457645970775,117.96761509438511,70.80306754651009,74.87553045485765,0.25,29
110,-7.0680628272251305,-70.0,1.1514,268.5335714609482,115.73633781619719,72.21370836006625,74.42636482260329,0.22527472527472528,29
111,-6.12565445026178,-70.0,1.1514,256.5641372966303,115.6673600350041,75.63478055135177,67.08957387551504,0.24725274725274726,30
112,-5.183246073298429,-70.0,1.1514,253.7440282403486,114.92089453706285,76.9566594018742,64.06668921727258,0.21904761904761905,34
113,-4.2408376963350785,-70.0,1.1514,248.82340421492526,115.63302646827651,78.83637154379144,64.34382396543711,0.25,24
114,-3.298429319371728,-70.0,1.1514,261.2968805247725,114.81839559593936,80.78466373970772,60.19498233365686,0.23626373626373626,31
115,-2.356020942408377,-70.0,1.1514,266.9820716711135,111.97225307521876,79.39261975697211,54.45008908847159,0.23626373626373626,32
116,-1.4136125654450262,-70.0,1.1514,266.7763811194386,109.59746911888942,79.82702566299017,50.4140326203957,0.225,47
117,-0.4712041884816754,-70.0,1.1514,266.9460742611541,106.0899847804103,77.21657874316224,44.14608067899033,0.24725274725274726,47
118,0.4712041884816754,-70.0,1.1514,247.18825704291658,105.59767373430077,76.14431622425349,32.94615609867476,0.22435897435897437,38
119,1.4136125654450262,-70.0,1.1514,199.48084933243868,102.72759267885704,72.19357645167973,19.027766990671736,0.3,10
120,-15.549738219895294,-68.75,1.1514,351.0552483890501,99.17498400318436,33.655327012526335,217.3612742656382,0.2743243243243243,403
121,-14.607329842931941,-68.75,1.1514,367.1673143264676,87.31821784662316,40.856440158039455,156.00530114569162,0.3275862068965517,211
122,-13.664921465968591,-68.75,1.1514,391.6898777060705,95.6422177440254,51.16482411468429,128.8767148870342,0.3010752688172043,166
123,-12.72251308900524,-68.75,1.1514,292.9436089275302,112.64894187741447,59.715330508778166,102.50679117813114,0.27350427350427353,77
124,-11.780104712041888,-68.75,1.1514,235.98990682220568,115.6498496158747,59.183331754907144,85.90708795386313,0.22294372294372294,47
125,-10.837696335078537,-68.75,1.1514,232.39581624150395,117.74980287998915,59.1978131767406,76.62588069829127,0.2818181818181818,30
126,-9.895287958115185,-68.75,1.1514,244.6343429926723,119.44499956676736,62.074312464579116,74.62378534036537,0.24242424242424243,28
127,-8.952879581151834,-68.75,1.1514,240.33872637351806,118.3522134879604,65.03716816367222,71.06103592632613,0.26666666666666666,19
128,-8.010471204188482,-68.75,1.1514,243.77192703341734,115.37437054153997,65.59755051054633,68.60908595783022,0.23636363636363636,25
129,-7.0680628272251305,-68.75,1.1514,263.39925551760643,114.00351264965138,69.10078517211933,72.94093473030463,0.24242424242424243,24
130,-6.12565445026178,-68.75,1.1514,258.2698928835282,114.6435961156385,72.80736461103739,64.86594365775447,0.23626373626373626,37
131,-5.183246073298429,-68.75,1.1514,249.24494016399268,111.66792465839535,74.26940973617161,59.29877799099942,0.24725274725274726,30
132,-4.2408376963350785,-68.75,1.1514,258.46690801676743,113.12672084080987,77.350126407657,64.0121845871935,0.26666666666666666,47
133,-3.298429319371728,-68.75,1.1514,262.1797134577332,112.03503154712962,78.3189493111463,59.36518201034165,0.2375,40
134,-2.356020942408377,-68.75,1.1514,293.62160313719767,110.15834723424632,79.55196688250885,62.674905407623676,0.2222222222222222,71
135,-1.4136125654450262,-68.75,1.1514,316.7386300326734,108.65996733598877,80.88417862865298,63.23748559796272,0.25526315789473686,95
136,-0.4712041884816754,-68.75,1.1514,334.704838980326,106.05417542770738,78.11980507615016,59.130969533482286,0.28308823529411764,66
137,0.4712041884816754,-68.75,1.1514,324.6729097164325,104.1462059506739,77.67233073573082,47.235883866663784,0.2625,58
138,1.4136125654450262,-68.75,1.1514,291.0361809917986,103.44137945707189,76.25207834760374,33.23970182201051,0.3333333333333333,24
139,2.356020942408377,-68.75,1.1514,250.12241558892674,105.36313151358627,72.43081543226668,18.036487499325034,0.43333333333333335,6
140,-16.492146596858646,-67.5,1.1514,383.18638926880874,101.65156997158192,20.414900233297644,151.5400419958336,0.29833333333333334,191
141,-15.549738219895294,-67.5,1.1514,408.1100192204063,98.60452577326214,39.41796304288504,147.8590095180497,0.2923280423280423,197
142,-14.607329842931941,-67.5,1.1514,293.02198411742427,105.56027995044133,51.05486882700661,92.05118661183687,0.33986928104575165,34
143,-13.664921465968591,-67.5,1.1514,240.39005425133797,115.84443016501609,55.56583070366817,81.23629847629729,0.31699346405228757,25
144,-12.72251308900524,-67.5,1.1514,227.98784548225635,116.52193931455258,52.61205448995747,80.2211449719558,0.21904761904761905,31
145,-11.780104712041888,-67.5,1.1514,215.50734933928757,116.91334014118183,52.716008040181784,73.98708302276738,0.24545454545454545,18
146,-10.837696335078537,-67.5,1.1514,244.38002555227575,119.51387357083149,55.74884812777287,75.30534729749553,0.19696969696969696,22
147,-9.895287958115185,-67.5,1.1514,249.98940320694615,114.27108890289674,57.576801026237874,73.3546349764284,0.2,22
148,-8.952879581151834,-67.5,1.1514,239.3398178202915,113.6541952227708,60.20438905257073,66.45827793167696,0.25,14
149,-8.010471204188482,-67.5,1.1514,258.1056376120614,111.37699440994766,61.92745785484067,68.41353375189573,0.20909090909090908,25
150,-7.0680628272251305,-67.5,1.1514,280.6451490933341,111.23650594381616,65.43388535073778,71.64658765226035,0.24358974358974358,38
151,-6.12565445026178,-67.5,1.1514,280.3604976739143,112.21399698391906,70.14923115499546,67.27359483031864,0.24725274725274726,38
152,-5.183246073298429,-67.5,1.1514,261.74518715920385,112.70092513121199,74.35317258852025,62.90448424877499,0.24725274725274726,30
153,-4.2408376963350785,-67.5,1.1514,266.3144514943542,113.51693347765831,78.01248831778528,62.341105193433705,0.22794117647058823,45
154,-3.298429319371728,-67.5,1.1514,271.16753707310124,112.20368250855245,80.44526601329368,60.61657003626199,0.2708333333333333,50
155,-2.356020942408377,-67.5,1.1514,291.67881007469873,110.84526170423487,82.39034069118581,60.30024528460084,0.2679738562091503,70
156,-1.4136125654450262,-67.5,1.1514,307.94038790499144,107.30985305533977,80.4572254957159,61.71948898260514,0.2719298245614035,78
157,-0.4712041884816754,-67.5,1.1514,341.05417534882866,106.32420036621625,80.00190397421403,64.55401266987607,0.28835978835978837,79
158,0.4712041884816754,-67.5,1.1514,357.048228075218,105.06741371456883,79.14262073806006,59.38349892284557,0.2765957446808511,73
159,1.4136125654450262,-67.5,1.1514,370.2605781848491,103.2928369459114,77.09834715324882,49.1661565798176,0.25555555555555554,49
160,2.356020942408377,-67.5,1.1514,333.45446199135574,101.64314110617852,72.20394935851763,30.075340183628235,0.3472222222222222,9
161,-18.376963350785346,-66.25,1.1514,231.26048419716275,98.95850741886534,10.824898149214276,81.21028269570687,0.3392857142857143,36
162,-17.434554973821996,-66.25,1.1514,284.9571730835367,114.92795211263001,22.33493183269913,93.99198463383983,0.3106060606060606,45
163,-16.492146596858646,-66.25,1.1514,336.8537349201298,101.20268120459514,37.56097252756384,127.0019498353284,0.28157894736842104,86
164,-15.549738219895294,-66.25,1.1514,287.80227076411893,111.36089175764937,49.104006992644685,95.5411140377724,0.3,29
165,-14.607329842931941,-66.25,1.1514,262.71257665654457,119.70787560363533,49.696775866090874,93.16253458441439,0.26282051282051283,22
166,-13.664921465968591,-66.25,1.1514,246.93498676463886,81.13073332642671,32.80584774522735,84.06082119553975,0.2916666666666667,21
167,-12.72251308900524,-66.25,1.1514,230.62612155085452,119.17657648853492,47.28900004509247,76.33588450900473,0.2638888888888889,14
168,-11.780104712041888,-66.25,1.1514,229.12492451542454,117.09002047340618,48.63279882820991,73.02305047626128,0.25,18
169,-10.837696335078537,-66.25,1.1514,250.1483998286234,119.23156708275201,51.891546016318486,75.74704047744217,0.20833333333333334,16
170,-9.895287958115185,-66.25,1.1514,261.02926274704714,114.83263756002998,54.67565503540161,75.2449291586909,0.2,17
171,-8.952879581151834,-66.25,1.1514,261.1252964265441,113.4953007652075,58.325949730036655,70.98536754400021,0.21818181818181817,29
172,-8.010471204188482,-66.25,1.1514,277.9535595912603,111.27015437639784,60.98200436435535,70.36443920300752,0.24545454545454545,24
173,-7.0680628272251305,-66.25,1.1514,289.6396237372006,111.33115367934806,65.46335103265596,70.94649592097008,0.26282051282051283,39
174,-6.12565445026178,-66.25,1.1514,285.08199285958835,112.57552122260677,69.9261676023604,69.3950735691945,0.24285714285714285,43
175,-5.183246073298429,-66.25,1.1514,266.1128891910812,112.1607129072072,72.07661662427128,63.12294209178642,0.28846153846153844,30
176,-4.2408376963350785,-66.25,1.1514,262.54181887669347,113.87588078796398,77.72066282349148,57.866356710137836,0.2619047619047619,38
177,-3.298429319371728,-66.25,1.1514,278.5873487717731,113.77758317627013,82.24538414827009,57.92277852195413,0.26666666666666666,39
178,-2.356020942408377,-66.25,1.1514,269.3108230001667,115.10647461167537,86.28480793769148,52.45058896689325,0.2833333333333333,38
179,-1.4136125654450262,-66.25,1.1514,272.2505592659895,112.20551020873245,84.4498948844077,51.96970248152935,0.2578947368421053,61
180,-0.4712041884816754,-66.25,1.1514,291.3663448552261,112.05901759152766,86.15667108572569,53.117288004651,0.25952380952380955,63
181,0.4712041884816754,-66.25,1.1514,302.8474717054754,109.67575381044298,85.18086792504832,52.06518504807073,0.23809523809523808,49
182,1.4136125654450262,-66.25,1.1514,298.18601753258156,106.78142399294302,83.02092750340961,43.683110104209035,0.25163398692810457,28
183,2.356020942408377,-66.25,1.1514,265.46870343492634,105.76784961798694,78.45257095595022,26.43006501847064,0.30303030303030304,8
184,-18.376963350785346,-65.0,1.1514,208.31801375060823,115.58496461715549,23.143597555474233,58.836414959804245,0.4523809523809524,23
185,-17.434554973821996,-65.0,1.1514,207.85301492268746,115.52440776082221,40.18707354300857,77.4029607830369,0.3258426966292135,28
186,-16.492146596858646,-65.0,1.1514,205.7398220599013,116.2959246718674,45.650727304395375,76.97535496048087,0.23863636363636365,20
187,-15.549738219895294,-65.0,1.1514,245.70718268096866,97.70683009643108,35.28783436414786,99.35174822591631,0.19318181818181818,34
188,-14.607329842931941,-65.0,1.1514,267.7322853095585,104.30264327558689,36.511195875959224,104.1048162771123,0.25555555555555554,33
189,-13.664921465968591,-65.0,1.1514,269.90884819834054,93.66046987910522,32.924072945830964,90.13516367929455,0.2222222222222222,21
190,-12.72251308900524,-65.0,1.1514,251.9276172692974,94.5123973392765,34.59626997542041,79.70128527735645,0.26785714285714285,18
191,-11.780104712041888,-65.0,1.1514,234.8144128841985,117.55637569382088,45.61014542054836,76.950027403831,0.2222222222222222,12
192,-10.837696335078537,-65.0,1.1514,252.66886453853544,118.74096877378179,48.688607373946304,75.87199960349132,0.2222222222222222,12
193,-9.895287958115185,-65.0,1.1514,269.4655850027425,116.73621039226418,52.10577973726764,77.32138524109206,0.2222222222222222,20
194,-8.952879581151834,-65.0,1.1514,272.68487276364567,114.9814073255402,56.41874137259407,76.13741469283121,0.22727272727272727,31
195,-8.010471204188482,-65.0,1.1514,274.3188506428032,113.12917169096181,61.16186555983942,70.65216539464981,0.25757575757575757,25
196,-7.0680628272251305,-65.0,1.1514,269.17712234543615,111.86052510078298,64.70794172466849,67.74295081777102,0.24761904761904763,39
197,-6.12565445026178,-65.0,1.1514,273.3825897961242,111.05571912077721,68.8392594007732,64.9516046256943,0.2375,42
198,-5.183246073298429,-65.0,1.1514,263.68423607631485,112.93779972649645,75.01885624172121,58.464596224975566,0.28846153846153844,24
199,-4.2408376963350785,-65.0,1.1514,267.4014371910755,112.76533329655649,77.79420129498283,55.48335963102758,0.24583333333333332,30
200,-3.298429319371728,-65.0,1.1514,266.6876456461648,113.97632816137047,81.19337261416979,50.51582889602622,0.2619047619047619,30
201,-2.356020942408377,-65.0,1.1514,247.92910951334193,115.54947786818957,85.16621783982748,44.3212351922963,0.2625,32
202,-1.4136125654450262,-65.0,1.1514,260.98857127259873,114.54097065230599,86.48675690764317,44.04765091271052,0.27450980392156865,33
203,-0.4712041884816754,-65.0,1.1514,238.87419790316017,114.97691252210643,88.0815445009472,37.60371863302913,0.32083333333333336,30
204,0.4712041884816754,-65.0,1.1514,226.07850823272247,108.8254279748071,85.18554031689999,32.82286806044343,0.31985294117647056,26
205,1.4136125654450262,-65.0,1.1514,201.25980569705075,107.038929212722,84.72596432837898,23.460763851446604,0.3516483516483517,10
206,-20.261780104712045,-63.75,1.1514,168.4472684467715,126.50679573911475,3.757117531399632,45.12531879390129,1.0,4
207,-19.319371727748695,-63.75,1.1514,157.04992427730792,126.75938881526235,40.616086278202104,60.964400242251415,0.4117647058823529,20
208,-18.376963350785346,-63.75,1.1514,125.6561377861954,108.60385267355014,39.51136142036808,43.615469830023486,0.46153846153846156,13
209,-17.434554973821996,-63.75,1.1514,137.40602043814874,109.4779853511136,37.646693222322654,47.70359795626611,0.47368421052631576,8
210,-16.492146596858646,-63.75,1.1514,183.88083045224613,117.1313228434883,36.865435780570095,69.52310137186296,0.0,8
211,-15.549738219895294,-63.75,1.1514,228.87095287968737,115.05595667695161,35.05569025730934,90.70358036486303,0.1,16
212,-14.607329842931941,-63.75,1.1514,247.28764186074386,118.09412091155536,35.48956462701548,90.2416141841185,0.2,14
213,-13.664921465968591,-63.75,1.1514,259.3520073037505,104.55354413192254,33.959623113580584,84.79345453165816,0.2619047619047619,19
214,-12.72251308900524,-63.75,1.1514,248.49004427047095,118.27670972328633,40.66153309219127,83.48219472763127,0.2361111111111111,19
215,-11.780104712041888,-63.75,1.1514,238.3897573951086,114.03310983732808,42.48978256019874,81.00755069934786,0.2111111111111111,16
216,-10.837696335078537,-63.75,1.1514,239.90359159332684,107.86233265302144,43.06749802793348,72.26963827985293,0.21428571428571427,12
217,-9.895287958115185,-63.75,1.1514,258.10673476832676,108.34655765618663,47.44608512427099,71.37262365740793,0.2,23
218,-8.952879581151834,-63.75,1.1514,260.45528425757993,112.85882663971279,55.39488066145249,73.2866020769147,0.2222222222222222,25
219,-8.010471204188482,-63.75,1.1514,262.705413174354,111.46200610528467,60.77602343048292,70.03751134735569,0.2388888888888889,31
220,-7.0680628272251305,-63.75,1.1514,266.98430032717056,112.53556058043614,66.28311059521425,70.04441641044396,0.23809523809523808,35
221,-6.12565445026178,-63.75,1.1514,280.8840776026341,112.9265244846465,70.48463088564758,64.61875792457991,0.25274725274725274,29
222,-5.183246073298429,-63.75,1.1514,286.16011199379955,114.81524340837495,76.60890730268007,59.3491674446317,0.25274725274725274,24
223,-4.2408376963350785,-63.75,1.1514,287.2329686044367,116.18983258173103,80.90259621959918,54.90798307984992,0.24583333333333332,32
224,-3.298429319371728,-63.75,1.1514,283.02162290580327,115.25126774824457,82.69047571722818,48.69680752803692,0.24583333333333332,37
225,-2.356020942408377,-63.75,1.1514,277.1242239575913,113.51030148536665,83.77246137672127,45.356796890910566,0.23529411764705882,45
226,-1.4136125654450262,-63.75,1.1514,278.5352101421957,113.65530446288176,85.51301776915174,42.07299857837283,0.23157894736842105,49
227,-0.4712041884816754,-63.75,1.1514,234.90927472953672,116.23826250317506,89.84423355013152,33.080034697312925,0.2679738562091503,33
228,0.4712041884816754,-63.75,1.1514,193.27077368138202,109.8591986685642,86.01970318123725,24.657738633099857,0.31985294117647056,20
229,1.4136125654450262,-63.75,1.1514,165.2741526341275,108.357133831596,85.17314850216347,18.258786277356357,0.35714285714285715,9
230,3.298429319371728,-63.75,1.1514,109.8082188034172,101.24339219473768,68.5222145454489,6.844503980232478,0.44642857142857145,2
231,-19.319371727748695,-62.5,1.1514,91.6747725355397,80.54467323672725,23.398094723672067,29.513725487219997,0.0,0
232,-18.376963350785346,-62.5,1.1514,94.56956701669549,83.24738672061358,24.75423049978807,28.035144175265266,0.0,0
233,-17.434554973821996,-62.5,1.1514,125.12485016901667,91.69262697861996,26.19298370267416,39.707705483663595,0.0,0
234,-16.492146596858646,-62.5,1.1514,181.39557305275835,106.80983757600188,29.420171156377492,61.75576111471541,0.0,3
235,-15.549738219895294,-62.5,1.1514,204.80255254712338,103.25026105565485,27.616032065972092,69.79873733105941,0.0,5
236,-14.607329842931941,-62.5,1.1514,210.6118872075136,106.39492911781417,28.793936722702384,67.01044881820289,0.1,9
237,-13.664921465968591,-62.5,1.1514,223.77220382109243,117.45372117147781,33.23577487097092,70.91082059599779,0.2,10
238,-12.72251308900524,-62.5,1.1514,235.74637599089016,121.23435851186514,38.04192905660212,80.63012874912681,0.2619047619047619,14
239,-11.780104712041888,-62.5,1.1514,234.3878005562135,97.51475265336921,34.52925658402416,76.26632606240406,0.21428571428571427,13
240,-10.837696335078537,-62.5,1.1514,243.58917328934467,94.92940077296225,37.386739963688626,72.20732652169976,0.25,13
241,-9.895287958115185,-62.5,1.1514,250.78006804701545,93.685569933441,42.03852213377318,68.61138174866542,0.2857142857142857,19
242,-8.952879581151834,-62.5,1.1514,240.76686102951953,113.83718103810679,55.802758912203466,68.00790197255714,0.24242424242424243,21
243,-8.010471204188482,-62.5,1.1514,257.39464886373753,112.73319212923525,60.300316389170355,70.3636712906013,0.24271844660194175,38
244,-7.0680628272251305,-62.5,1.1514,263.6169026675475,110.16384983056923,63.56451368666816,69.78115976271835,0.23809523809523808,42
245,-6.12565445026178,-62.5,1.1514,281.8528790239998,112.50298286002362,69.57868913676457,65.97134786367083,0.2948717948717949,37
246,-5.183246073298429,-62.5,1.1514,305.12357794184027,113.50048700493062,74.72714607812186,65.01317492879161,0.24166666666666667,39
247,-4.2408376963350785,-62.5,1.1514,320.010305021915,115.22100205009338,79.53380267092604,60.061019422231915,0.21895424836601307,44
248,-3.298429319371728,-62.5,1.1514,308.3830305678566,113.16511082695797,80.3479915015829,52.03605556823233,0.25,46
249,-2.356020942408377,-62.5,1.1514,323.90856013714483,111.21037583478028,80.43785413095051,51.270957064464255,0.23421052631578948,79
250,-1.4136125654450262,-62.5,1.1514,296.05116495281595,113.93390536919469,85.56744105008343,41.69530098436656,0.22875816993464052,41
251,-0.4712041884816754,-62.5,1.1514,245.95186252140797,113.55013832420809,87.5840660302732,30.47079527290408,0.25163398692810457,26
252,0.4712041884816754,-62.5,1.1514,204.63017848599353,111.87721311376663,86.79043741847063,20.52034680337629,0.2916666666666667,14
253,1.4136125654450262,-62.5,1.1514,162.55823605588856,110.03135294595268,85.91516306375756,14.546625473067861,0.3142857142857143,6
254,2.356020942408377,-62.5,1.1514,124.55836552122938,108.30401836079545,82.12630244939064,10.652351282009928,0.37362637362637363,2
255,3.298429319371728,-62.5,1.1514,79.08987689279772,101.78444635210326,71.28290963972776,5.080085005537725,0.36666666666666664,0
256,-18.376963350785346,-61.25,1.1514,99.66297841063331,82.08495576458517,19.574608049743283,36.036174260079164,0.0,0
257,-17.434554973821996,-61.25,1.1514,123.71823924065134,93.6417122092098,22.00588050200959,43.577833131317256,0.0,0
258,-16.492146596858646,-61.25,1.1514,169.4574813059148,85.43520403647562,19.69169894602903,56.958177252420406,0.0,0
259,-15.549738219895294,-61.25,1.1514,188.42980028225608,92.1383250458166,20.77858015769026,56.98792477178005,0.0,5
260,-14.607329842931941,-61.25,1.1514,194.87617007817994,116.48530191363534,27.004442178855733,60.43240746230976,0.15,6
261,-13.664921465968591,-61.25,1.1514,226.21552683821793,122.71661216014763,31.399844981823254,73.0205821287025,0.21428571428571427,13
262,-12.72251308900524,-61.25,1.1514,249.4135165860098,123.41370597481728,36.03307230392555,83.27079123090647,0.20833333333333334,17
263,-11.780104712041888,-61.25,1.1514,267.4091008693307,97.60387671733042,34.03919138747709,85.69101678951729,0.2111111111111111,22
264,-10.837696335078537,-61.25,1.1514,264.2162762303485,114.28725528385257,44.83939993531334,80.00323560721307,0.2196969696969697,23
265,-9.895287958115185,-61.25,1.1514,250.18429200766604,110.93542713060742,48.958179275879246,73.29589659490286,0.2803030303030303,33
266,-8.952879581151834,-61.25,1.1514,253.09719214582,111.87624361307826,54.59477554635834,69.76806391514748,0.23109243697478993,43
267,-8.010471204188482,-61.25,1.1514,274.533539973595,111.56243758188793,59.526189719763124,68.2030896371554,0.23507462686567165,43
268,-7.0680628272251305,-61.25,1.1514,283.8237802683966,110.30269072623923,62.75649177474543,66.53869783602553,0.27564102564102566,30
269,-6.12565445026178,-61.25,1.1514,295.13760429217655,111.9584666020819,69.41389152354647,63.87991156502258,0.27472527472527475,33
270,-5.183246073298429,-61.25,1.1514,332.89524702013296,115.25664005836006,75.30918185719578,65.31651462934012,0.23529411764705882,54
271,-4.2408376963350785,-61.25,1.1514,348.8596932242217,114.0917836650624,78.14599705383169,62.36227596580121,0.25163398692810457,65
272,-3.298429319371728,-61.25,1.1514,363.7483664974934,111.98003273340873,79.29535761245855,58.5527726314034,0.2549019607843137,71
273,-2.356020942408377,-61.25,1.1514,350.78494266615735,109.82086085976334,79.0497402985801,51.209520976987626,0.24473684210526317,77
274,-1.4136125654450262,-61.25,1.1514,323.2560044870327,110.27354334422853,82.08259500174358,41.88156267460741,0.2647058823529412,53
275,-0.4712041884816754,-61.25,1.1514,280.5815133573435,111.14326557435561,85.2947001602691,29.897502554444607,0.2802197802197802,27
276,0.4712041884816754,-61.25,1.1514,218.77054989816298,112.2271889221156,86.32954029233417,17.083977504039034,0.29545454545454547,10
277,1.4136125654450262,-61.25,1.1514,157.5680052945319,111.34561696497258,85.59905458469152,9.290100527130974,0.32575757575757575,2
278,2.356020942408377,-61.25,1.1514,100.65816254093639,107.01585165923461,82.34457208139479,4.958353120645773,0.32727272727272727,0
279,3.298429319371728,-61.25,1.1514,52.5733593671431,100.32628747198032,74.41700616227695,2.308657276473664,0.4222222222222222,0
280,4.2408376963350785,-61.25,1.1514,32.714449358635726,86.27466148784151,59.40800479977471,1.1100728119972225,0.4666666666666667,0
281,-15.549738219895294,-60.0,1.1514,198.437488198921,87.95640414347872,16.06633618515962,57.076129094782864,0.5,3
282,-14.607329842931941,-60.0,1.1514,225.65248137623811,124.54931730288081,23.852552042103873,68.12824791322305,0.25,13
283,-13.664921465968591,-60.0,1.1514,247.22270387578192,124.30170005973196,27.845449236625285,74.75766309954051,0.23333333333333334,13
284,-12.72251308900524,-60.0,1.1514,274.0369046907267,124.56846086512087,34.78507552143451,84.04003949890354,0.25,18
285,-11.780104712041888,-60.0,1.1514,300.9210736985456,119.33762533619301,40.49104811516786,86.69341594378865,0.22727272727272727,24
286,-10.837696335078537,-60.0,1.1514,292.4538653000741,113.32967567344895,45.0997611994094,81.28208929367298,0.24725274725274726,31
287,-9.895287958115185,-60.0,1.1514,273.08393628463364,110.50290292419959,49.566268784800094,75.67225631204273,0.2802197802197802,41
288,-8.952879581151834,-60.0,1.1514,261.4203510300649,111.60729990078835,55.225040567177864,67.4032122497539,0.2766990291262136,33
289,-8.010471204188482,-60.0,1.1514,285.67999483953827,112.77660783118336,61.16173013615763,64.18609658441156,0.2537313432835821,37
290,-7.0680628272251305,-60.0,1.1514,303.76368601799186,112.08427339995978,65.42389104308138,61.25811210722724,0.2692307692307692,30
291,-6.12565445026178,-60.0,1.1514,313.4797534277004,111.34401598479599,69.29460663534702,60.19128432793078,0.2523809523809524,39
292,-5.183246073298429,-60.0,1.1514,341.96187701603776,114.8631728044711,75.18177940153093,59.61351867005278,0.24509803921568626,55
293,-4.2408376963350785,-60.0,1.1514,375.50323023890087,114.68141224526335,79.27970872710111,61.76598311581199,0.2578947368421053,74
294,-3.298429319371728,-60.0,1.1514,416.1423649547214,108.79549944133032,78.3248722324575,62.11246011205687,0.26608187134502925,78
295,-2.356020942408377,-60.0,1.1514,413.6069506440981,107.07044459370081,79.6083325685592,57.91275961896651,0.23593073593073594,77
296,-1.4136125654450262,-60.0,1.1514,388.87327848074926,105.5400412454037,80.07798129808792,47.249200984891885,0.27485380116959063,62
297,-0.4712041884816754,-60.0,1.1514,327.80833410551975,106.45174204517389,82.81241151086827,30.760285965421122,0.2916666666666667,35
298,0.4712041884816754,-60.0,1.1514,237.78914976272625,106.26901813026052,81.91556903030374,15.067893887147104,0.3106060606060606,8
299,1.4136125654450262,-60.0,1.1514,180.3921732377707,105.27004943636712,81.49289333247286,6.810612651747753,0.42857142857142855,1
300,2.356020942408377,-60.0,1.1514,129.95943581832802,98.91790254361695,76.14184175833356,2.981418479822233,0.5,0
301,3.298429319371728,-60.0,1.1514,72.83495841831757,93.79009167401819,71.17667935155494,1.241153775723952,0.5,0
302,4.2408376963350785,-60.0,1.1514,62.72302927705338,84.44688192597823,61.562160134243946,0.9117124686439715,0.0,0
303,5.183246073298429,-60.0,1.1514,132.31036172928953,97.6150833821157,65.98344971553303,1.3550074535710341,0.3333333333333333,0
304,-13.664921465968591,-58.75,1.1514,270.6031456941673,100.78402254672255,20.503995301798554,75.77505920738685,0.35,13
305,-12.72251308900524,-58.75,1.1514,290.37596814242534,119.14703126996756,31.828114251571183,82.2970716640125,0.26666666666666666,23
306,-11.780104712041888,-58.75,1.1514,314.6065065442531,114.22846213972662,38.02935848451337,85.55823457416388,0.2803030303030303,25
307,-10.837696335078537,-58.75,1.1514,300.03526401503564,112.93434955441626,43.8725077952433,80.49133354030921,0.27472527472527475,32
308,-9.895287958115185,-58.75,1.1514,285.4732381701069,112.11106611415744,49.47650586716299,73.77343949030956,0.2708333333333333,42
309,-8.952879581151834,-58.75,1.1514,289.4147967279605,111.95719554147217,55.26766374169375,68.85590680960654,0.30097087378640774,35
310,-8.010471204188482,-58.75,1.1514,293.87566871517265,110.32864902721485,59.246302559204274,64.00251847027678,0.2485207100591716,44
311,-7.0680628272251305,-58.75,1.1514,306.6877047313392,110.7109148890595,64.38342017492528,58.581918279128224,0.2619047619047619,30
312,-6.12565445026178,-58.75,1.1514,329.3685487748746,111.58072532562073,69.64844004060735,59.0665561718143,0.2692307692307692,33
313,-5.183246073298429,-58.75,1.1514,355.7902805356025,112.77346312446753,75.65006790370678,59.71686143496858,0.25163398692810457,55
314,-4.2408376963350785,-58.75,1.1514,379.79079022233236,112.58782417746261,79.7394348179824,60.95880282007668,0.24891774891774893,84
315,-3.298429319371728,-58.75,1.1514,430.47874831343506,107.60109219525475,78.73907411494552,64.68388168206494,0.25952380952380955,71
316,-2.356020942408377,-58.75,1.1514,427.80803606296104,104.88240943348501,79.83390355645724,60.06350175632522,0.2210144927536232,80
317,-1.4136125654450262,-58.75,1.1514,424.5469838681447,103.24669964524219,80.65412424883795,52.73866474279355,0.2657894736842105,62
318,-0.4712041884816754,-58.75,1.1514,351.9867045088582,103.86093333363533,81.83758399920929,34.084412506098175,0.29044117647058826,37
319,0.4712041884816754,-58.75,1.1514,271.0113530231851,102.94480820128229,82.16116802546999,17.874888708774005,0.3560606060606061,9
320,-13.664921465968591,-57.5,1.1514,286.89016312945796,106.19972184329526,20.02549400587933,83.70211126689487,0.2638888888888889,28
321,-12.72251308900524,-57.5,1.1514,306.19589975663075,117.63268856098875,30.137125922408533,89.83344579718326,0.2564102564102564,36
322,-11.780104712041888,-57.5,1.1514,328.86526082654655,111.18762478261488,35.61095735216579,93.47001697907329,0.24761904761904763,41
323,-10.837696335078537,-57.5,1.1514,329.68358680638175,110.87796582898591,41.99600276094433,89.58975932847997,0.2708333333333333,49
324,-9.895287958115185,-57.5,1.1514,331.47039938053695,110.23740441771224,47.74383669312305,82.47255528703758,0.2814814814814815,49
325,-8.952879581151834,-57.5,1.1514,328.5084289470615,107.92840823036386,51.86632519983691,72.7231543685316,0.2814569536423841,53
326,-8.010471204188482,-57.5,1.1514,335.83470628721443,107.9099802285782,57.36419071922636,66.44043628593595,0.2692307692307692,44
327,-7.0680628272251305,-57.5,1.1514,341.03059809000115,110.22311147855362,64.44604839267897,60.828657886261546,0.2536764705882353,37
328,-6.12565445026178,-57.5,1.1514,344.4332408650507,111.27391535730567,70.15052591352945,58.47430241198695,0.24583333333333332,45
329,-5.183246073298429,-57.5,1.1514,359.23007679808495,112.14449586550472,74.97054832957065,58.20933007214052,0.24285714285714285,86
330,-4.2408376963350785,-57.5,1.1514,376.51163833697865,110.77332851244137,77.45866945335707,58.6025245196757,0.2510822510822511,78
331,-3.298429319371728,-57.5,1.1514,395.3978853935041,110.29334500111872,80.56197980402855,58.441993216401016,0.27631578947368424,58
332,-2.356020942408377,-57.5,1.1514,421.1416200730446,108.60708242777037,83.68174201722833,59.90167527651959,0.2523809523809524,54
333,-1.4136125654450262,-57.5,1.1514,394.17191299051564,107.93783785571577,86.27502997338355,54.75358175265293,0.20108695652173914,54
334,-0.4712041884816754,-57.5,1.1514,316.72897111207186,110.17334669712,89.61592652687241,34.90182513147984,0.2357142857142857,28
335,0.4712041884816754,-57.5,1.1514,249.85286951781774,107.53306516940938,88.40699057743639,19.815416666445067,0.29411764705882354,14
336,1.4136125654450262,-57.5,1.1514,197.52833743955208,102.62307328783209,81.38466316161633,8.556441517972786,0.3090909090909091,4
337,-13.664921465968591,-56.25,1.1514,306.1586305918665,106.43264309299411,19.552946116304618,90.50684831615521,0.2727272727272727,35
338,-12.72251308900524,-56.25,1.1514,318.74340019608553,112.49844512029085,26.591685849406026,91.2929549924283,0.27564102564102566,37
339,-11.780104712041888,-56.25,1.1514,342.6850444022307,109.85733897832688,32.655798456205304,97.98029099433747,0.23529411764705882,60
340,-10.837696335078537,-56.25,1.1514,342.28268553601083,109.91617884632433,39.41318743111055,91.18930132164714,0.2814814814814815,58
341,-9.895287958115185,-56.25,1.1514,354.8762080504639,108.95484821114223,44.95422281645743,81.8988260519481,0.30132450331125826,57
342,-8.952879581151834,-56.25,1.1514,360.8989718124212,107.09486637002556,50.69127780396445,71.67904883374325,0.2576419213973799,70
343,-8.010471204188482,-56.25,1.1514,375.21530742467803,104.54034639842575,54.59991227976093,65.32381491661104,0.2735294117647059,60
344,-7.0680628272251305,-56.25,1.1514,378.54868422795334,107.88583758927416,61.55602209648043,60.04276414740972,0.2757352941176471,54
345,-6.12565445026178,-56.25,1.1514,357.61882721374604,110.85117024660576,70.11114664430308,54.445680245936416,0.2757352941176471,56
346,-5.183246073298429,-56.25,1.1514,337.9888051928583,112.48016298719449,75.13405505262033,48.24323769102687,0.24210526315789474,64
347,-4.2408376963350785,-56.25,1.1514,341.01288218696027,110.87765956996009,76.63104160268551,43.907532105439145,0.2807017543859649,52
348,-3.298429319371728,-56.25,1.1514,340.727874962995,111.71863729163306,82.25148366609837,44.78229173363854,0.29239766081871343,40
349,-2.356020942408377,-56.25,1.1514,347.21996931172924,115.33399077539798,87.90120977371382,43.64084134860452,0.2657894736842105,32
350,-1.4136125654450262,-56.25,1.1514,281.9789201745877,114.07282178843161,90.59889780369596,35.59604418036333,0.24561403508771928,22
351,-0.4712041884816754,-56.25,1.1514,207.46621120550373,103.88943463593023,84.89779978420242,20.55263093544115,0.2916666666666667,11
352,0.4712041884816754,-56.25,1.1514,165.8724135765471,97.87234586721752,80.8411020958339,12.528017592304604,0.32967032967032966,5
353,1.4136125654450262,-56.25,1.1514,139.36446264372682,100.60777762817452,80.40513988190278,6.617053415721559,0.3333333333333333,0
354,-14.607329842931941,-55.0,1.1514,332.9350059114822,109.45638876990415,13.216818584552282,94.80186598628771,0.32142857142857145,29
355,-13.664921465968591,-55.0,1.1514,335.6776644292735,103.46334582951386,17.774458503550065,97.85127808679805,0.2909090909090909,35
356,-12.72251308900524,-55.0,1.1514,323.17551702037747,110.6372700681095,24.59032293725058,95.30182461562778,0.27564102564102566,40
357,-11.780104712041888,-55.0,1.1514,331.8361937853487,109.19654413475655,29.93404567800402,91.58839833106757,0.2426470588235294,57
358,-10.837696335078537,-55.0,1.1514,338.9940247847653,108.09489725797903,36.49611432576675,81.40111304523911,0.26492537313432835,48
359,-9.895287958115185,-55.0,1.1514,357.4310535406403,107.10411416046554,42.468606443712176,71.91242464558995,0.26176470588235295,63
360,-8.952879581151834,-55.0,1.1514,374.6825541471935,107.41708713001572,48.9042006345001,64.27999571107199,0.27941176470588236,61
361,-8.010471204188482,-55.0,1.1514,383.8697991537265,104.3403422262054,53.83067133032572,59.68974098337909,0.27124183006535946,44
362,-7.0680628272251305,-55.0,1.1514,382.602162730484,106.78283599525457,61.25756620677828,53.13519946513379,0.2631578947368421,55
363,-6.12565445026178,-55.0,1.1514,364.5694107987583,108.36785202525789,67.22181905420673,45.68151472464099,0.2867647058823529,47
364,-5.183246073298429,-55.0,1.1514,331.72432518530513,108.95433035882888,70.7859125946617,39.908714511702435,0.2573099415204678,51
365,-4.2408376963350785,-55.0,1.1514,307.1720151309546,106.52458078111522,72.81596917866472,32.764676818903865,0.3125,31
366,-3.298429319371728,-55.0,1.1514,271.1605280412964,112.9830066987779,82.63689392507194,27.350820168916222,0.30718954248366015,26
367,-2.356020942408377,-55.0,1.1514,272.3830137901038,115.96557391108945,88.05859693475205,23.410131964507592,0.30718954248366015,14
368,-1.4136125654450262,-55.0,1.1514,174.50041918369777,93.82550380309112,73.35241863400101,14.150681290518435,0.33974358974358976,6
369,-0.4712041884816754,-55.0,1.1514,132.53362093946663,75.35829940447002,61.56977288448714,9.329708236453575,0.35555555555555557,3
370,0.4712041884816754,-55.0,1.1514,121.21468436191788,71.00518716593797,58.52578950409132,6.741292945334463,0.3472222222222222,0
371,1.4136125654450262,-55.0,1.1514,107.89874065097294,85.27109383227071,68.69711073465591,4.343340893460343,0.44642857142857145,0
372,2.356020942408377,-55.0,1.1514,111.85116363313071,78.59245419851504,60.298753272617596,2.498418508157073,0.4166666666666667,0
373,-14.607329842931941,-53.75,1.1514,329.02073267175564,105.6456085681566,9.599202618632013,91.4566114273926,0.30357142857142855,34
374,-13.664921465968591,-53.75,1.1514,323.39657811345467,107.93179535743548,14.732974065976931,91.08257067846158,0.3055555555555556,30
375,-12.72251308900524,-53.75,1.1514,314.1343342285427,106.70477884879801,20.379433186468503,85.4300323084016,0.3,24
376,-11.780104712041888,-53.75,1.1514,313.30699282111453,108.15830629784614,26.307316565878207,75.48798758313232,0.2878787878787879,32
377,-10.837696335078537,-53.75,1.1514,327.6445349457754,108.32710862072418,31.98163871719142,65.53834709909567,0.24253731343283583,45
378,-9.895287958115185,-53.75,1.1514,352.77694223141737,106.647835894546,37.73160890331055,60.68406902937517,0.26666666666666666,45
379,-8.952879581151834,-53.75,1.1514,369.19129821782917,106.76547410868807,44.618467830899284,56.24887050138196,0.2708333333333333,43
380,-8.010471204188482,-53.75,1.1514,390.7911809065672,107.91058994131163,52.9769305293224,52.988187661117266,0.2610294117647059,37
381,-7.0680628272251305,-53.75,1.1514,389.59734663507334,104.93801987729967,58.44853419645853,47.265916598665044,0.27941176470588236,39
382,-6.12565445026178,-53.75,1.1514,374.11293474400736,104.06011211365694,62.75063628526967,41.28103062431068,0.29044117647058826,40
383,-5.183246073298429,-53.75,1.1514,336.9609184712408,104.20699460722972,66.53272129755133,33.60832866201499,0.2867647058823529,31
384,-4.2408376963350785,-53.75,1.1514,283.10810660899733,110.34314930060646,74.0379408458781,24.720182929358554,0.3,23
385,-3.298429319371728,-53.75,1.1514,238.36531928353452,111.84978155710269,79.85808372329804,18.414571585699893,0.3476190476190476,13
386,-2.356020942408377,-53.75,1.1514,186.69534683623283,108.41809635108802,80.39467725961981,12.120700890743908,0.3476190476190476,4
387,-1.4136125654450262,-53.75,1.1514,131.98691790275404,87.27010576694738,67.65101221250129,6.8946958311449,0.37272727272727274,3
388,-0.4712041884816754,-53.75,1.1514,98.57284056259061,62.75828758931311,50.729538999098416,4.0735087898097255,0.42857142857142855,0
389,0.4712041884816754,-53.75,1.1514,89.29646082441977,58.40072965613217,47.70155985731858,2.5277459737166734,0.5,0
390,1.4136125654450262,-53.75,1.1514,86.67575285673252,64.07308856549207,51.71865357449261,1.5434519599042538,0.5,0
391,2.356020942408377,-53.75,1.1514,92.11189008791905,61.60655058294651,47.815121832499884,1.1334390159975198,0.0,0
392,-13.664921465968591,-52.5,1.1514,337.47215577505057,101.74613705225056,8.542762894005444,83.45931528239153,0.38095238095238093,31
393,-12.72251308900524,-52.5,1.1514,320.9346907346503,112.26938741456252,14.651196021194187,70.90315643315886,0.4666666666666667,21
394,-11.780104712041888,-52.5,1.1514,310.8524762953641,111.89173582184594,19.27016197845647,60.79076523703715,0.375,22
395,-10.837696335078537,-52.5,1.1514,316.40267739821184,108.99645612516906,24.378396136086998,53.731096377299146,0.3148148148148148,33
396,-9.895287958115185,-52.5,1.1514,330.63879323636456,108.87051314755809,30.824070322297462,49.99775553763426,0.32222222222222224,20
397,-8.952879581151834,-52.5,1.1514,353.5507844450012,106.83923026226694,38.78663993444046,47.22974585539792,0.33636363636363636,25
398,-8.010471204188482,-52.5,1.1514,370.53602406907885,106.59491439932026,47.910544480490316,41.28822618537791,0.25824175824175827,18
399,-7.0680628272251305,-52.5,1.1514,372.65154996010097,105.54107944888528,53.88470257427887,35.03415981034207,0.2802197802197802,18
400,-6.12565445026178,-52.5,1.1514,366.5453600041292,105.86348065291531,60.822876456250484,30.797638686880973,0.3076923076923077,20
401,-5.183246073298429,-52.5,1.1514,348.52204531114694,106.75383201451041,66.70696929298799,27.497174335718164,0.2875,19
402,-4.2408376963350785,-52.5,1.1514,293.0269503504496,111.33387503447011,73.83758544641965,20.558046456248018,0.27124183006535946,17
403,-3.298429319371728,-52.5,1.1514,243.00953819351207,112.08218257350381,78.84111697493489,14.151236791596448,0.30833333333333335,9
404,-2.356020942408377,-52.5,1.1514,172.80470411091983,112.78582939936314,83.81148673025099,7.040917310411906,0.3380952380952381,3
405,-1.4136125654450262,-52.5,1.1514,122.91954388378528,99.96772140206303,77.29308625014895,3.1187330993778337,0.3787878787878788,0
406,-0.4712041884816754,-52.5,1.1514,85.41656866341718,69.96293206029804,55.151474978728736,1.704563365786608,0.43333333333333335,0
407,0.4712041884816754,-52.5,1.1514,80.8698395256844,51.17512038497807,40.42091847044124,1.1251079602984766,0.0,0
408,-8.952879581151834,-51.25,1.1514,361.3695111390507,108.41035441932036,29.658365051995073,33.54856415294601,0.4,10
409,-8.010471204188482,-51.25,1.1514,368.82043624564176,107.80505229049595,39.89973949297873,30.045775961571003,0.40476190476190477,6
410,-7.0680628272251305,-51.25,1.1514,377.2524623159188,103.26575663551921,46.54790862617813,22.184333531612282,0.35714285714285715,3
411,-5.183246073298429,-51.25,1.1514,390.9594495718011,103.92547615425428,57.42399836796561,19.20194575021518,0.3090909090909091,6
412,-4.2408376963350785,-51.25,1.1514,332.67106134755977,101.93682826735312,64.01194540688647,16.002252329531434,0.3333333333333333,6
413,-3.298429319371728,-51.25,1.1514,265.0253749335411,114.69709601718932,77.98189648840501,10.775435790305101,0.31868131868131866,5
414,-2.356020942408377,-51.25,1.1514,189.0428023537504,116.3856597294216,83.79184888621202,4.273912753184107,0.34615384615384615,1
415,-3.298429319371728,-50.0,1.1514,279.6181883176695,117.67758984002285,72.83175884144525,6.13968263436516,0.34444444444444444,1
0,-6.12565445026178,-78.75,3.112,103.09179554748437,77.05856975284405,40.14724175648717,41.15570901553822,0.5,0
1,-5.183246073298429,-78.75,3.112,106.62390307833707,74.39141814073082,39.301279426290634,46.308923685416495,0.0,0
2,-4.2408376963350785,-78.75,3.112,118.48464352945894,82.43456656331546,41.44692476727268,52.49133718041415,0.0,3
3,-3.298429319371728,-78.75,3.112,141.29777716315326,89.44984337344067,44.91127032611823,53.80452765264146,0.0,5
4,-2.356020942408377,-78.75,3.112,170.16013342611956,91.37134229124058,46.319708163806865,50.219095477896374,0.0,5
5,-1.4136125654450262,-78.75,3.112,191.9703620001792,83.83622908091638,40.90755237636652,46.24472025519416,0.0,1
6,-8.952879581151834,-77.5,3.112,204.9247749745279,116.25085060251877,63.27769145076225,144.18851748077674,0.42857142857142855,11
7,-8.010471204188482,-77.5,3.112,151.58978638355856,98.15372388926335,58.88650934135556,84.27484016228236,0.5,6
8,-7.0680628272251305,-77.5,3.112,141.00253279845288,98.10626027028775,60.980400753121984,69.87524743055317,0.38095238095238093,4
9,-6.12565445026178,-77.5,3.112,169.1597487982215,99.93388770060847,63.29806417223243,75.44869917088933,0.32142857142857145,6
10,-5.183246073298429,-77.5,3.112,196.92221624010318,101.98992224643007,64.21159925181266,65.0543401369091,0.3333333333333333,3
11,-4.2408376963350785,-77.5,3.112,170.40545358116026,112.90264500305057,68.34080617252137,54.19920501110999,0.16666666666666666,3
12,-3.298429319371728,-77.5,3.112,177.94661789511179,109.40721953316825,64.95982698377934,45.556436267150794,0.0,1
13,-2.356020942408377,-77.5,3.112,199.8621102712185,102.29274434095714,61.275716431843605,43.37501175487227,0.0,1
14,-1.4136125654450262,-77.5,3.112,220.47648574938913,89.42212398877018,52.18979292858152,41.873482506837554,0.0,5
15,-0.4712041884816754,-77.5,3.112,231.66203500842843,81.87799692561384,43.553141319757614,45.22705862007683,0.16666666666666666,6
16,0.4712041884816754,-77.5,3.112,234.97156607889337,85.93663174600806,41.88312093890812,37.59552969618693,0.25,8
17,-10.837696335078537,-76.25,3.112,266.46438086984756,82.60920931119472,42.3109578116861,228.64013970595948,0.2722222222222222,56
18,-9.895287958115185,-76.25,3.112,311.1856864882827,86.5360861615045,52.603358449564254,195.19455662637614,0.2692307692307692,37
19,-8.952879581151834,-76.25,3.112,340.6840843933113,102.2645287803607,66.32176794178147,180.46591846767035,0.21428571428571427,31
20,-8.010471204188482,-76.25,3.112,198.25922811031006,110.66277868521865,77.94400390723663,76.92366860934398,0.4523809523809524,0
21,-7.0680628272251305,-76.25,3.112,146.4491691196429,107.8171131000272,76.02560376462768,45.679741841694934,0.5333333333333333,0
22,-6.12565445026178,-76.25,3.112,192.6382889402597,111.21547277580248,79.40781207607654,58.068181634476986,0.5333333333333333,1
23,-5.183246073298429,-76.25,3.112,231.688253514184,117.15062880772166,82.71220282069852,69.51445826508642,0.42857142857142855,3
24,-4.2408376963350785,-76.25,3.112,227.0886474235605,120.07716720661847,82.98691584489518,65.25369664712676,0.25,3
25,-3.298429319371728,-76.25,3.112,223.20975014822997,120.02568013267592,81.18561663289226,56.833864473656526,0.0,3
26,-2.356020942408377,-76.25,3.112,225.79979294777513,116.86934240249684,77.5901464014965,48.9204925435383,0.0,3
27,-1.4136125654450262,-76.25,3.112,213.47679492257643,113.55102607776644,72.33629669111153,36.86893610965182,0.0,3
28,-0.4712041884816754,-76.25,3.112,201.855552088683,109.06605830183253,65.53698521773154,28.520898131597782,0.0,1
29,0.4712041884816754,-76.25,3.112,214.55108725366046,101.93273711542133,57.306159681795954,24.63085361574573,0.25,4
30,1.4136125654450262,-76.25,3.112,191.61967296565706,101.81044232449494,51.34149991689384,17.290497034890777,0.16666666666666666,2
31,-13.664921465968591,-75.0,3.112,82.08594220339252,35.242349655563885,19.049989917429393,48.16027109140996,0.0,4
32,-12.72251308900524,-75.0,3.112,206.24849081500187,78.51607666758355,47.95219679478463,187.8674501326069,0.21428571428571427,22
33,-11.780104712041888,-75.0,3.112,362.8361667119975,71.11149284726707,44.57880636868994,223.39485156036693,0.23076923076923078,58
34,-10.837696335078537,-75.0,3.112,469.81169698282537,91.70745967829134,61.52146219254181,236.41977957951232,0.18421052631578946,51
35,-9.895287958115185,-75.0,3.112,344.7617510350166,102.75091085321037,74.07935853649303,125.54884101674007,0.3472222222222222,7
36,-8.952879581151834,-75.0,3.112,258.45511459323893,117.77286626544083,87.39730989972504,84.27401039060531,0.39285714285714285,1
37,-8.010471204188482,-75.0,3.112,197.22537693057288,118.85237333510304,88.59004178538333,62.075485538238,0.39285714285714285,0
38,-7.0680628272251305,-75.0,3.112,194.42255337684858,115.77099487069063,85.8911622413539,56.911454297155885,0.35714285714285715,0
39,-6.12565445026178,-75.0,3.112,211.1147303853846,117.78964863769943,85.45859189567855,59.409287767922144,0.3333333333333333,1
40,-5.183246073298429,-75.0,3.112,217.77492693648992,118.40538863267284,84.64079799513634,60.8670160800961,0.16666666666666666,3
41,-4.2408376963350785,-75.0,3.112,219.71424679362195,117.7277883849456,82.82127583574709,57.079310834260994,0.0,2
42,-3.298429319371728,-75.0,3.112,212.82567453553867,116.17822444997728,82.20746774343624,48.57490263035832,0.0,0
43,-2.356020942408377,-75.0,3.112,204.08590757240555,114.27686517883558,80.13487207815318,39.6986442976342,0.0,0
44,-1.4136125654450262,-75.0,3.112,191.10280634413857,110.98279209982138,75.45946166146076,31.790122846798496,0.0,0
45,-0.4712041884816754,-75.0,3.112,166.43956986837426,109.24182830436621,70.19385034905521,23.32078320897702,0.0,0
46,0.4712041884816754,-75.0,3.112,140.62191934860047,107.9346860689111,65.43640467079422,13.383008885265784,0.0,0
47,1.4136125654450262,-75.0,3.112,142.0597508871586,101.45819412195124,56.714133438804794,8.49245783562575,0.5,0
48,2.356020942408377,-75.0,3.112,148.62967439157256,101.14549186953809,49.88153856898244,6.09124661838814,0.0,0
49,-14.607329842931941,-73.75,3.112,89.9886546443278,34.56115802933709,20.52786501083417,40.54826289956177,0.6666666666666666,1
50,-13.664921465968591,-73.75,3.112,194.65673424789713,78.87643806257984,51.61008756587338,116.35621398787274,0.3472222222222222,13
51,-12.72251308900524,-73.75,3.112,377.3218697430525,83.62303750851424,59.052305106893186,169.54889832493845,0.24242424242424243,31
52,-11.780104712041888,-73.75,3.112,385.164028153871,92.51967332500499,68.80818526263748,177.31311198631283,0.26282051282051283,17
53,-10.837696335078537,-73.75,3.112,319.0739647000367,109.16157633037074,79.55695543125336,100.81368721633758,0.44642857142857145,3
54,-9.895287958115185,-73.75,3.112,263.2293808772364,118.25053370761452,84.1373708051298,87.79679806939845,0.35714285714285715,3
55,-8.952879581151834,-73.75,3.112,226.41059374074248,121.98833621194353,86.05695380926117,77.39954072159287,0.16666666666666666,2
56,-8.010471204188482,-73.75,3.112,197.07949845832565,119.81659575831145,84.28801908894599,64.44926129431232,0.0,0
57,-7.0680628272251305,-73.75,3.112,207.89594673935562,117.90644588501891,81.9992088681651,63.7305225427246,0.0,1
58,-6.12565445026178,-73.75,3.112,230.45042522561062,119.36097828234779,82.45133660906521,66.22143488641635,0.0,3
59,-5.183246073298429,-73.75,3.112,240.6436832151263,119.24732475163182,82.98621885170057,65.41735961074401,0.0,3
60,-4.2408376963350785,-73.75,3.112,231.5158215345772,118.8554265271523,83.10842035899097,55.5239313933827,0.0,3
61,-3.298429319371728,-73.75,3.112,207.97161487382064,119.74488803709392,84.39549362830053,46.84814386092876,0.0,1
62,-2.356020942408377,-73.75,3.112,185.81578073678398,116.49527943256544,82.63356712682948,36.90795271109615,0.0,0
63,-1.4136125654450262,-73.75,3.112,168.69207808812237,113.02246280800318,78.84333048389743,28.37623943424747,0.0,0
64,-0.4712041884816754,-73.75,3.112,146.36772926997355,108.89526892569847,73.02945464902479,19.36782010261731,0.0,0
65,0.4712041884816754,-73.75,3.112,118.46630341406167,107.03558606706792,68.9364295598396,10.639410979898825,0.0,0
66,1.4136125654450262,-73.75,3.112,94.8288917477928,105.91849050717428,63.801755501116915,4.113058768214601,0.0,0
67,-14.607329842931941,-72.5,3.112,166.15143445966305,50.98417815184803,29.273046176773796,190.2330815667582,0.375,43
68,-13.664921465968591,-72.5,3.112,315.14114739765876,76.06399598676944,47.24570780956684,183.4891769929132,0.42045454545454547,30
69,-12.72251308900524,-72.5,3.112,394.2194077106038,90.02453542576404,63.12439631908864,161.14457190052698,0.42857142857142855,12
70,-11.780104712041888,-72.5,3.112,312.85071609253663,104.90207995550008,72.38489486671997,97.45972147068365,0.38095238095238093,3
71,-10.837696335078537,-72.5,3.112,264.9078954788309,115.54718087834772,76.34440835393266,85.69711990774394,0.2619047619047619,3
72,-9.895287958115185,-72.5,3.112,236.30100843428082,117.72702947171638,75.4954262894477,82.97798489250941,0.0,3
73,-8.952879581151834,-72.5,3.112,226.31470256265192,120.58990228950279,78.46296303655483,72.67644991378663,0.0,3
74,-8.010471204188482,-72.5,3.112,222.45558675427878,121.75318649446126,78.39275577008635,64.65194720815008,0.0,3
75,-7.0680628272251305,-72.5,3.112,230.94271533263736,120.5898135722964,78.93005537613587,64.09141465589069,0.0,3
76,-6.12565445026178,-72.5,3.112,241.9544140169637,118.1185812826152,78.5293199166033,66.0990748200226,0.0,3
77,-5.183246073298429,-72.5,3.112,245.17576289798285,117.1274234825978,79.80328498665719,64.0292098479068,0.0,3
78,-4.2408376963350785,-72.5,3.112,247.9750404656383,116.64255342126125,81.4183433939957,59.815648340253546,0.0,3
79,-3.298429319371728,-72.5,3.112,238.41647638432556,119.01204782043351,82.96663709825239,54.57854935356931,0.0,1
80,-2.356020942408377,-72.5,3.112,212.56790388825942,116.33116225828417,82.19133367120915,46.32839341991642,0.0,1
81,-1.4136125654450262,-72.5,3.112,191.88601354628898,114.19074677367462,81.0112517638312,35.23646620306796,0.0,0
82,-0.4712041884816754,-72.5,3.112,154.36980270717498,108.58954731869744,75.7165072463146,22.70119352637314,0.0,0
83,0.4712041884816754,-72.5,3.112,126.79089340298762,105.89019468461629,71.52855236542842,13.669295496092413,0.0,0
84,1.4136125654450262,-72.5,3.112,106.24520674977248,106.2471849436406,68.68176860447164,6.477560100131644,0.0,0
85,-14.607329842931941,-71.25,3.112,225.5521950323216,61.9069313709042,32.08409966349205,316.7927870900853,0.21301775147928995,85
86,-13.664921465968591,-71.25,3.112,380.9744709033305,89.20030990149826,51.631044652678625,228.15858107158883,0.25,60
87,-12.72251308900524,-71.25,3.112,371.3182909699126,91.23523873393424,58.9132918476149,140.67765402660197,0.38095238095238093,8
88,-11.780104712041888,-71.25,3.112,289.76244394615424,111.2011860444909,69.63230711668307,84.33739842880547,0.3333333333333333,1
89,-10.837696335078537,-71.25,3.112,251.76034286252417,116.03361182817025,69.98091555983063,87.06417730006231,0.0,5
90,-9.895287958115185,-71.25,3.112,232.05313201855762,119.1797557863174,71.33824186082678,79.91972704835638,0.0,3
91,-8.952879581151834,-71.25,3.112,243.60241872382161,121.92115933110472,72.5072057787324,73.72357862574074,0.0,3
92,-8.010471204188482,-71.25,3.112,255.91137170118714,119.62266799964709,74.18439585755068,69.52728863252665,0.0,3
93,-7.0680628272251305,-71.25,3.112,251.6314620885987,118.89918089465937,75.32367078805548,68.10093486179343,0.0,3
94,-6.12565445026178,-71.25,3.112,247.70871962131878,117.09141584811732,77.30911035164668,66.68212291799611,0.0,3
95,-5.183246073298429,-71.25,3.112,243.15387414707175,116.4581417341833,78.46643733360062,63.34648607705816,0.0,3
96,-4.2408376963350785,-71.25,3.112,250.4212005649255,115.33136404672405,79.77487219405357,62.74297975276531,0.0,3
97,-3.298429319371728,-71.25,3.112,252.42917523020728,116.95664201164618,81.97341481046465,56.82791819450278,0.0,1
98,-2.356020942408377,-71.25,3.112,235.5632712423916,115.5088670286932,81.4039107291648,47.96101402703363,0.0,1
99,-1.4136125654450262,-71.25,3.112,223.42587714020374,112.18345837231027,79.29917350256845,40.86689495488976,0.0,1
100,-0.4712041884816754,-71.25,3.112,197.82482578909497,107.5342417450156,75.31956525687326,29.598628998964884,0.0,0
101,0.4712041884816754,-71.25,3.112,166.72815540433945,104.01695514534367,71.95631194056843,20.1399850849164,0.0,0
102,1.4136125654450262,-71.25,3.112,131.5325896658002,104.0434155825642,70.11364776764971,10.109708423395709,0.0,0
103,-13.664921465968591,-70.0,3.112,403.84509725197137,79.5613610552391,41.82452487355916,158.61404373291833,0.3194444444444444,15
104,-12.72251308900524,-70.0,3.112,353.10866250434964,102.87844969541766,60.884194913864995,109.06405687896114,0.3333333333333333,0
105,-11.780104712041888,-70.0,3.112,267.73591687715907,112.10262009466533,63.25127846501827,90.2222983112916,0.0,1
106,-10.837696335078537,-70.0,3.112,232.23552661388422,118.17168655368732,64.39425967220909,80.69964670977942,0.0,0
107,-9.895287958115185,-70.0,3.112,245.74015066824754,120.08997844270198,65.79063845595614,79.01923723407926,0.0,3
108,-8.952879581151834,-70.0,3.112,247.11371277865175,119.5618867414305,67.60695553473789,74.54423059293252,0.0,3
109,-8.010471204188482,-70.0,3.112,259.03457645970775,117.96761509438511,70.80306754651009,74.87553045485765,0.0,3
110,-7.0680628272251305,-70.0,3.112,268.5335714609482,115.73633781619719,72.21370836006625,74.42636482260329,0.0,3
111,-6.12565445026178,-70.0,3.112,256.5641372966303,115.6673600350041,75.63478055135177,67.08957387551504,0.0,3
112,-5.183246073298429,-70.0,3.112,253.7440282403486,114.92089453706285,76.9566594018742,64.06668921727258,0.0,3
113,-4.2408376963350785,-70.0,3.112,248.82340421492526,115.63302646827651,78.83637154379144,64.34382396543711,0.0,3
114,-3.298429319371728,-70.0,3.112,261.2968805247725,114.81839559593936,80.78466373970772,60.19498233365686,0.0,3
115,-2.356020942408377,-70.0,3.112,266.9820716711135,111.97225307521876,79.39261975697211,54.45008908847159,0.0,1
116,-1.4136125654450262,-70.0,3.112,266.7763811194386,109.59746911888942,79.82702566299017,50.4140326203957,0.0,1
117,-0.4712041884816754,-70.0,3.112,266.9460742611541,106.0899847804103,77.21657874316224,44.14608067899033,0.0,1
118,0.4712041884816754,-70.0,3.112,247.18825704291658,105.59767373430077,76.14431622425349,32.94615609867476,0.0,1
119,1.4136125654450262,-70.0,3.112,199.48084933243868,102.72759267885704,72.19357645167973,19.027766990671736,0.0,0
120,-15.549738219895294,-68.75,3.112,351.0552483890501,99.17498400318436,33.655327012526335,217.3612742656382,0.2,28
121,-14.607329842931941,-68.75,3.112,367.1673143264676,87.31821784662316,40.856440158039455,156.00530114569162,0.4,6
122,-13.664921465968591,-68.75,3.112,391.6898777060705,95.6422177440254,51.16482411468429,128.8767148870342,0.3,0
123,-12.72251308900524,-68.75,3.112,292.9436089275302,112.64894187741447,59.715330508778166,102.50679117813114,0.0,0
124,-11.780104712041888,-68.75,3.112,235.98990682220568,115.6498496158747,59.183331754907144,85.90708795386313,0.0,0
125,-10.837696335078537,-68.75,3.112,232.39581624150395,117.74980287998915,59.1978131767406,76.62588069829127,0.0,0
126,-9.895287958115185,-68.75,3.112,244.6343429926723,119.44499956676736,62.074312464579116,74.62378534036537,0.0,0
127,-8.952879581151834,-68.75,3.112,240.33872637351806,118.3522134879604,65.03716816367222,71.06103592632613,0.0,1
128,-8.010471204188482,-68.75,3.112,243.77192703341734,115.37437054153997,65.59755051054633,68.60908595783022,0.0,3
129,-7.0680628272251305,-68.75,3.112,263.39925551760643,114.00351264965138,69.10078517211933,72.94093473030463,0.0,3
130,-6.12565445026178,-68.75,3.112,258.2698928835282,114.6435961156385,72.80736461103739,64.86594365775447,0.0,3
131,-5.183246073298429,-68.75,3.112,249.24494016399268,111.66792465839535,74.26940973617161,59.29877799099942,0.0,1
132,-4.2408376963350785,-68.75,3.112,258.46690801676743,113.12672084080987,77.350126407657,64.0121845871935,0.0,3
133,-3.298429319371728,-68.75,3.112,262.1797134577332,112.03503154712962,78.3189493111463,59.36518201034165,0.0,3
134,-2.356020942408377,-68.75,3.112,293.62160313719767,110.15834723424632,79.55196688250885,62.674905407623676,0.0,5
135,-1.4136125654450262,-68.75,3.112,316.7386300326734,108.65996733598877,80.88417862865298,63.23748559796272,0.0,5
136,-0.4712041884816754,-68.75,3.112,334.704838980326,106.05417542770738,78.11980507615016,59.130969533482286,0.0,5
137,0.4712041884816754,-68.75,3.112,324.6729097164325,104.1462059506739,77.67233073573082,47.235883866663784,0.0,5
138,1.4136125654450262,-68.75,3.112,291.0361809917986,103.44137945707189,76.25207834760374,33.23970182201051,0.0,3
139,2.356020942408377,-68.75,3.112,250.12241558892674,105.36313151358627,72.43081543226668,18.036487499325034,0.0,1
140,-16.492146596858646,-67.5,3.112,383.18638926880874,101.65156997158192,20.414900233297644,151.5400419958336,0.16666666666666666,7
141,-15.549738219895294,-67.5,3.112,408.1100192204063,98.60452577326214,39.41796304288504,147.8590095180497,0.16666666666666666,3
142,-14.607329842931941,-67.5,3.112,293.02198411742427,105.56027995044133,51.05486882700661,92.05118661183687,0.3333333333333333,0
143,-13.664921465968591,-67.5,3.112,240.39005425133797,115.84443016501609,55.56583070366817,81.23629847629729,0.0,0
144,-12.72251308900524,-67.5,3.112,227.98784548225635,116.52193931455258,52.61205448995747,80.2211449719558,0.0,0
145,-11.780104712041888,-67.5,3.112,215.50734933928757,116.91334014118183,52.716008040181784,73.98708302276738,0.0,0
146,-10.837696335078537,-67.5,3.112,244.38002555227575,119.51387357083149,55.74884812777287,75.30534729749553,0.0,0
147,-9.895287958115185,-67.5,3.112,249.98940320694615,114.27108890289674,57.576801026237874,73.3546349764284,0.0,0
148,-8.952879581151834,-67.5,3.112,239.3398178202915,113.6541952227708,60.20438905257073,66.45827793167696,0.0,1
149,-8.010471204188482,-67.5,3.112,258.1056376120614,111.37699440994766,61.92745785484067,68.41353375189573,0.0,3
150,-7.0680628272251305,-67.5,3.112,280.6451490933341,111.23650594381616,65.43388535073778,71.64658765226035,0.0,3
151,-6.12565445026178,-67.5,3.112,280.3604976739143,112.21399698391906,70.14923115499546,67.27359483031864,0.0,3
152,-5.183246073298429,-67.5,3.112,261.74518715920385,112.70092513121199,74.35317258852025,62.90448424877499,0.0,1
153,-4.2408376963350785,-67.5,3.112,266.3144514943542,113.51693347765831,78.01248831778528,62.341105193433705,0.0,3
154,-3.298429319371728,-67.5,3.112,271.16753707310124,112.20368250855245,80.44526601329368,60.61657003626199,0.0,3
155,-2.356020942408377,-67.5,3.112,291.67881007469873,110.84526170423487,82.39034069118581,60.30024528460084,0.0,5
156,-1.4136125654450262,-67.5,3.112,307.94038790499144,107.30985305533977,80.4572254957159,61.71948898260514,0.0,5
157,-0.4712041884816754,-67.5,3.112,341.05417534882866,106.32420036621625,80.00190397421403,64.55401266987607,0.16666666666666666,9
158,0.4712041884816754,-67.5,3.112,357.048228075218,105.06741371456883,79.14262073806006,59.38349892284557,0.15,12
159,1.4136125654450262,-67.5,3.112,370.2605781848491,103.2928369459114,77.09834715324882,49.1661565798176,0.1,8
160,2.356020942408377,-67.5,3.112,333.45446199135574,101.64314110617852,72.20394935851763,30.075340183628235,0.5,3
161,-18.376963350785346,-66.25,3.112,231.26048419716275,98.95850741886534,10.824898149214276,81.21028269570687,0.16666666666666666,8
162,-17.434554973821996,-66.25,3.112,284.9571730835367,114.92795211263001,22.33493183269913,93.99198463383983,0.16666666666666666,5
163,-16.492146596858646,-66.25,3.112,336.8537349201298,101.20268120459514,37.56097252756384,127.0019498353284,0.08333333333333333,3
164,-15.549738219895294,-66.25,3.112,287.80227076411893,111.36089175764937,49.104006992644685,95.5411140377724,0.0,1
165,-14.607329842931941,-66.25,3.112,262.71257665654457,119.70787560363533,49.696775866090874,93.16253458441439,0.0,0
166,-13.664921465968591,-66.25,3.112,246.93498676463886,81.13073332642671,32.80584774522735,84.06082119553975,0.0,0
167,-12.72251308900524,-66.25,3.112,230.62612155085452,119.17657648853492,47.28900004509247,76.33588450900473,0.0,0
168,-11.780104712041888,-66.25,3.112,229.12492451542454,117.09002047340618,48.63279882820991,73.02305047626128,0.0,0
169,-10.837696335078537,-66.25,3.112,250.1483998286234,119.23156708275201,51.891546016318486,75.74704047744217,0.0,0
170,-9.895287958115185,-66.25,3.112,261.02926274704714,114.83263756002998,54.67565503540161,75.2449291586909,0.0,1
171,-8.952879581151834,-66.25,3.112,261.1252964265441,113.4953007652075,58.325949730036655,70.98536754400021,0.0,3
172,-8.010471204188482,-66.25,3.112,277.9535595912603,111.27015437639784,60.98200436435535,70.36443920300752,0.0,3
173,-7.0680628272251305,-66.25,3.112,289.6396237372006,111.33115367934806,65.46335103265596,70.94649592097008,0.0,3
174,-6.12565445026178,-66.25,3.112,285.08199285958835,112.57552122260677,69.9261676023604,69.3950735691945,0.0,5
175,-5.183246073298429,-66.25,3.112,266.1128891910812,112.1607129072072,72.07661662427128,63.12294209178642,0.0,5
176,-4.2408376963350785,-66.25,3.112,262.54181887669347,113.87588078796398,77.72066282349148,57.866356710137836,0.0,3
177,-3.298429319371728,-66.25,3.112,278.5873487717731,113.77758317627013,82.24538414827009,57.92277852195413,0.0,3
178,-2.356020942408377,-66.25,3.112,269.3108230001667,115.10647461167537,86.28480793769148,52.45058896689325,0.0,5
179,-1.4136125654450262,-66.25,3.112,272.2505592659895,112.20551020873245,84.4498948844077,51.96970248152935,0.0,5
180,-0.4712041884816754,-66.25,3.112,291.3663448552261,112.05901759152766,86.15667108572569,53.117288004651,0.08333333333333333,5
181,0.4712041884816754,-66.25,3.112,302.8474717054754,109.67575381044298,85.18086792504832,52.06518504807073,0.15,7
182,1.4136125654450262,-66.25,3.112,298.18601753258156,106.78142399294302,83.02092750340961,43.683110104209035,0.3333333333333333,3
183,2.356020942408377,-66.25,3.112,265.46870343492634,105.76784961798694,78.45257095595022,26.43006501847064,0.16666666666666666,2
184,-18.376963350785346,-65.0,3.112,208.31801375060823,115.58496461715549,23.143597555474233,58.836414959804245,0.0,3
185,-17.434554973821996,-65.0,3.112,207.85301492268746,115.52440776082221,40.18707354300857,77.4029607830369,0.0,2
186,-16.492146596858646,-65.0,3.112,205.7398220599013,116.2959246718674,45.650727304395375,76.97535496048087,0.0,0
187,-15.549738219895294,-65.0,3.112,245.70718268096866,97.70683009643108,35.28783436414786,99.35174822591631,0.0,0
188,-14.607329842931941,-65.0,3.112,267.7322853095585,104.30264327558689,36.511195875959224,104.1048162771123,0.0,0
189,-13.664921465968591,-65.0,3.112,269.90884819834054,93.66046987910522,32.924072945830964,90.13516367929455,0.0,0
190,-12.72251308900524,-65.0,3.112,251.9276172692974,94.5123973392765,34.59626997542041,79.70128527735645,0.0,0
191,-11.780104712041888,-65.0,3.112,234.8144128841985,117.55637569382088,45.61014542054836,76.950027403831,0.0,0
192,-10.837696335078537,-65.0,3.112,252.66886453853544,118.74096877378179,48.688607373946304,75.87199960349132,0.0,0
193,-9.895287958115185,-65.0,3.112,269.4655850027425,116.73621039226418,52.10577973726764,77.32138524109206,0.0,1
194,-8.952879581151834,-65.0,3.112,272.68487276364567,114.9814073255402,56.41874137259407,76.13741469283121,0.0,3
195,-8.010471204188482,-65.0,3.112,274.3188506428032,113.12917169096181,61.16186555983942,70.65216539464981,0.0,3
196,-7.0680628272251305,-65.0,3.112,269.17712234543615,111.86052510078298,64.70794172466849,67.74295081777102,0.0,3
197,-6.12565445026178,-65.0,3.112,273.3825897961242,111.05571912077721,68.8392594007732,64.9516046256943,0.0,3
198,-5.183246073298429,-65.0,3.112,263.68423607631485,112.93779972649645,75.01885624172121,58.464596224975566,0.0,3
199,-4.2408376963350785,-65.0,3.112,267.4014371910755,112.76533329655649,77.79420129498283,55.48335963102758,0.0,3
200,-3.298429319371728,-65.0,3.112,266.6876456461648,113.97632816137047,81.19337261416979,50.51582889602622,0.0,3
201,-2.356020942408377,-65.0,3.112,247.92910951334193,115.54947786818957,85.16621783982748,44.3212351922963,0.0,3
202,-1.4136125654450262,-65.0,3.112,260.98857127259873,114.54097065230599,86.48675690764317,44.04765091271052,0.0,4
203,-0.4712041884816754,-65.0,3.112,238.87419790316017,114.97691252210643,88.0815445009472,37.60371863302913,0.0,3
204,0.4712041884816754,-65.0,3.112,226.07850823272247,108.8254279748071,85.18554031689999,32.82286806044343,0.25,2
205,1.4136125654450262,-65.0,3.112,201.25980569705075,107.038929212722,84.72596432837898,23.460763851446604,0.3333333333333333,1
206,-20.261780104712045,-63.75,3.112,168.4472684467715,126.50679573911475,3.757117531399632,45.12531879390129,0.0,1
207,-19.319371727748695,-63.75,3.112,157.04992427730792,126.75938881526235,40.616086278202104,60.964400242251415,0.0,2
208,-18.376963350785346,-63.75,3.112,125.6561377861954,108.60385267355014,39.51136142036808,43.615469830023486,0.0,0
209,-17.434554973821996,-63.75,3.112,137.40602043814874,109.4779853511136,37.646693222322654,47.70359795626611,0.0,0
210,-16.492146596858646,-63.75,3.112,183.88083045224613,117.1313228434883,36.865435780570095,69.52310137186296,0.0,0
211,-15.549738219895294,-63.75,3.112,228.87095287968737,115.05595667695161,35.05569025730934,90.70358036486303,0.0,0
212,-14.607329842931941,-63.75,3.112,247.28764186074386,118.09412091155536,35.48956462701548,90.2416141841185,0.0,0
213,-13.664921465968591,-63.75,3.112,259.3520073037505,104.55354413192254,33.959623113580584,84.79345453165816,0.0,0
214,-12.72251308900524,-63.75,3.112,248.49004427047095,118.27670972328633,40.66153309219127,83.48219472763127,0.0,0
215,-11.780104712041888,-63.75,3.112,238.3897573951086,114.03310983732808,42.48978256019874,81.00755069934786,0.0,0
216,-10.837696335078537,-63.75,3.112,239.90359159332684,107.86233265302144,43.06749802793348,72.26963827985293,0.0,0
217,-9.895287958115185,-63.75,3.112,258.10673476832676,108.34655765618663,47.44608512427099,71.37262365740793,0.0,1
218,-8.952879581151834,-63.75,3.112,260.45528425757993,112.85882663971279,55.39488066145249,73.2866020769147,0.0,3
219,-8.010471204188482,-63.75,3.112,262.705413174354,111.46200610528467,60.77602343048292,70.03751134735569,0.0,3
220,-7.0680628272251305,-63.75,3.112,266.98430032717056,112.53556058043614,66.28311059521425,70.04441641044396,0.0,3
221,-6.12565445026178,-63.75,3.112,280.8840776026341,112.9265244846465,70.48463088564758,64.61875792457991,0.0,3
222,-5.183246073298429,-63.75,3.112,286.16011199379955,114.81524340837495,76.60890730268007,59.3491674446317,0.0,5
223,-4.2408376963350785,-63.75,3.112,287.2329686044367,116.18983258173103,80.90259621959918,54.90798307984992,0.0,3
224,-3.298429319371728,-63.75,3.112,283.02162290580327,115.25126774824457,82.69047571722818,48.69680752803692,0.0,3
225,-2.356020942408377,-63.75,3.112,277.1242239575913,113.51030148536665,83.77246137672127,45.356796890910566,0.0,3
226,-1.4136125654450262,-63.75,3.112,278.5352101421957,113.65530446288176,85.51301776915174,42.07299857837283,0.0,2
227,-0.4712041884816754,-63.75,3.112,234.90927472953672,116.23826250317506,89.84423355013152,33.080034697312925,0.0,0
228,0.4712041884816754,-63.75,3.112,193.27077368138202,109.8591986685642,86.01970318123725,24.657738633099857,0.0,0
229,1.4136125654450262,-63.75,3.112,165.2741526341275,108.357133831596,85.17314850216347,18.258786277356357,0.5,0
230,3.298429319371728,-63.75,3.112,109.8082188034172,101.24339219473768,68.5222145454489,6.844503980232478,0.0,0
231,-19.319371727748695,-62.5,3.112,91.6747725355397,80.54467323672725,23.398094723672067,29.513725487219997,0.0,0
232,-18.376963350785346,-62.5,3.112,94.56956701669549,83.24738672061358,24.75423049978807,28.035144175265266,0.0,0
233,-17.434554973821996,-62.5,3.112,125.12485016901667,91.69262697861996,26.19298370267416,39.707705483663595,0.0,0
234,-16.492146596858646,-62.5,3.112,181.39557305275835,106.80983757600188,29.420171156377492,61.75576111471541,0.0,0
235,-15.549738219895294,-62.5,3.112,204.80255254712338,103.25026105565485,27.616032065972092,69.79873733105941,0.0,0
236,-14.607329842931941,-62.5,3.112,210.6118872075136,106.39492911781417,28.793936722702384,67.01044881820289,0.0,0
237,-13.664921465968591,-62.5,3.112,223.77220382109243,117.45372117147781,33.23577487097092,70.91082059599779,0.0,0
238,-12.72251308900524,-62.5,3.112,235.74637599089016,121.23435851186514,38.04192905660212,80.63012874912681,0.0,0
239,-11.780104712041888,-62.5,3.112,234.3878005562135,97.51475265336921,34.52925658402416,76.26632606240406,0.0,0
240,-10.837696335078537,-62.5,3.112,243.58917328934467,94.92940077296225,37.386739963688626,72.20732652169976,0.0,0
241,-9.895287958115185,-62.5,3.112,250.78006804701545,93.685569933441,42.03852213377318,68.61138174866542,0.0,1
242,-8.952879581151834,-62.5,3.112,240.76686102951953,113.83718103810679,55.802758912203466,68.00790197255714,0.0,3
243,-8.010471204188482,-62.5,3.112,257.39464886373753,112.73319212923525,60.300316389170355,70.3636712906013,0.0,3
244,-7.0680628272251305,-62.5,3.112,263.6169026675475,110.16384983056923,63.56451368666816,69.78115976271835,0.0,3
245,-6.12565445026178,-62.5,3.112,281.8528790239998,112.50298286002362,69.57868913676457,65.97134786367083,0.0,5
246,-5.183246073298429,-62.5,3.112,305.12357794184027,113.50048700493062,74.72714607812186,65.01317492879161,0.0,5
247,-4.2408376963350785,-62.5,3.112,320.010305021915,115.22100205009338,79.53380267092604,60.061019422231915,0.0,3
248,-3.298429319371728,-62.5,3.112,308.3830305678566,113.16511082695797,80.3479915015829,52.03605556823233,0.0,3
249,-2.356020942408377,-62.5,3.112,323.90856013714483,111.21037583478028,80.43785413095051,51.270957064464255,0.0,3
250,-1.4136125654450262,-62.5,3.112,296.05116495281595,113.93390536919469,85.56744105008343,41.69530098436656,0.0,2
251,-0.4712041884816754,-62.5,3.112,245.95186252140797,113.55013832420809,87.5840660302732,30.47079527290408,0.0,0
252,0.4712041884816754,-62.5,3.112,204.63017848599353,111.87721311376663,86.79043741847063,20.52034680337629,0.0,0
253,1.4136125654450262,-62.5,3.112,162.55823605588856,110.03135294595268,85.91516306375756,14.546625473067861,0.0,0
254,2.356020942408377,-62.5,3.112,124.55836552122938,108.30401836079545,82.12630244939064,10.652351282009928,0.0,0
255,3.298429319371728,-62.5,3.112,79.08987689279772,101.78444635210326,71.28290963972776,5.080085005537725,0.0,0
256,-18.376963350785346,-61.25,3.112,99.66297841063331,82.08495576458517,19.574608049743283,36.036174260079164,0.0,0
257,-17.434554973821996,-61.25,3.112,123.71823924065134,93.6417122092098,22.00588050200959,43.577833131317256,0.0,0
258,-16.492146596858646,-61.25,3.112,169.4574813059148,85.43520403647562,19.69169894602903,56.958177252420406,0.0,0
259,-15.549738219895294,-61.25,3.112,188.42980028225608,92.1383250458166,20.77858015769026,56.98792477178005,0.0,0
260,-14.607329842931941,-61.25,3.112,194.87617007817994,116.48530191363534,27.004442178855733,60.43240746230976,0.0,0
261,-13.664921465968591,-61.25,3.112,226.21552683821793,122.71661216014763,31.399844981823254,73.0205821287025,0.0,0
262,-12.72251308900524,-61.25,3.112,249.4135165860098,123.41370597481728,36.03307230392555,83.27079123090647,0.0,0
263,-11.780104712041888,-61.25,3.112,267.4091008693307,97.60387671733042,34.03919138747709,85.69101678951729,0.0,0
264,-10.837696335078537,-61.25,3.112,264.2162762303485,114.28725528385257,44.83939993531334,80.00323560721307,0.0,1
265,-9.895287958115185,-61.25,3.112,250.18429200766604,110.93542713060742,48.958179275879246,73.29589659490286,0.0,3
266,-8.952879581151834,-61.25,3.112,253.09719214582,111.87624361307826,54.59477554635834,69.76806391514748,0.0,3
267,-8.010471204188482,-61.25,3.112,274.533539973595,111.56243758188793,59.526189719763124,68.2030896371554,0.0,3
268,-7.0680628272251305,-61.25,3.112,283.8237802683966,110.30269072623923,62.75649177474543,66.53869783602553,0.0,3
269,-6.12565445026178,-61.25,3.112,295.13760429217655,111.9584666020819,69.41389152354647,63.87991156502258,0.16666666666666666,6
270,-5.183246073298429,-61.25,3.112,332.89524702013296,115.25664005836006,75.30918185719578,65.31651462934012,0.15,9
271,-4.2408376963350785,-61.25,3.112,348.8596932242217,114.0917836650624,78.14599705383169,62.36227596580121,0.15,9
272,-3.298429319371728,-61.25,3.112,363.7483664974934,111.98003273340873,79.29535761245855,58.5527726314034,0.16666666666666666,6
273,-2.356020942408377,-61.25,3.112,350.78494266615735,109.82086085976334,79.0497402985801,51.209520976987626,0.16666666666666666,6
274,-1.4136125654450262,-61.25,3.112,323.2560044870327,110.27354334422853,82.08259500174358,41.88156267460741,0.0,2
275,-0.4712041884816754,-61.25,3.112,280.5815133573435,111.14326557435561,85.2947001602691,29.897502554444607,0.0,0
276,0.4712041884816754,-61.25,3.112,218.77054989816298,112.2271889221156,86.32954029233417,17.083977504039034,0.0,0
277,1.4136125654450262,-61.25,3.112,157.5680052945319,111.34561696497258,85.59905458469152,9.290100527130974,0.0,0
278,2.356020942408377,-61.25,3.112,100.65816254093639,107.01585165923461,82.34457208139479,4.958353120645773,0.0,0
279,3.298429319371728,-61.25,3.112,52.5733593671431,100.32628747198032,74.41700616227695,2.308657276473664,0.0,0
280,4.2408376963350785,-61.25,3.112,32.714449358635726,86.27466148784151,59.40800479977471,1.1100728119972225,0.0,0
281,-15.549738219895294,-60.0,3.112,198.437488198921,87.95640414347872,16.06633618515962,57.076129094782864,0.0,0
282,-14.607329842931941,-60.0,3.112,225.65248137623811,124.54931730288081,23.852552042103873,68.12824791322305,0.0,0
283,-13.664921465968591,-60.0,3.112,247.22270387578192,124.30170005973196,27.845449236625285,74.75766309954051,0.0,0
284,-12.72251308900524,-60.0,3.112,274.0369046907267,124.56846086512087,34.78507552143451,84.04003949890354,0.0,0
285,-11.780104712041888,-60.0,3.112,300.9210736985456,119.33762533619301,40.49104811516786,86.69341594378865,0.0,3
286,-10.837696335078537,-60.0,3.112,292.4538653000741,113.32967567344895,45.0997611994094,81.28208929367298,0.0,3
287,-9.895287958115185,-60.0,3.112,273.08393628463364,110.50290292419959,49.566268784800094,75.67225631204273,0.0,3
288,-8.952879581151834,-60.0,3.112,261.4203510300649,111.60729990078835,55.225040567177864,67.4032122497539,0.0,3
289,-8.010471204188482,-60.0,3.112,285.67999483953827,112.77660783118336,61.16173013615763,64.18609658441156,0.0,3
290,-7.0680628272251305,-60.0,3.112,303.76368601799186,112.08427339995978,65.42389104308138,61.25811210722724,0.0,3
291,-6.12565445026178,-60.0,3.112,313.4797534277004,111.34401598479599,69.29460663534702,60.19128432793078,0.0,5
292,-5.183246073298429,-60.0,3.112,341.96187701603776,114.8631728044711,75.18177940153093,59.61351867005278,0.15,6
293,-4.2408376963350785,-60.0,3.112,375.50323023890087,114.68141224526335,79.27970872710111,61.76598311581199,0.2,9
294,-3.298429319371728,-60.0,3.112,416.1423649547214,108.79549944133032,78.3248722324575,62.11246011205687,0.2,9
295,-2.356020942408377,-60.0,3.112,413.6069506440981,107.07044459370081,79.6083325685592,57.91275961896651,0.13333333333333333,8
296,-1.4136125654450262,-60.0,3.112,388.87327848074926,105.5400412454037,80.07798129808792,47.249200984891885,0.08333333333333333,4
297,-0.4712041884816754,-60.0,3.112,327.80833410551975,106.45174204517389,82.81241151086827,30.760285965421122,0.0,0
298,0.4712041884816754,-60.0,3.112,237.78914976272625,106.26901813026052,81.91556903030374,15.067893887147104,0.0,0
299,1.4136125654450262,-60.0,3.112,180.3921732377707,105.27004943636712,81.49289333247286,6.810612651747753,0.0,0
300,2.356020942408377,-60.0,3.112,129.95943581832802,98.91790254361695,76.14184175833356,2.981418479822233,0.0,0
301,3.298429319371728,-60.0,3.112,72.83495841831757,93.79009167401819,71.17667935155494,1.241153775723952,0.0,0
302,4.2408376963350785,-60.0,3.112,62.72302927705338,84.44688192597823,61.562160134243946,0.9117124686439715,0.0,0
303,5.183246073298429,-60.0,3.112,132.31036172928953,97.6150833821157,65.98344971553303,1.3550074535710341,0.0,0
304,-13.664921465968591,-58.75,3.112,270.6031456941673,100.78402254672255,20.503995301798554,75.77505920738685,0.0,0
305,-12.72251308900524,-58.75,3.112,290.37596814242534,119.14703126996756,31.828114251571183,82.2970716640125,0.0,0
306,-11.780104712041888,-58.75,3.112,314.6065065442531,114.22846213972662,38.02935848451337,85.55823457416388,0.0,3
307,-10.837696335078537,-58.75,3.112,300.03526401503564,112.93434955441626,43.8725077952433,80.49133354030921,0.0,3
308,-9.895287958115185,-58.75,3.112,285.4732381701069,112.11106611415744,49.47650586716299,73.77343949030956,0.0,3
309,-8.952879581151834,-58.75,3.112,289.4147967279605,111.95719554147217,55.26766374169375,68.85590680960654,0.0,3
310,-8.010471204188482,-58.75,3.112,293.87566871517265,110.32864902721485,59.246302559204274,64.00251847027678,0.0,3
311,-7.0680628272251305,-58.75,3.112,306.6877047313392,110.7109148890595,64.38342017492528,58.581918279128224,0.0,5
312,-6.12565445026178,-58.75,3.112,329.3685487748746,111.58072532562073,69.64844004060735,59.0665561718143,0.16666666666666666,6
313,-5.183246073298429,-58.75,3.112,355.7902805356025,112.77346312446753,75.65006790370678,59.71686143496858,0.15,9
314,-4.2408376963350785,-58.75,3.112,379.79079022233236,112.58782417746261,79.7394348179824,60.95880282007668,0.13333333333333333,8
315,-3.298429319371728,-58.75,3.112,430.47874831343506,107.60109219525475,78.73907411494552,64.68388168206494,0.16666666666666666,12
316,-2.356020942408377,-58.75,3.112,427.80803606296104,104.88240943348501,79.83390355645724,60.06350175632522,0.19047619047619047,13
317,-1.4136125654450262,-58.75,3.112,424.5469838681447,103.24669964524219,80.65412424883795,52.73866474279355,0.16666666666666666,11
318,-0.4712041884816754,-58.75,3.112,351.9867045088582,103.86093333363533,81.83758399920929,34.084412506098175,0.0,3
319,0.4712041884816754,-58.75,3.112,271.0113530231851,102.94480820128229,82.16116802546999,17.874888708774005,0.0,0
320,-13.664921465968591,-57.5,3.112,286.89016312945796,106.19972184329526,20.02549400587933,83.70211126689487,0.0,0
321,-12.72251308900524,-57.5,3.112,306.19589975663075,117.63268856098875,30.137125922408533,89.83344579718326,0.0,3
322,-11.780104712041888,-57.5,3.112,328.86526082654655,111.18762478261488,35.61095735216579,93.47001697907329,0.0,3
323,-10.837696335078537,-57.5,3.112,329.68358680638175,110.87796582898591,41.99600276094433,89.58975932847997,0.0,3
324,-9.895287958115185,-57.5,3.112,331.47039938053695,110.23740441771224,47.74383669312305,82.47255528703758,0.0,3
325,-8.952879581151834,-57.5,3.112,328.5084289470615,107.92840823036386,51.86632519983691,72.7231543685316,0.0,3
326,-8.010471204188482,-57.5,3.112,335.83470628721443,107.9099802285782,57.36419071922636,66.44043628593595,0.0,3
327,-7.0680628272251305,-57.5,3.112,341.03059809000115,110.22311147855362,64.44604839267897,60.828657886261546,0.16666666666666666,6
328,-6.12565445026178,-57.5,3.112,344.4332408650507,111.27391535730567,70.15052591352945,58.47430241198695,0.15,9
329,-5.183246073298429,-57.5,3.112,359.23007679808495,112.14449586550472,74.97054832957065,58.20933007214052,0.13333333333333333,8
330,-4.2408376963350785,-57.5,3.112,376.51163833697865,110.77332851244137,77.45866945335707,58.6025245196757,0.16666666666666666,9
331,-3.298429319371728,-57.5,3.112,395.3978853935041,110.29334500111872,80.56197980402855,58.441993216401016,0.2,8
332,-2.356020942408377,-57.5,3.112,421.1416200730446,108.60708242777037,83.68174201722833,59.90167527651959,0.23333333333333334,11
333,-1.4136125654450262,-57.5,3.112,394.17191299051564,107.93783785571577,86.27502997338355,54.75358175265293,0.23333333333333334,7
334,-0.4712041884816754,-57.5,3.112,316.72897111207186,110.17334669712,89.61592652687241,34.90182513147984,0.15,4
335,0.4712041884816754,-57.5,3.112,249.85286951781774,107.53306516940938,88.40699057743639,19.815416666445067,0.0,0
336,1.4136125654450262,-57.5,3.112,197.52833743955208,102.62307328783209,81.38466316161633,8.556441517972786,0.0,0
337,-13.664921465968591,-56.25,3.112,306.1586305918665,106.43264309299411,19.552946116304618,90.50684831615521,0.0,0
338,-12.72251308900524,-56.25,3.112,318.74340019608553,112.49844512029085,26.591685849406026,91.2929549924283,0.0,1
339,-11.780104712041888,-56.25,3.112,342.6850444022307,109.85733897832688,32.655798456205304,97.98029099433747,0.0,3
340,-10.837696335078537,-56.25,3.112,342.28268553601083,109.91617884632433,39.41318743111055,91.18930132164714,0.0,3
341,-9.895287958115185,-56.25,3.112,354.8762080504639,108.95484821114223,44.95422281645743,81.8988260519481,0.0,3
342,-8.952879581151834,-56.25,3.112,360.8989718124212,107.09486637002556,50.69127780396445,71.67904883374325,0.0,3
343,-8.010471204188482,-56.25,3.112,375.21530742467803,104.54034639842575,54.59991227976093,65.32381491661104,0.0,5
344,-7.0680628272251305,-56.25,3.112,378.54868422795334,107.88583758927416,61.55602209648043,60.04276414740972,0.16666666666666666,6
345,-6.12565445026178,-56.25,3.112,357.61882721374604,110.85117024660576,70.11114664430308,54.445680245936416,0.16666666666666666,9
346,-5.183246073298429,-56.25,3.112,337.9888051928583,112.48016298719449,75.13405505262033,48.24323769102687,0.15,5
347,-4.2408376963350785,-56.25,3.112,341.01288218696027,110.87765956996009,76.63104160268551,43.907532105439145,0.16666666666666666,5
348,-3.298429319371728,-56.25,3.112,340.727874962995,111.71863729163306,82.25148366609837,44.78229173363854,0.2,7
349,-2.356020942408377,-56.25,3.112,347.21996931172924,115.33399077539798,87.90120977371382,43.64084134860452,0.13333333333333333,4
350,-1.4136125654450262,-56.25,3.112,281.9789201745877,114.07282178843161,90.59889780369596,35.59604418036333,0.2,3
351,-0.4712041884816754,-56.25,3.112,207.46621120550373,103.88943463593023,84.89779978420242,20.55263093544115,0.5,0
352,0.4712041884816754,-56.25,3.112,165.8724135765471,97.87234586721752,80.8411020958339,12.528017592304604,0.0,0
353,1.4136125654450262,-56.25,3.112,139.36446264372682,100.60777762817452,80.40513988190278,6.617053415721559,0.0,0
354,-14.607329842931941,-55.0,3.112,332.9350059114822,109.45638876990415,13.216818584552282,94.80186598628771,0.0,0
355,-13.664921465968591,-55.0,3.112,335.6776644292735,103.46334582951386,17.774458503550065,97.85127808679805,0.0,0
356,-12.72251308900524,-55.0,3.112,323.17551702037747,110.6372700681095,24.59032293725058,95.30182461562778,0.0,1
357,-11.780104712041888,-55.0,3.112,331.8361937853487,109.19654413475655,29.93404567800402,91.58839833106757,0.0,3
358,-10.837696335078537,-55.0,3.112,338.9940247847653,108.09489725797903,36.49611432576675,81.40111304523911,0.0,3
359,-9.895287958115185,-55.0,3.112,357.4310535406403,107.10411416046554,42.468606443712176,71.91242464558995,0.0,3
360,-8.952879581151834,-55.0,3.112,374.6825541471935,107.41708713001572,48.9042006345001,64.27999571107199,0.0,3
361,-8.010471204188482,-55.0,3.112,383.8697991537265,104.3403422262054,53.83067133032572,59.68974098337909,0.0,5
362,-7.0680628272251305,-55.0,3.112,382.602162730484,106.78283599525457,61.25756620677828,53.13519946513379,0.0,5
363,-6.12565445026178,-55.0,3.112,364.5694107987583,108.36785202525789,67.22181905420673,45.68151472464099,0.1,5
364,-5.183246073298429,-55.0,3.112,331.72432518530513,108.95433035882888,70.7859125946617,39.908714511702435,0.16666666666666666,3
365,-4.2408376963350785,-55.0,3.112,307.1720151309546,106.52458078111522,72.81596917866472,32.764676818903865,0.0,4
366,-3.298429319371728,-55.0,3.112,271.1605280412964,112.9830066987779,82.63689392507194,27.350820168916222,0.15,3
367,-2.356020942408377,-55.0,3.112,272.3830137901038,115.96557391108945,88.05859693475205,23.410131964507592,0.25,0
368,-1.4136125654450262,-55.0,3.112,174.50041918369777,93.82550380309112,73.35241863400101,14.150681290518435,0.3333333333333333,0
369,-0.4712041884816754,-55.0,3.112,132.53362093946663,75.35829940447002,61.56977288448714,9.329708236453575,0.0,0
370,0.4712041884816754,-55.0,3.112,121.21468436191788,71.00518716593797,58.52578950409132,6.741292945334463,0.0,0
371,1.4136125654450262,-55.0,3.112,107.89874065097294,85.27109383227071,68.69711073465591,4.343340893460343,0.0,0
372,2.356020942408377,-55.0,3.112,111.85116363313071,78.59245419851504,60.298753272617596,2.498418508157073,0.0,0
373,-14.607329842931941,-53.75,3.112,329.02073267175564,105.6456085681566,9.599202618632013,91.4566114273926,0.0,0
374,-13.664921465968591,-53.75,3.112,323.39657811345467,107.93179535743548,14.732974065976931,91.08257067846158,0.0,0
375,-12.72251308900524,-53.75,3.112,314.1343342285427,106.70477884879801,20.379433186468503,85.4300323084016,0.0,1
376,-11.780104712041888,-53.75,3.112,313.30699282111453,108.15830629784614,26.307316565878207,75.48798758313232,0.0,3
377,-10.837696335078537,-53.75,3.112,327.6445349457754,108.32710862072418,31.98163871719142,65.53834709909567,0.0,3
378,-9.895287958115185,-53.75,3.112,352.77694223141737,106.647835894546,37.73160890331055,60.68406902937517,0.0,3
379,-8.952879581151834,-53.75,3.112,369.19129821782917,106.76547410868807,44.618467830899284,56.24887050138196,0.0,3
380,-8.010471204188482,-53.75,3.112,390.7911809065672,107.91058994131163,52.9769305293224,52.988187661117266,0.0,5
381,-7.0680628272251305,-53.75,3.112,389.59734663507334,104.93801987729967,58.44853419645853,47.265916598665044,0.0,5
382,-6.12565445026178,-53.75,3.112,374.11293474400736,104.06011211365694,62.75063628526967,41.28103062431068,0.0,5
383,-5.183246073298429,-53.75,3.112,336.9609184712408,104.20699460722972,66.53272129755133,33.60832866201499,0.0,3
384,-4.2408376963350785,-53.75,3.112,283.10810660899733,110.34314930060646,74.0379408458781,24.720182929358554,0.0,2
385,-3.298429319371728,-53.75,3.112,238.36531928353452,111.84978155710269,79.85808372329804,18.414571585699893,0.0,0
386,-2.356020942408377,-53.75,3.112,186.69534683623283,108.41809635108802,80.39467725961981,12.120700890743908,0.3333333333333333,0
387,-1.4136125654450262,-53.75,3.112,131.98691790275404,87.27010576694738,67.65101221250129,6.8946958311449,0.0,0
388,-0.4712041884816754,-53.75,3.112,98.57284056259061,62.75828758931311,50.729538999098416,4.0735087898097255,0.0,0
389,0.4712041884816754,-53.75,3.112,89.29646082441977,58.40072965613217,47.70155985731858,2.5277459737166734,0.0,0
390,1.4136125654450262,-53.75,3.112,86.67575285673252,64.07308856549207,51.71865357449261,1.5434519599042538,0.0,0
391,2.356020942408377,-53.75,3.112,92.11189008791905,61.60655058294651,47.815121832499884,1.1334390159975198,0.0,0
392,-13.664921465968591,-52.5,3.112,337.47215577505057,101.74613705225056,8.542762894005444,83.45931528239153,0.0,0
393,-12.72251308900524,-52.5,3.112,320.9346907346503,112.26938741456252,14.651196021194187,70.90315643315886,0.0,1
394,-11.780104712041888,-52.5,3.112,310.8524762953641,111.89173582184594,19.27016197845647,60.79076523703715,0.0,3
395,-10.837696335078537,-52.5,3.112,316.40267739821184,108.99645612516906,24.378396136086998,53.731096377299146,0.0,3
396,-9.895287958115185,-52.5,3.112,330.63879323636456,108.87051314755809,30.824070322297462,49.99775553763426,0.0,3
397,-8.952879581151834,-52.5,3.112,353.5507844450012,106.83923026226694,38.78663993444046,47.22974585539792,0.0,3
398,-8.010471204188482,-52.5,3.112,370.53602406907885,106.59491439932026,47.910544480490316,41.28822618537791,0.0,3
399,-7.0680628272251305,-52.5,3.112,372.65154996010097,105.54107944888528,53.88470257427887,35.03415981034207,0.0,3
400,-6.12565445026178,-52.5,3.112,366.5453600041292,105.86348065291531,60.822876456250484,30.797638686880973,0.0,5
401,-5.183246073298429,-52.5,3.112,348.52204531114694,106.75383201451041,66.70696929298799,27.497174335718164,0.0,5
402,-4.2408376963350785,-52.5,3.112,293.0269503504496,111.33387503447011,73.83758544641965,20.558046456248018,0.0,2
403,-3.298429319371728,-52.5,3.112,243.00953819351207,112.08218257350381,78.84111697493489,14.151236791596448,0.0,0
404,-2.356020942408377,-52.5,3.112,172.80470411091983,112.78582939936314,83.81148673025099,7.040917310411906,0.0,0
405,-1.4136125654450262,-52.5,3.112,122.91954388378528,99.96772140206303,77.29308625014895,3.1187330993778337,0.0,0
406,-0.4712041884816754,-52.5,3.112,85.41656866341718,69.96293206029804,55.151474978728736,1.704563365786608,0.0,0
407,0.4712041884816754,-52.5,3.112,80.8698395256844,51.17512038497807,40.42091847044124,1.1251079602984766,0.0,0
408,-8.952879581151834,-51.25,3.112,361.3695111390507,108.41035441932036,29.658365051995073,33.54856415294601,0.0,3
409,-8.010471204188482,-51.25,3.112,368.82043624564176,107.80505229049595,39.89973949297873,30.045775961571003,0.0,3
410,-7.0680628272251305,-51.25,3.112,377.2524623159188,103.26575663551921,46.54790862617813,22.184333531612282,0.0,1
411,-5.183246073298429,-51.25,3.112,390.9594495718011,103.92547615425428,57.42399836796561,19.20194575021518,0.0,3
412,-4.2408376963350785,-51.25,3.112,332.67106134755977,101.93682826735312,64.01194540688647,16.002252329531434,0.0,3
413,-3.298429319371728,-51.25,3.112,265.0253749335411,114.69709601718932,77.98189648840501,10.775435790305101,0.0,0
414,-2.356020942408377,-51.25,3.112,189.0428023537504,116.3856597294216,83.79184888621202,4.273912753184107,0.0,0
415,-3.298429319371728,-50.0,3.112,279.6181883176695,117.67758984002285,72.83175884144525,6.13968263436516,0.0,1
