node_id,lat,lon,threshold,prec,evap,in_degree,out_degree,clustering,ffl
0,-6.12565445026178,-78.75,0.2367,111.83529971591265,68.23287465253088,30.36108050210427,63.654733929947845,0.4832172260924636,1970
1,-5.183246073298429,-78.75,0.2367,97.34471517873858,68.56418917173869,31.71432432521763,63.011166442439595,0.48640167364016734,2244
2,-4.2408376963350785,-78.75,0.2367,114.85748097388759,80.42734620466945,36.345562070242536,64.93926288605975,0.4911227806951738,2060
3,-3.298429319371728,-78.75,0.2367,152.7805073110755,84.2230177600868,38.14970274279381,74.63565514163562,0.4792526837324525,2387
4,-2.356020942408377,-78.75,0.2367,183.76646370632187,101.4556120740599,44.972140640224296,74.40397541525535,0.4880566801619433,2121
5,-1.4136125654450262,-78.75,0.2367,207.18933054809668,96.310679805174,40.7983436198482,70.10442705045293,0.4870841082868361,2128
6,-8.952879581151834,-77.5,0.2367,238.6940405330021,85.423383773159,37.196708950852184,203.90768714176787,0.32768500327439426,10301
7,-8.010471204188482,-77.5,0.2367,177.178383272844,76.53901806887006,39.695055342595786,123.91781891225263,0.4032096790320968,6613
8,-7.0680628272251305,-77.5,0.2367,173.82620005680005,83.70060105255106,44.259090737144646,107.11330124158506,0.42209288226021585,5415
9,-6.12565445026178,-77.5,0.2367,192.22039393391802,104.22107856196817,54.55314737973321,120.65204874154068,0.3956417433026789,5273
10,-5.183246073298429,-77.5,0.2367,176.77699767465083,109.78519423253601,57.07350930021864,84.25558836582304,0.44717557251908396,3071
11,-4.2408376963350785,-77.5,0.2367,149.65532253827502,113.71141480340157,59.27096864500548,67.5460838860488,0.47315910294896696,2329
12,-3.298429319371728,-77.5,0.2367,154.95311475820063,112.08320245204959,58.11292661283319,57.48794124522315,0.4912865748709122,1633
13,-2.356020942408377,-77.5,0.2367,183.19120963766136,110.61541709495941,55.94963025903543,59.37602106241401,0.4946152120260265,1460
14,-1.4136125654450262,-77.5,0.2367,230.4785033148134,105.45637042931048,53.2373715778747,70.53234218186908,0.471473999251777,1951
15,-0.4712041884816754,-77.5,0.2367,265.60508889746274,98.81584192364244,49.03190588513937,83.61882605449259,0.45232646834477497,2024
16,0.4712041884816754,-77.5,0.2367,278.45487398892146,96.57146665791515,47.82088242313093,61.52921247273146,0.4840030714102892,1490
17,-10.837696335078537,-76.25,0.2367,259.4137648960146,80.84131406008964,30.547861940615046,220.48580038610876,0.3044488244403773,11212
18,-9.895287958115185,-76.25,0.2367,273.8521208807134,74.07696357811801,34.32618091225332,198.06406168388625,0.3172160033167496,10489
19,-8.952879581151834,-76.25,0.2367,362.44500014435744,95.93849689350463,50.224738789400355,237.08752307179313,0.31314001339841135,10345
20,-8.010471204188482,-76.25,0.2367,230.03497472261643,110.59840423084097,63.732244651309564,113.74409627399004,0.41203429923122414,5648
21,-7.0680628272251305,-76.25,0.2367,154.666776565007,102.94499398092739,61.556335638722466,69.58254476978702,0.4406833280607403,2995
22,-6.12565445026178,-76.25,0.2367,155.61252751726357,113.78531313239364,68.12309401730273,72.7128983895067,0.41955120553831465,3467
23,-5.183246073298429,-76.25,0.2367,155.27942935548708,114.71775802667253,67.94418714621868,76.58827878569156,0.41501933820369574,3462
24,-4.2408376963350785,-76.25,0.2367,142.7200684759373,114.86948147794465,66.8419496585539,68.9466920631252,0.4278892072588348,2940
25,-3.298429319371728,-76.25,0.2367,156.31229011791902,115.65164831990842,65.85540601867183,60.31170108981409,0.45226501401800207,2140
26,-2.356020942408377,-76.25,0.2367,174.52613142023338,116.07286340848077,64.3142826356931,57.550428705575015,0.4620924343146565,1764
27,-1.4136125654450262,-76.25,0.2367,197.42342869511276,113.62887550494634,63.47961399583407,58.09524931030738,0.4573547589616811,1450
28,-0.4712041884816754,-76.25,0.2367,234.46868973514992,115.69311185041443,64.01131029819365,51.783395418874626,0.47748242530755713,1048
29,0.4712041884816754,-76.25,0.2367,266.31969994265035,105.53698815550888,58.22235936043438,45.25675538563229,0.48157625383828045,762
30,1.4136125654450262,-76.25,0.2367,255.3899435524977,100.73775853525149,50.9759822927229,38.485952424192746,0.5075867052023122,561
31,-13.664921465968591,-75.0,0.2367,16.663286846887026,14.628998684265753,5.169530976259989,11.153043084406557,0.9264705882352942,32
32,-12.72251308900524,-75.0,0.2367,123.45744724123702,56.930599751394766,24.57165839532507,132.13198701274268,0.37791579403480896,8534
33,-11.780104712041888,-75.0,0.2367,269.0429615698138,73.37212676298805,32.225038984721756,186.57564191289026,0.31944173335935977,10939
34,-10.837696335078537,-75.0,0.2367,390.50422291369614,96.1213229392888,48.948763739706045,219.59032415273273,0.29928751047778707,11324
35,-9.895287958115185,-75.0,0.2367,281.02458479002564,104.30121637444245,59.934809130464615,132.93527783263005,0.35717757122896543,8316
36,-8.952879581151834,-75.0,0.2367,218.2588801412816,115.89126635924913,71.98989034278077,98.75382917032249,0.3788177339901478,6033
37,-8.010471204188482,-75.0,0.2367,171.94273844557216,105.63264124008128,68.09005861117615,81.95143132689535,0.3971152003066897,4201
38,-7.0680628272251305,-75.0,0.2367,155.60064831329913,102.33850271150004,65.8387719397086,72.65533295367874,0.41016282987085906,3114
39,-6.12565445026178,-75.0,0.2367,158.40784189518104,114.97881152608898,72.85240419508312,72.24288036493992,0.3989795918367347,3286
40,-5.183246073298429,-75.0,0.2367,157.61164476175233,116.93466448865365,72.74502003834927,72.92615299902377,0.38965456312395086,3383
41,-4.2408376963350785,-75.0,0.2367,166.98525127136728,115.37754286138806,70.2985028813413,71.52819634002397,0.39351179673321235,3296
42,-3.298429319371728,-75.0,0.2367,179.64143230364357,116.43459559039911,70.34157199497788,67.5976672358128,0.38857552153281405,2934
43,-2.356020942408377,-75.0,0.2367,187.32346834777218,116.35690807015635,70.50327051459733,62.42911712128671,0.396151924037981,2362
44,-1.4136125654450262,-75.0,0.2367,202.69372023031337,115.87242969253566,68.66113879423301,59.39848959577297,0.4200221647580347,1836
45,-0.4712041884816754,-75.0,0.2367,210.16929590506106,115.50312064471655,67.0453686918565,49.83789731142234,0.432938032403541,1125
46,0.4712041884816754,-75.0,0.2367,198.4492403819533,111.81853180518374,64.68441123926904,33.80084757484265,0.47409055221146296,520
47,1.4136125654450262,-75.0,0.2367,221.10168967205254,104.34791124978801,56.23691713749496,25.577599019809426,0.5182648401826484,240
48,2.356020942408377,-75.0,0.2367,268.0805228780355,97.75399701175047,43.89389557397488,24.85296559932442,0.5352201257861635,260
49,-14.607329842931941,-73.75,0.2367,27.82742238209488,20.273649164551273,11.656852271499861,16.97915878026382,0.8651685393258427,67
50,-13.664921465968591,-73.75,0.2367,137.27250175815928,73.07024756577448,43.11724675643956,90.50098553537825,0.4559071729957806,3082
51,-12.72251308900524,-73.75,0.2367,317.19433222082444,85.0283028758713,53.82262958906109,151.49109305537718,0.3455190671999099,9952
52,-11.780104712041888,-73.75,0.2367,312.5868179002896,101.14905267488211,66.4385596170467,171.70984862368462,0.3167284323019909,11611
53,-10.837696335078537,-73.75,0.2367,218.94522632768638,111.86557985987747,73.58238365267226,86.51126931207762,0.3993000788643533,4731
54,-9.895287958115185,-73.75,0.2367,182.43603899386434,115.82565900287591,74.44476322516827,84.01841270110788,0.38745688872753675,4407
55,-8.952879581151834,-73.75,0.2367,160.20500492139263,117.08069556421833,74.0337736538533,78.0093528459912,0.3997160819306429,3300
56,-8.010471204188482,-73.75,0.2367,152.49787508937288,116.2159108906053,71.54126935175128,72.29225641601506,0.40848141284203643,2743
57,-7.0680628272251305,-73.75,0.2367,168.24349850762474,116.81273156020325,73.25693729279475,75.03743203559699,0.37531849838627485,3342
58,-6.12565445026178,-73.75,0.2367,186.32193663470844,114.94930176297203,73.013395228582,76.47616985280726,0.35904005774088776,3793
59,-5.183246073298429,-73.75,0.2367,192.15945821665673,115.71113379613962,74.18557583712783,72.23281669316923,0.35518617936540714,3796
60,-4.2408376963350785,-73.75,0.2367,202.22028482991382,115.53172409359831,72.83216994167475,70.3622532557165,0.36037531577048,3443
61,-3.298429319371728,-73.75,0.2367,197.45545077341887,114.28517132531852,72.87075036877737,66.16706756464532,0.3684558023924188,2838
62,-2.356020942408377,-73.75,0.2367,198.4967347733209,113.40200891776476,71.93717665968919,61.47953732606318,0.37752535837035794,2523
63,-1.4136125654450262,-73.75,0.2367,193.4505644629337,112.00186915753875,70.67854525187184,54.151511731953576,0.40055043929289724,1757
64,-0.4712041884816754,-73.75,0.2367,193.8499369491194,112.87052153988043,69.81366557181416,45.39017639045902,0.4178384339674662,1092
65,0.4712041884816754,-73.75,0.2367,181.8591099925698,114.07812714809552,68.61697493472731,31.745124678042508,0.4373700623700624,691
66,1.4136125654450262,-73.75,0.2367,173.43572702888363,112.22732653201092,65.01299961480085,16.958284141120867,0.4639652271452608,244
67,-14.607329842931941,-72.5,0.2367,87.7282134179342,44.6981832342135,25.11734203052133,95.80627101870839,0.4964918142332108,2286
68,-13.664921465968591,-72.5,0.2367,294.1157124774904,73.9046956342645,44.2348240310782,190.22236317356584,0.325942294016052,10759
69,-12.72251308900524,-72.5,0.2367,346.4604645725825,87.14529870747356,59.509155696104756,158.05912441933808,0.328059125311119,10462
70,-11.780104712041888,-72.5,0.2367,238.25432650294374,108.973620654142,68.95708023899319,89.93927722494035,0.39715090795241076,4671
71,-10.837696335078537,-72.5,0.2367,187.20566997347873,115.23991105001187,67.61121107264535,76.15854835897312,0.39187693669765383,3246
72,-9.895287958115185,-72.5,0.2367,164.83395525709966,115.33697915438097,64.984257016241,80.7183173543521,0.38691665153441074,3452
73,-8.952879581151834,-72.5,0.2367,151.8822481879647,116.01379486382939,65.65978069770411,76.26030141379204,0.3856380531787653,3015
74,-8.010471204188482,-72.5,0.2367,161.71371007771313,119.02932318218518,69.278748761063,70.20312951177627,0.3767797976179815,2677
75,-7.0680628272251305,-72.5,0.2367,175.23164295451124,115.17721794778481,70.09508417427347,68.3539643552169,0.38171506352087115,2541
76,-6.12565445026178,-72.5,0.2367,191.16646846020672,113.49891957070213,70.55928452651628,70.41248338000668,0.3504933051444679,3406
77,-5.183246073298429,-72.5,0.2367,213.53889127003526,112.5938887882512,72.00492733250286,73.67664123626803,0.335444610034774,3816
78,-4.2408376963350785,-72.5,0.2367,228.83756451775616,112.68392012512777,72.19938140028748,73.90884309098071,0.3368417784401391,3531
79,-3.298429319371728,-72.5,0.2367,212.2271756215514,112.4260217207484,73.30959514451929,68.31883778924116,0.3469607315761162,2903
80,-2.356020942408377,-72.5,0.2367,204.11911376392482,111.67451781628188,73.99151546476018,63.05977918729213,0.361066909146018,2318
81,-1.4136125654450262,-72.5,0.2367,199.5388409031039,111.77357535489136,73.25268358163666,58.31492037330564,0.37649085608269284,1794
82,-0.4712041884816754,-72.5,0.2367,185.61457479466645,110.67549592349678,70.42867981986461,44.09078273374,0.405670971364402,1129
83,0.4712041884816754,-72.5,0.2367,188.4086155695049,109.81166869634762,68.29414257437195,33.267620475480015,0.4181986603961807,703
84,1.4136125654450262,-72.5,0.2367,195.58226607664557,112.17776719888207,67.75533432326749,20.478415175818636,0.439270853972657,365
85,-14.607329842931941,-71.25,0.2367,140.12918420691497,64.08395846636267,31.59032928320945,239.7824204517889,0.29404367690824496,12072
86,-13.664921465968591,-71.25,0.2367,354.9859899972609,80.55191004619701,43.794263965104165,232.9583149245838,0.2654613712704999,13897
87,-12.72251308900524,-71.25,0.2367,326.8091036061287,96.06374188122572,55.09304452870527,145.27612355941656,0.3175852358443126,9828
88,-11.780104712041888,-71.25,0.2367,213.4857191925148,112.49613750638673,58.30561252356198,77.27564696509339,0.40711864406779663,3008
89,-10.837696335078537,-71.25,0.2367,165.42340707785962,111.05017628346104,55.67708293397697,76.53785333766196,0.392257360959651,2921
90,-9.895287958115185,-71.25,0.2367,158.16700507746418,112.4640211390215,56.894795986414834,77.8119958519102,0.37282822855095826,3262
91,-8.952879581151834,-71.25,0.2367,159.19578880050267,114.49906973575708,61.07363930466524,69.53502200697943,0.3768692484662577,2603
92,-8.010471204188482,-71.25,0.2367,169.83467969246718,116.0236173280282,63.72227566096633,64.43335424738945,0.37323876162177705,2173
93,-7.0680628272251305,-71.25,0.2367,178.0989334652982,113.00122753134929,66.19487693636142,65.25553881369686,0.3524067956583294,2691
94,-6.12565445026178,-71.25,0.2367,184.8782200149958,111.79611585102975,67.87290900828043,64.63598209127412,0.34521833273186575,2910
95,-5.183246073298429,-71.25,0.2367,205.6961550254755,109.87877187668346,69.69022319109892,69.09588934121703,0.3366246589580356,3168
96,-4.2408376963350785,-71.25,0.2367,214.23393134942899,110.18185245338827,71.78439611952348,67.00630854264938,0.34403014161361567,2976
97,-3.298429319371728,-71.25,0.2367,200.46287510017464,108.73156700923573,72.46789895184354,61.3986425808337,0.34873598440002784,2490
98,-2.356020942408377,-71.25,0.2367,207.21514781761698,110.36253283149563,74.90195872991957,60.73235154392184,0.3516260162601626,2140
99,-1.4136125654450262,-71.25,0.2367,202.5471475971365,111.16161395853851,74.52777024847704,56.587453621695445,0.3684624296590533,1682
100,-0.4712041884816754,-71.25,0.2367,199.80567357837572,109.48765060747974,73.07250629173194,46.99617377616971,0.3914965986394558,1178
101,0.4712041884816754,-71.25,0.2367,193.28833964029099,108.64652935881168,72.33808133820752,35.209583611141795,0.4052878965922444,674
102,1.4136125654450262,-71.25,0.2367,202.7956130754619,109.5102600735845,69.97167004791812,23.487692503656834,0.41805280024416297,412
103,-13.664921465968591,-70.0,0.2367,351.19423473389475,77.80496431631036,31.784792947711644,174.7297999464575,0.2747235753498802,12190
104,-12.72251308900524,-70.0,0.2367,257.17377813111443,109.51075266231783,50.034215364383726,99.49313469293156,0.3700460085559771,6157
105,-11.780104712041888,-70.0,0.2367,161.76179419936645,109.21404196531512,48.96070265211924,73.3214794653061,0.4009471718249733,3064
106,-10.837696335078537,-70.0,0.2367,153.81262155445285,108.26459607254947,48.90032085693915,79.25719971172553,0.37152707361589943,3420
107,-9.895287958115185,-70.0,0.2367,163.85606711103776,113.66255812783493,53.25823894558737,74.70231480251721,0.3500915671056074,3258
108,-8.952879581151834,-70.0,0.2367,168.2432110827108,113.16212095494848,56.07199834615085,64.45412264705566,0.3626356427378965,2205
109,-8.010471204188482,-70.0,0.2367,170.32975894282782,113.36742858518846,59.650777259389706,60.00730449882268,0.36084325959538666,2254
110,-7.0680628272251305,-70.0,0.2367,168.73959949619845,111.83462931832764,63.49484618113958,58.15684195753462,0.3503184713375796,2197
111,-6.12565445026178,-70.0,0.2367,167.09057847446672,110.31450666370802,65.48143028742638,56.7244608448311,0.3536908308507117,2225
112,-5.183246073298429,-70.0,0.2367,179.3408855303676,108.34276137698907,67.48275322932075,59.05453456699056,0.34545992309967466,2323
113,-4.2408376963350785,-70.0,0.2367,184.98918379173574,108.65796227997635,71.95703789132448,56.893621514839836,0.3438775510204082,2358
114,-3.298429319371728,-70.0,0.2367,200.0456558581027,106.64972856495297,72.13343370952896,60.653229511350894,0.3511213383008255,2076
115,-2.356020942408377,-70.0,0.2367,214.65674239204418,107.95890135574155,73.46459459689956,58.90504595213488,0.3438639961456397,2018
116,-1.4136125654450262,-70.0,0.2367,213.47307476379342,109.00309754710179,74.83070872163405,53.61578003824227,0.360877472152762,1499
117,-0.4712041884816754,-70.0,0.2367,223.33357919033716,108.24462039163336,75.0348632748604,50.267855179039,0.38042720139494335,1093
118,0.4712041884816754,-70.0,0.2367,237.98298087327558,108.48385260149371,74.22588611256707,42.538137852115156,0.3986013986013986,729
119,1.4136125654450262,-70.0,0.2367,227.93705242018933,107.59429622936295,71.4692258084783,29.487248980029335,0.4244178035000689,375
120,-15.549738219895294,-68.75,0.2367,247.69908127964572,93.08224448526744,24.964904968883012,169.65599439565386,0.29455081001472755,10071
121,-14.607329842931941,-68.75,0.2367,267.25254840099836,84.25037155364407,32.734518883304965,134.5717117736278,0.32350485000321194,8492
122,-13.664921465968591,-68.75,0.2367,278.9516528712569,100.91347002686234,40.43612697688439,119.11431056598218,0.3199180281209085,8793
123,-12.72251308900524,-68.75,0.2367,181.88376938355472,109.8239172657486,42.97006635344328,84.16696164646035,0.36271081859317156,4313
124,-11.780104712041888,-68.75,0.2367,140.76052041087024,103.57403593836352,40.92787476689976,78.1073264828911,0.3611682435211847,3784
125,-10.837696335078537,-68.75,0.2367,150.95378352754418,111.76470072678057,44.89093533530835,75.11464810299155,0.34570900962192636,3484
126,-9.895287958115185,-68.75,0.2367,161.65239666643572,114.7556841687765,49.41058778661982,69.3864724453351,0.34551815047657675,2865
127,-8.952879581151834,-68.75,0.2367,163.9707328634202,114.04033793223789,52.94130696227164,62.49351517401658,0.3457324707846411,2423
128,-8.010471204188482,-68.75,0.2367,163.59311405026318,111.96815489034634,56.454640754585114,56.86397359329881,0.34579391197038256,1980
129,-7.0680628272251305,-68.75,0.2367,164.4118156197237,111.1498731438769,60.889815420295854,53.594813304961505,0.34469278881530535,1920
130,-6.12565445026178,-68.75,0.2367,164.8756322374919,109.4352477818029,64.59358015572232,53.789438827207405,0.34276008492569005,1958
131,-5.183246073298429,-68.75,0.2367,175.09779432048788,108.35637194802985,66.9954411270976,55.59363764102021,0.3407934131736527,2011
132,-4.2408376963350785,-68.75,0.2367,182.7236419364317,105.96973666950362,68.7286275012259,57.314129014528504,0.33932391955498503,2018
133,-3.298429319371728,-68.75,0.2367,192.57363312189455,107.93178140942473,73.31530763499576,58.49116146531547,0.34941520467836257,1867
134,-2.356020942408377,-68.75,0.2367,217.04645718297485,106.53699297836283,74.37777979043865,57.98982932095453,0.3498942917547569,1665
135,-1.4136125654450262,-68.75,0.2367,241.86566881940507,109.44264951569494,77.54842127860654,57.713622049470175,0.3420415573935848,1472
136,-0.4712041884816754,-68.75,0.2367,260.36653959700743,109.79085563973058,78.78584889061173,56.15210164677293,0.36503485904819644,1088
137,0.4712041884816754,-68.75,0.2367,280.8532781499399,109.31934653111966,77.42344013551255,49.70531967025586,0.3859243125510482,758
138,1.4136125654450262,-68.75,0.2367,303.8475064156005,108.30454269598704,74.97626196670356,42.144572455974846,0.41855454321595664,418
139,2.356020942408377,-68.75,0.2367,311.7680218100264,104.88034670735942,66.20707502307043,29.024447764276044,0.44536796536796536,215
140,-16.492146596858646,-67.5,0.2367,241.07071949724136,88.89731641538674,14.771769310247084,118.48754686043932,0.3753484426130166,5523
141,-15.549738219895294,-67.5,0.2367,247.89708971049646,93.8541241310304,26.909585451007562,110.82838547332057,0.3591009297421643,6388
142,-14.607329842931941,-67.5,0.2367,172.97584687593024,105.26265756430803,33.524260302063425,67.29509408025326,0.42785158039395327,2463
143,-13.664921465968591,-67.5,0.2367,149.55518634305568,110.71442383923568,35.73246453217916,67.59912938864618,0.3869638223172035,2828
144,-12.72251308900524,-67.5,0.2367,136.30344207563337,95.80953528347891,31.277440972350767,72.5381610412908,0.3675366243998523,3167
145,-11.780104712041888,-67.5,0.2367,126.20225696736938,98.74024291959358,32.60452744597486,66.02473393734257,0.36406779661016947,2629
146,-10.837696335078537,-67.5,0.2367,134.63137605461742,113.70891813305207,40.578402107541535,61.81307272048975,0.34885072314049587,2113
147,-9.895287958115185,-67.5,0.2367,149.94805565684763,112.77005249401554,44.85889024296076,61.39505536908773,0.3280893752849977,2243
148,-8.952879581151834,-67.5,0.2367,153.8274430045113,113.33240163337905,49.52103298558919,57.85622320494172,0.32933171055543264,2065
149,-8.010471204188482,-67.5,0.2367,155.3737840382331,112.28850495099323,54.262652466243594,54.20572575358868,0.3287286969408278,1857
150,-7.0680628272251305,-67.5,0.2367,157.02357069683202,110.26569555688184,58.386880375574805,49.52110227825585,0.34180163014713666,1564
151,-6.12565445026178,-67.5,0.2367,159.94003744999839,107.16506086173467,60.914649643028326,48.736570079048626,0.3453613187655741,1590
152,-5.183246073298429,-67.5,0.2367,171.35033109143112,107.00566605955828,66.14949707653547,51.40810467951252,0.3391748366013072,1681
153,-4.2408376963350785,-67.5,0.2367,180.925382629527,106.44389413995668,69.07878915197452,52.64354964208403,0.3316131360519668,1771
154,-3.298429319371728,-67.5,0.2367,187.63281918530083,108.89546188758686,74.18041214862743,54.649353244055625,0.33875338753387535,1546
155,-2.356020942408377,-67.5,0.2367,225.94463933770385,107.86481113987975,76.65949451342449,59.87682894531564,0.3519614288845058,1361
156,-1.4136125654450262,-67.5,0.2367,257.31495506875035,108.7781986274058,79.54872639838437,60.38630014513507,0.3522555034283652,1126
157,-0.4712041884816754,-67.5,0.2367,286.24851830730904,109.1973530407995,80.09641479012456,60.8317874110833,0.37029987569919204,1020
158,0.4712041884816754,-67.5,0.2367,306.9219511589472,108.63566224754322,79.88381090590437,54.38806610766541,0.3932842686292548,712
159,1.4136125654450262,-67.5,0.2367,349.08249404614025,107.40804184111767,78.48495212403783,49.93944216326534,0.4095781071835804,470
160,2.356020942408377,-67.5,0.2367,380.94233358469444,106.39583765587304,71.00431623699323,38.42540916444024,0.4435302269184133,238
161,-18.376963350785346,-66.25,0.2367,121.98769574293719,72.83201469061169,6.347573125033822,59.828391846300406,0.5241874527588813,1277
162,-17.434554973821996,-66.25,0.2367,168.88096735632047,89.86027012753766,12.79130088261872,75.27409724148393,0.4295890410958904,2882
163,-16.492146596858646,-66.25,0.2367,232.2439569658236,92.08667813159991,21.306414932189796,110.01457944973811,0.3401639344262295,5961
164,-15.549738219895294,-66.25,0.2367,159.30834033898583,109.65203150524758,28.461326921979992,69.5894615247048,0.4098116947472745,2814
165,-14.607329842931941,-66.25,0.2367,123.0546283985379,103.31400827388279,26.709727972315886,60.2722039411854,0.4096615108720018,1954
166,-13.664921465968591,-66.25,0.2367,119.99553129346175,69.07062698708614,18.22254040425978,58.55491478476495,0.40315993121238175,1992
167,-12.72251308900524,-66.25,0.2367,126.07702802575811,93.42825699190143,26.55034785431648,62.595182525402606,0.367601246105919,2168
168,-11.780104712041888,-66.25,0.2367,122.20145364704459,105.46876425447408,31.893270731165977,57.46344653303415,0.3602860286028603,1617
169,-10.837696335078537,-66.25,0.2367,126.86360150579563,115.25488292332739,38.66410821101852,55.79606428257128,0.34030168880144285,1626
170,-9.895287958115185,-66.25,0.2367,142.25413719037158,113.1395744002657,43.511214298441324,56.73253859374064,0.31602694458566344,2017
171,-8.952879581151834,-66.25,0.2367,153.1026225694828,112.9940508044092,48.653057941766754,55.370144327412206,0.305676342695969,1841
172,-8.010471204188482,-66.25,0.2367,151.54175099226524,111.02572517702356,52.869380783907694,50.3704245076375,0.3265791119449656,1616
173,-7.0680628272251305,-66.25,0.2367,158.01253174703888,106.85744178306777,55.348952336138396,46.22329063749863,0.3506736027744431,1393
174,-6.12565445026178,-66.25,0.2367,166.11217252468427,106.88039456668776,59.21570687059915,48.384084153605315,0.32183247076864097,1541
175,-5.183246073298429,-66.25,0.2367,175.2950129619369,106.63130562767037,64.7793293897662,50.06019259220933,0.3387878787878788,1475
176,-4.2408376963350785,-66.25,0.2367,179.22528522748863,107.36998894106364,69.33915193110879,48.33778200095434,0.3350297914597815,1433
177,-3.298429319371728,-66.25,0.2367,188.8632406151831,105.90739078237675,72.354579643051,51.10736178662361,0.343172285226037,1306
178,-2.356020942408377,-66.25,0.2367,219.5941096575882,109.6529098841711,78.00417092305145,53.57052215729817,0.3566490601211745,1091
179,-1.4136125654450262,-66.25,0.2367,240.0643047080996,108.01047507236945,80.46990647257259,50.135119014680846,0.37132198843155334,869
180,-0.4712041884816754,-66.25,0.2367,258.19614950582377,108.42785588814877,80.80801622926028,48.89133537685889,0.3735480943738657,713
181,0.4712041884816754,-66.25,0.2367,290.4722256083312,105.56234633055283,79.37434861887004,50.73837951189273,0.3966758416260851,578
182,1.4136125654450262,-66.25,0.2367,309.33449730072425,105.41315110749565,76.94981600811876,43.30004664221044,0.4161159125571937,378
183,2.356020942408377,-66.25,0.2367,319.3307277895599,106.16731104324572,70.72456702692769,33.56526778789895,0.4446001494768311,190
184,-18.376963350785346,-65.0,0.2367,140.84850471377888,85.44136641692603,9.235665268703253,55.76976198654173,0.49284199363732767,1620
185,-17.434554973821996,-65.0,0.2367,157.4882008503956,97.78773999219993,17.39191208542701,76.44264821648301,0.4059960465627059,3189
186,-16.492146596858646,-65.0,0.2367,140.99874945719145,111.16260528098792,23.026883622456207,69.06258180067309,0.38969873663751214,2824
187,-15.549738219895294,-65.0,0.2367,116.40262605418937,84.03405396093149,17.905618493818587,55.76879920146849,0.4132762312633833,1861
188,-14.607329842931941,-65.0,0.2367,112.99548317313754,95.93441164295655,21.079739423607,56.58472908359283,0.3876528117359413,1710
189,-13.664921465968591,-65.0,0.2367,114.44016102294616,80.23989630688448,19.04957756369648,52.973550537066345,0.3958958958958959,1321
190,-12.72251308900524,-65.0,0.2367,115.70363012195928,86.92749882233329,22.677188032057327,51.842589950358644,0.39263920671243324,1056
191,-11.780104712041888,-65.0,0.2367,113.33873086962743,104.13730187457986,29.937171257662044,47.084802233863144,0.3685379004123057,924
192,-10.837696335078537,-65.0,0.2367,138.88401456433118,115.60526268964168,37.86900300666744,53.06003594519692,0.31485078580257814,1505
193,-9.895287958115185,-65.0,0.2367,160.10761000360637,115.47654540161602,43.300142639823704,59.9243244259422,0.30169634095051173,1871
194,-8.952879581151834,-65.0,0.2367,168.33806295706967,113.840748774237,48.664775434289766,54.532871886311426,0.2931122124793493,1887
195,-8.010471204188482,-65.0,0.2367,164.3534012217945,111.93225142196752,52.92370564056438,50.19116891339705,0.29715595252086024,1830
196,-7.0680628272251305,-65.0,0.2367,162.5659745880345,109.46874724962981,56.227308189876304,45.98787393902296,0.31359271115488796,1535
197,-6.12565445026178,-65.0,0.2367,168.0021051560783,108.60634659358766,60.21406376214419,45.34711723784276,0.310204297660633,1469
198,-5.183246073298429,-65.0,0.2367,169.06072157389445,107.08088738290826,64.62890141432146,46.68022736343459,0.31886141460609546,1328
199,-4.2408376963350785,-65.0,0.2367,188.7030992578916,107.24622762092622,69.39233005206964,49.34051422687675,0.32369426751592356,1277
200,-3.298429319371728,-65.0,0.2367,189.8781806768389,109.29781660961453,74.68327996859325,46.364421355217104,0.34160449325173947,1069
201,-2.356020942408377,-65.0,0.2367,205.2746130950094,111.54279960785061,80.11789851367399,43.109984984616986,0.34868727668168403,853
202,-1.4136125654450262,-65.0,0.2367,228.9642818947444,108.72927869466366,79.31056908774904,41.24566637255365,0.37715345878611184,633
203,-0.4712041884816754,-65.0,0.2367,230.1243567192148,109.72786029393319,82.41391112883176,36.74760557296089,0.38756073858114676,485
204,0.4712041884816754,-65.0,0.2367,253.63289427755717,106.54520562209655,81.31840069184824,37.42884528091065,0.3976455199476782,341
205,1.4136125654450262,-65.0,0.2367,236.08086856595037,105.10977102181641,77.61447406682456,27.230099909063973,0.42841344736066056,211
206,-20.261780104712045,-63.75,0.2367,186.28330625225425,105.58736774954014,0.0,75.49709534819948,0.34847374847374846,2945
207,-19.319371727748695,-63.75,0.2367,147.97689228594285,103.8975576980738,16.08863786117823,69.86403236137316,0.39679276315789475,2531
208,-18.376963350785346,-63.75,0.2367,110.4696983286475,94.0829828713322,16.900436734116898,49.861765754477176,0.4763496143958869,1370
209,-17.434554973821996,-63.75,0.2367,111.20185175499992,108.23042202391662,18.780927149865658,51.63407957136559,0.43685616177031666,1401
210,-16.492146596858646,-63.75,0.2367,104.46958257714489,97.97678234812338,17.129570295172204,52.67057538465095,0.4113818424566088,1485
211,-15.549738219895294,-63.75,0.2367,105.20283677148184,87.0893618959235,16.982487880462344,56.44374004261145,0.3731665228645384,1827
212,-14.607329842931941,-63.75,0.2367,107.32265303384648,92.68009459075984,19.309345937617152,49.466652360472445,0.4134328358208955,1004
213,-13.664921465968591,-63.75,0.2367,115.93540727893848,102.298647594871,23.559125949553714,50.34670391390135,0.3963011889035667,1040
214,-12.72251308900524,-63.75,0.2367,112.70593355174734,99.57555784319993,26.228878066877197,46.9865557274786,0.40255668113844667,840
215,-11.780104712041888,-63.75,0.2367,119.89929549471034,95.37598746595904,28.008638175003853,44.968489005015,0.40145361265498075,954
216,-10.837696335078537,-63.75,0.2367,148.17155858464247,89.10929558936914,30.088061415179027,55.27444109836763,0.35977482088024565,1701
217,-9.895287958115185,-63.75,0.2367,170.47379161016963,88.71250632204465,34.24549523742043,61.70188198241262,0.33747300215982723,2386
218,-8.952879581151834,-63.75,0.2367,176.69864928812962,113.30935070291162,48.08822424391432,55.839464656951115,0.2979178157749586,2046
219,-8.010471204188482,-63.75,0.2367,169.12189252823558,110.63785410864512,52.0351158541525,49.21632868826142,0.30493205069476254,1628
220,-7.0680628272251305,-63.75,0.2367,168.7686367693417,107.99334255396388,54.689580528787516,48.25634630829522,0.3239935587761675,1429
221,-6.12565445026178,-63.75,0.2367,167.15320813478215,107.7239758358337,59.31362481548117,43.85925865567537,0.32702551163442667,1212
222,-5.183246073298429,-63.75,0.2367,172.00136683402002,107.4249121840694,64.29275065417255,42.38507465541189,0.328125,1102
223,-4.2408376963350785,-63.75,0.2367,180.06610359626183,109.97121218824759,71.08883038243354,44.57097909675406,0.3228868194842407,1012
224,-3.298429319371728,-63.75,0.2367,194.5130461359742,108.84487291623373,73.35130206133567,42.650253506340604,0.34702419280654956,860
225,-2.356020942408377,-63.75,0.2367,216.2311656063563,106.44431971537415,74.5886655349332,40.82343940521616,0.36714314679643145,698
226,-1.4136125654450262,-63.75,0.2367,228.85267026508663,107.065214337199,79.270459904836,37.92172956529206,0.3815354713313897,484
227,-0.4712041884816754,-63.75,0.2367,233.16637337874545,109.38300951122073,81.43589638213514,34.50025730468249,0.3914233576642336,367
228,0.4712041884816754,-63.75,0.2367,218.41140575975768,106.39316302462248,80.77235505551381,27.090323785522795,0.4189972467758296,209
229,1.4136125654450262,-63.75,0.2367,193.10065772893864,108.78616293368395,80.95206935588129,21.32877109088878,0.42210759027266026,106
230,3.298429319371728,-63.75,0.2367,134.56054793254893,105.31181858939817,55.312335657795266,12.282621893136929,0.48046532045654083,26
231,-19.319371727748695,-62.5,0.2367,104.82576452749124,77.44641844154103,10.438699915919962,38.88744599097627,0.47815985130111527,810
232,-18.376963350785346,-62.5,0.2367,85.80015536632285,81.66645213786978,11.403565203934653,40.56383108809119,0.48687448728465954,850
233,-17.434554973821996,-62.5,0.2367,87.48579947212814,102.54563731898088,14.282065850098975,41.452682587828804,0.47333880229696473,798
234,-16.492146596858646,-62.5,0.2367,101.20495469537073,92.40823148516938,14.899639361112165,49.60984408903962,0.41784037558685444,993
235,-15.549738219895294,-62.5,0.2367,110.39776478816297,79.02502147284395,14.131999967553606,47.883285521756264,0.42388929351784416,864
236,-14.607329842931941,-62.5,0.2367,117.97287264798179,81.92132526586647,16.801161224575537,49.34890446580012,0.4065321295804567,1077
237,-13.664921465968591,-62.5,0.2367,128.25059963334039,99.06857826747,23.09473127893377,50.45328019442135,0.4078529278256922,1154
238,-12.72251308900524,-62.5,0.2367,135.89418620703844,106.48563103575725,28.38178125097463,50.692417753387886,0.4180746561886051,1170
239,-11.780104712041888,-62.5,0.2367,147.6857214103556,91.3968250907783,27.181570088722562,50.28236269130816,0.42697290930506476,1242
240,-10.837696335078537,-62.5,0.2367,161.60459924348405,85.998754468892,29.61603597041561,55.28466334943596,0.3758604864616797,1944
241,-9.895287958115185,-62.5,0.2367,182.0518778992548,81.10722815443296,31.344046773294217,57.42208650502934,0.36580334632133854,1919
242,-8.952879581151834,-62.5,0.2367,176.05304235953128,112.56897237617522,47.52536489779318,53.332881661136156,0.3312938635954652,1598
243,-8.010471204188482,-62.5,0.2367,176.50697763036652,111.39618519111536,52.51283183223497,49.985508321178756,0.3391329704510109,1361
244,-7.0680628272251305,-62.5,0.2367,182.24932985227377,108.42258720978862,55.22658808371197,49.30244763082227,0.3260370697263901,1299
245,-6.12565445026178,-62.5,0.2367,173.54996353267555,107.6766033936292,59.27589396644434,44.66857333113331,0.33698979591836736,1078
246,-5.183246073298429,-62.5,0.2367,170.25607465043214,107.0967282683705,64.43319056012629,42.44141562983489,0.335240590100648,1055
247,-4.2408376963350785,-62.5,0.2367,189.82190215264282,110.98613736714469,71.28425015726636,46.16467873562521,0.31883137503969516,905
248,-3.298429319371728,-62.5,0.2367,212.1302070349384,110.05962264054688,73.51541285398999,45.709595408489385,0.338655627833629,809
249,-2.356020942408377,-62.5,0.2367,237.5098101628051,107.24365986679913,75.1112089465297,43.36661324938714,0.3557576969212315,657
250,-1.4136125654450262,-62.5,0.2367,255.03115361347878,110.42643667606171,79.7531951019912,39.8661947036972,0.3734632683658171,415
251,-0.4712041884816754,-62.5,0.2367,235.3985578974773,108.02821439603576,79.77378833438567,31.51249252317841,0.39128532133033256,242
252,0.4712041884816754,-62.5,0.2367,218.46319593231527,107.33490677084774,80.90747160134414,24.62127724159277,0.40442278860569714,118
253,1.4136125654450262,-62.5,0.2367,180.9408857057565,109.3485230114311,81.52602042322708,17.781213567956513,0.42063882063882063,57
254,2.356020942408377,-62.5,0.2367,157.66974155561974,109.46719026658684,76.38999356518154,13.381845812871612,0.4341328764515515,35
255,3.298429319371728,-62.5,0.2367,116.70139940715994,107.45745509339031,61.78215105519602,8.753635052387713,0.45829276209023045,19
256,-18.376963350785346,-61.25,0.2367,92.62983339121587,72.63589101508842,7.971512139837248,45.8120106971688,0.4450596252129472,1024
257,-17.434554973821996,-61.25,0.2367,92.03149566234168,79.15928720292868,9.341549329603414,45.07079308720937,0.44109461966604824,900
258,-16.492146596858646,-61.25,0.2367,106.7974922695236,73.20045303975348,9.677633399035836,45.9536065595856,0.4249031007751938,804
259,-15.549738219895294,-61.25,0.2367,121.84067328919869,75.60666808392853,11.986013499443185,47.36165839936031,0.4091205211726384,1175
260,-14.607329842931941,-61.25,0.2367,135.1441155925246,97.51082501927158,18.04007658914858,48.20777384294763,0.43981209630064594,1186
261,-13.664921465968591,-61.25,0.2367,146.83571112975392,105.11372228502296,23.210931452177103,51.316488766995924,0.4418446160835984,1272
262,-12.72251308900524,-61.25,0.2367,156.05715414546822,110.15005924768047,28.26476727960796,49.98328573773246,0.448565965583174,1213
263,-11.780104712041888,-61.25,0.2367,163.44298806678106,84.12340632436099,25.883711192029665,48.003077558221435,0.43701226309921964,1227
264,-10.837696335078537,-61.25,0.2367,167.2238216597288,92.65106002065295,32.986238011007735,49.900325216941354,0.4075067024128686,1514
265,-9.895287958115185,-61.25,0.2367,159.82850375935294,92.01083390777058,37.27745442879701,45.51634200861124,0.4075189939743254,1330
266,-8.952879581151834,-61.25,0.2367,174.157304876211,109.68294153077295,48.32269884253499,48.14169782542658,0.3611930860033727,1293
267,-8.010471204188482,-61.25,0.2367,184.28967406015653,111.08446232479764,53.75101834712575,49.13348751645765,0.3501144164759725,1292
268,-7.0680628272251305,-61.25,0.2367,185.89798853264656,109.92486033181194,57.18090524333857,48.54438284930445,0.34671115347950426,1168
269,-6.12565445026178,-61.25,0.2367,181.7213803379582,110.05256783100776,61.30124655699091,43.3552275056346,0.3524175601861218,904
270,-5.183246073298429,-61.25,0.2367,176.74628544066059,108.468373932119,64.05242526923809,40.223444956561615,0.36555621653777515,760
271,-4.2408376963350785,-61.25,0.2367,190.9799286344201,109.82307409081841,69.82666744691991,41.744366526882324,0.3394925537782681,799
272,-3.298429319371728,-61.25,0.2367,218.75339881692116,112.34009801410139,75.81562131634972,41.30114372241152,0.32878625134264233,622
273,-2.356020942408377,-61.25,0.2367,229.3064398299442,108.24786215292988,76.27588126014358,37.54733097978197,0.3497473329590118,494
274,-1.4136125654450262,-61.25,0.2367,247.29051525501464,107.95397656853311,78.83702289800868,35.11629748761703,0.35798365122615805,395
275,-0.4712041884816754,-61.25,0.2367,245.94154175228672,107.22392288938863,79.56802565903588,30.11913236534301,0.3860005605381166,259
276,0.4712041884816754,-61.25,0.2367,210.88248653339852,107.03237248468213,80.55014254890068,21.236486016363425,0.40514416775884665,78
277,1.4136125654450262,-61.25,0.2367,164.19023339988104,111.84628740360495,82.96213847458552,12.406136899230846,0.4152627189324437,34
278,2.356020942408377,-61.25,0.2367,124.16923422036128,108.14235670433845,77.8606971789656,6.932361907939203,0.43646118241110876,13
279,3.298429319371728,-61.25,0.2367,74.40256390689908,105.46025885181734,67.0987178609325,3.2517404876431923,0.4326383319967923,13
280,4.2408376963350785,-61.25,0.2367,43.78404145810454,93.4759457356995,47.1994547814149,1.632530119969924,0.48071303331385157,6
281,-15.549738219895294,-60.0,0.2367,139.84911476560677,80.14851191081107,9.976272805605955,48.81693081979675,0.410582908885116,1414
282,-14.607329842931941,-60.0,0.2367,138.83155396358794,94.35859085671837,15.600791191682848,47.022887581224616,0.46592244418331374,1171
283,-13.664921465968591,-60.0,0.2367,154.02638783938147,103.60861033812398,21.30688173884608,48.875910980033964,0.48909574468085104,1156
284,-12.72251308900524,-60.0,0.2367,168.9939334786637,99.90594989008969,25.818293438764858,50.78623596940628,0.4569789674952199,1323
285,-11.780104712041888,-60.0,0.2367,178.66079983309177,105.78871562989661,33.82012236080286,52.66918474995437,0.41474358974358977,1667
286,-10.837696335078537,-60.0,0.2367,176.79869174400636,98.61322378026671,36.730424562738385,48.504136977386395,0.4252945600401103,1560
287,-9.895287958115185,-60.0,0.2367,164.83257870939036,93.43280633009272,39.53428267168802,44.580898467424525,0.4071106659989985,1293
288,-8.952879581151834,-60.0,0.2367,173.6618849024605,101.45494884025538,46.77419497144689,45.730338211753114,0.3832077502691066,1196
289,-8.010471204188482,-60.0,0.2367,179.2391843289367,111.17139779264107,54.217234059824875,45.08888104980879,0.3857990767201583,994
290,-7.0680628272251305,-60.0,0.2367,194.5128836249668,112.24376382655464,58.919178775798535,43.97973442826488,0.36945054945054945,866
291,-6.12565445026178,-60.0,0.2367,184.98991401399263,109.78516426985152,60.90031370913293,40.59216313056679,0.3741403026134801,742
292,-5.183246073298429,-60.0,0.2367,179.6193345948359,109.78382178756874,65.43936819821619,38.27688400021207,0.36591783039870474,768
293,-4.2408376963350785,-60.0,0.2367,189.44677535376348,110.65093752346002,69.83287082545387,38.66043010501376,0.35145803125503466,715
294,-3.298429319371728,-60.0,0.2367,216.1465088582829,112.23483700538054,75.31480621337946,37.027943794003214,0.3377463054187192,508
295,-2.356020942408377,-60.0,0.2367,221.48238063325766,103.60296468628803,72.94020413096145,31.40590317318898,0.3619240582320276,359
296,-1.4136125654450262,-60.0,0.2367,236.35358277053555,101.7879631445976,75.34444563981674,31.053082010891792,0.3713286713286713,297
297,-0.4712041884816754,-60.0,0.2367,233.43537871628487,103.27711919584544,77.85023669887474,26.193784394298895,0.3944907328685598,191
298,0.4712041884816754,-60.0,0.2367,193.02321054055744,105.26437338179676,79.30088391817267,16.606037900219647,0.4089243173905076,74
299,1.4136125654450262,-60.0,0.2367,151.37109904423394,106.07892719039228,78.89471581357006,8.416334797953084,0.4083935813789455,17
300,2.356020942408377,-60.0,0.2367,119.22457019765527,103.31900128454436,74.07148162654732,4.03133773737881,0.4219858156028369,3
301,3.298429319371728,-60.0,0.2367,78.57020592972346,99.44099850748898,66.09115607101174,1.8610413225199727,0.4299652499331729,3
302,4.2408376963350785,-60.0,0.2367,69.43661666437833,87.82582905114396,51.63015848597856,1.3397493322282077,0.46726190476190477,3
303,5.183246073298429,-60.0,0.2367,114.14959889714964,97.20912256889278,47.221921235893504,1.4259805557280651,0.47549909255898365,1
304,-13.664921465968591,-58.75,0.2367,165.1549518794112,84.25006247358397,14.706831879864295,48.197785995514764,0.47440849830999515,1441
305,-12.72251308900524,-58.75,0.2367,173.6575998653385,95.40967425753479,23.530312197256162,49.3034579426393,0.4610099622122982,1608
306,-11.780104712041888,-58.75,0.2367,177.81788004099297,96.79663004368194,30.26826057726145,48.63745803165867,0.4704730831973899,1439
307,-10.837696335078537,-58.75,0.2367,187.86091587626277,97.71732010063715,36.254399879338784,49.09154786589874,0.431937829029832,1472
308,-9.895287958115185,-58.75,0.2367,184.83974861843365,113.90644056518795,47.51370321609429,47.32086151802014,0.3992190797804981,1272
309,-8.952879581151834,-58.75,0.2367,186.92690365059747,114.3658963922644,52.91547053011708,45.15779607239883,0.3810377557477325,968
310,-8.010471204188482,-58.75,0.2367,192.5622078881668,111.59394735615933,56.86229859026706,43.7735064689708,0.3858329591378536,786
311,-7.0680628272251305,-58.75,0.2367,194.04686960499888,110.10900494002271,58.7084317812944,39.62746037669897,0.38323353293413176,697
312,-6.12565445026178,-58.75,0.2367,190.15812914825972,108.28496893780539,60.81192296460965,37.19453234191772,0.38428366075706755,626
313,-5.183246073298429,-58.75,0.2367,183.4294192937995,106.84983122191625,63.52163727763145,37.4832796707467,0.39461827284105133,597
314,-4.2408376963350785,-58.75,0.2367,186.18557848817525,106.75580378388986,67.09396009113769,37.50637625582795,0.37405143338954466,533
315,-3.298429319371728,-58.75,0.2367,203.82530279169364,110.34086808969732,72.87398439300813,35.843521509691485,0.34429415422885573,434
316,-2.356020942408377,-58.75,0.2367,193.97751240078972,102.3046265373705,71.71559720136942,27.274837667633534,0.35986303657925506,309
317,-1.4136125654450262,-58.75,0.2367,216.89328460938026,100.02552345948061,74.39787042377695,27.04798727003445,0.3669844020797227,249
318,-0.4712041884816754,-58.75,0.2367,208.00626537397108,101.05209715256933,76.96545759196347,23.258016212316747,0.3880581297388374,140
319,0.4712041884816754,-58.75,0.2367,171.0249399623919,102.3874975705985,78.5801104171635,15.017653278626996,0.40229885057471265,72
320,-13.664921465968591,-57.5,0.2367,163.6731632624168,102.70093061233638,16.08593988534728,49.41802768587433,0.4653401797175867,1606
321,-12.72251308900524,-57.5,0.2367,163.89241631044862,94.9972785708087,21.83060778980337,48.633582787328244,0.48826386078510725,1462
322,-11.780104712041888,-57.5,0.2367,173.4145328745845,91.80825117073255,26.91475640320055,48.79501164705931,0.48532608695652174,1457
323,-10.837696335078537,-57.5,0.2367,188.68503041229746,92.78530178766232,33.717783867330375,49.49516960323825,0.46250369058163565,1381
324,-9.895287958115185,-57.5,0.2367,193.84370462684004,92.51923432806507,38.909358595104436,46.48678908443609,0.4262767710049423,1095
325,-8.952879581151834,-57.5,0.2367,206.75661981899447,111.23675446986454,51.815813260248326,44.7010259609421,0.4028089887640449,909
326,-8.010471204188482,-57.5,0.2367,207.55661913456197,113.67874115996528,58.4048027773283,42.365063132427025,0.38343881856540085,744
327,-7.0680628272251305,-57.5,0.2367,207.1167555251606,110.16875237954082,59.91941251497054,38.763678185274,0.37392833589799956,606
328,-6.12565445026178,-57.5,0.2367,197.32401516911725,110.17288921808358,63.99745808745553,35.29076936563747,0.37104885057471265,473
329,-5.183246073298429,-57.5,0.2367,179.06458973976697,102.31753453728743,61.63830774909438,33.38803547275203,0.39693906206121876,381
330,-4.2408376963350785,-57.5,0.2367,166.4458877266497,102.43914645718178,64.28860481819146,33.23577223489923,0.39696255564283844,375
331,-3.298429319371728,-57.5,0.2367,161.80381264444358,106.68693141429685,69.18542139334966,29.16586284534612,0.3703464600817732,299
332,-2.356020942408377,-57.5,0.2367,173.77696743395836,107.66684093337972,73.84642151924756,25.69575938949831,0.35692412385165023,194
333,-1.4136125654450262,-57.5,0.2367,186.59479772654623,101.79856852046214,74.03578627355782,25.61686305774856,0.3598799223026664,171
334,-0.4712041884816754,-57.5,0.2367,156.8663930540834,101.11235244112322,75.91633089930365,20.013427584552826,0.3687032166700384,125
335,0.4712041884816754,-57.5,0.2367,124.3080310088454,99.86511110473657,75.5672498274043,13.525744119487019,0.3933333333333333,50
336,1.4136125654450262,-57.5,0.2367,98.18628817782012,89.32528470642865,65.55843124621958,5.6656959136033445,0.41222523336344474,8
337,-13.664921465968591,-56.25,0.2367,160.32256844350803,93.95934773550835,13.7529783660377,46.44122767860729,0.5034071550255537,1341
338,-12.72251308900524,-56.25,0.2367,164.60162311452856,95.30536314763594,20.189761085565852,47.91107629060619,0.5130624092888244,1320
339,-11.780104712041888,-56.25,0.2367,176.13630707982293,97.81744659907417,26.361463931620374,48.4255966847077,0.497428204029147,1267
340,-10.837696335078537,-56.25,0.2367,196.37951007065382,116.89223775960272,38.651329133289984,50.20658192067394,0.4508589129822585,1203
341,-9.895287958115185,-56.25,0.2367,203.71295257424376,116.07772839604877,45.7942058184262,46.31761100752073,0.4125641025641026,918
342,-8.952879581151834,-56.25,0.2367,204.02076449520027,105.87095537222922,48.9225627892517,42.640497745029805,0.41040100250626566,706
343,-8.010471204188482,-56.25,0.2367,205.89807249460327,89.08626490610914,45.7782490347227,39.269058817376745,0.427819083023544,622
344,-7.0680628272251305,-56.25,0.2367,203.53403596542927,86.8213125654438,48.626498933375146,36.262930086961305,0.4185432793807178,423
345,-6.12565445026178,-56.25,0.2367,190.21535059477873,83.23619730814244,48.86541890349928,31.52715025298664,0.4250286150324304,325
346,-5.183246073298429,-56.25,0.2367,167.60318920065455,106.1726182809798,64.80379709475412,28.747992180229055,0.38229517396184065,242
347,-4.2408376963350785,-56.25,0.2367,139.80043369094884,104.17812469240744,65.75412851640128,24.368958055555403,0.395906949352179,225
348,-3.298429319371728,-56.25,0.2367,125.6719123398428,100.8242787924246,65.55007107729882,21.12881683721441,0.3877280753384344,179
349,-2.356020942408377,-56.25,0.2367,134.8948183427895,111.80682743608486,76.84975766669601,20.54090119371687,0.34300705033612067,123
350,-1.4136125654450262,-56.25,0.2367,121.12472540448746,102.91795586817898,74.75798452473445,16.806064893152698,0.36562763268744736,85
351,-0.4712041884816754,-56.25,0.2367,82.7808971973197,73.29477554008918,55.27175756885475,10.258330432180612,0.38872043662825956,60
352,0.4712041884816754,-56.25,0.2367,56.131495671430756,73.37458953377791,57.15191097670665,5.555754247566326,0.4144781144781145,7
353,1.4136125654450262,-56.25,0.2367,52.78972334292382,93.97525230247993,69.25555323688944,3.148460781408241,0.40615595075239397,3
354,-14.607329842931941,-55.0,0.2367,154.66562212138984,91.71384910092456,9.096548789907194,41.86650818614858,0.5354368932038835,980
355,-13.664921465968591,-55.0,0.2367,169.28659621780167,92.09907554788515,13.71234624267384,44.717640848584736,0.5196610169491526,1144
356,-12.72251308900524,-55.0,0.2367,159.80625351416955,115.76950643328018,23.297908345579813,42.37005853783059,0.5457596095179987,990
357,-11.780104712041888,-55.0,0.2367,166.66312288003854,113.25392596016172,28.71466332537124,42.02625346459488,0.5256782945736435,924
358,-10.837696335078537,-55.0,0.2367,180.43010312212152,114.46942225273233,36.318552138761625,44.34571556988771,0.48051181102362206,746
359,-9.895287958115185,-55.0,0.2367,189.27123350777103,112.44552929070778,42.737032182771046,42.25097932851631,0.4543478260869565,613
360,-8.952879581151834,-55.0,0.2367,191.04521468506135,92.80682839307701,41.2403915239574,37.95493574651839,0.44679695982627576,489
361,-8.010471204188482,-55.0,0.2367,205.60026263992933,84.70274325089122,42.70787287563022,36.39958915139936,0.43200723327305607,428
362,-7.0680628272251305,-55.0,0.2367,209.13697076105754,82.24370024861855,44.355484302131785,33.0953374827734,0.4341598973920479,289
363,-6.12565445026178,-55.0,0.2367,195.22991136936852,82.52400948862487,48.59427189938629,29.646319645345635,0.4213366542133665,233
364,-5.183246073298429,-55.0,0.2367,154.4263458820805,103.84893625276163,64.11325895897684,24.045620397208822,0.372334455667789,171
365,-4.2408376963350785,-55.0,0.2367,109.32645456604595,86.11903742428694,54.77659564599951,14.963998811555232,0.43644488579940416,97
366,-3.298429319371728,-55.0,0.2367,86.88504081884801,101.84374424919952,66.60181107147956,11.065580428671911,0.39087719298245616,34
367,-2.356020942408377,-55.0,0.2367,88.17028918172818,93.18933342990931,63.983308738259915,8.959981203516806,0.39895330112721417,30
368,-1.4136125654450262,-55.0,0.2367,56.12268558527379,66.5491873613064,49.358552037082724,4.7141017481800915,0.44739756367663347,8
369,-0.4712041884816754,-55.0,0.2367,35.40290840343783,23.848407738321384,18.59251982773417,2.1672581534412023,0.6444444444444445,2
370,0.4712041884816754,-55.0,0.2367,26.243435166646293,21.588151981411556,17.014290457797046,1.2528706411912616,0.6555555555555556,0
371,1.4136125654450262,-55.0,0.2367,26.23339472941574,62.22760151285911,46.68274228992878,1.0102207034307766,0.43452380952380953,0
372,2.356020942408377,-55.0,0.2367,29.913994481875598,35.86023977961304,24.711874068572186,0.7061999228798831,0.5256410256410257,0
373,-14.607329842931941,-53.75,0.2367,153.73782395976852,88.82821632781997,8.011565557744554,35.94615821708141,0.5898791540785498,701
374,-13.664921465968591,-53.75,0.2367,154.49383981280653,111.08982900856063,15.220256451675297,36.95272480077037,0.6115107913669064,599
375,-12.72251308900524,-53.75,0.2367,146.42202346775665,113.68123344553169,21.01993579106596,33.92564026286283,0.6098654708520179,564
376,-11.780104712041888,-53.75,0.2367,151.02807924272378,112.65702087956015,26.634023176295788,34.21904808980703,0.5833333333333334,514
377,-10.837696335078537,-53.75,0.2367,161.9236957786889,111.02780882909428,32.71731603062378,36.22850897180407,0.5611273792093704,390
378,-9.895287958115185,-53.75,0.2367,177.30829172774793,111.3024863525061,39.30042101298295,35.245176893206974,0.484284332688588,339
379,-8.952879581151834,-53.75,0.2367,185.308861079501,110.40197341324529,46.13428515867632,31.13175636095962,0.45154185022026433,247
380,-8.010471204188482,-53.75,0.2367,201.06955956349057,109.5273284232826,52.678683860004526,29.067598243154357,0.41136123812873726,179
381,-7.0680628272251305,-53.75,0.2367,208.54487800637918,84.94189998433285,45.68691862583991,26.05310597150596,0.43038548752834466,171
382,-6.12565445026178,-53.75,0.2367,190.44963486731803,80.78254671192553,47.33422731848303,23.339566355539112,0.43490838958534234,125
383,-5.183246073298429,-53.75,0.2367,141.99795513800387,83.41911968949717,51.92995531267826,17.360737611828387,0.43885313048566416,81
384,-4.2408376963350785,-53.75,0.2367,89.76822945708055,103.68174856732367,65.15344246904617,10.310819973065458,0.3782456140350877,35
385,-3.298429319371728,-53.75,0.2367,62.311631798017665,94.43383111793082,61.31317888646039,6.362847805545211,0.41264266900790164,17
386,-2.356020942408377,-53.75,0.2367,51.53899826685928,84.30161870608572,56.921837434476835,4.359746983787783,0.41836158192090395,9
387,-1.4136125654450262,-53.75,0.2367,33.773730214809135,58.55511313449824,42.213026989055216,2.0625429925811036,0.5126050420168067,3
388,-0.4712041884816754,-53.75,0.2367,21.651232476570694,20.80240367944498,16.273702771554255,1.0057923624868637,0.6428571428571429,0
389,0.4712041884816754,-53.75,0.2367,15.697528153066045,16.676499236291562,13.196680410232457,0.47974086367094637,0.8333333333333334,0
390,1.4136125654450262,-53.75,0.2367,15.966302993335493,29.830866341690125,22.55903295265937,0.34861237457880145,0.5636363636363636,0
391,2.356020942408377,-53.75,0.2367,18.537125786708884,21.849243927119915,15.219423669457226,0.20457781853610396,0.0,0
392,-13.664921465968591,-52.5,0.2367,152.90443832610814,103.98014043574221,11.097857902535912,29.302643675530078,0.6204081632653061,462
393,-12.72251308900524,-52.5,0.2367,152.81491997840251,115.95506287878379,17.448818199007206,27.960333846208805,0.6280193236714976,404
394,-11.780104712041888,-52.5,0.2367,150.9233863093637,113.49407245230395,22.085256536115644,27.3894681297935,0.6322188449848024,297
395,-10.837696335078537,-52.5,0.2367,156.52293059641994,109.18057904520538,26.951364636665886,26.360433796168433,0.5985221674876847,238
396,-9.895287958115185,-52.5,0.2367,164.62518992761866,111.29513588442933,34.79851391789085,25.356068855304898,0.5592808551992225,134
397,-8.952879581151834,-52.5,0.2367,178.47489039824686,110.75213036499918,42.56952948921054,23.151671418883403,0.5150877192982456,98
398,-8.010471204188482,-52.5,0.2367,196.98807092106588,104.80738392841886,47.587557445367544,22.106266707186805,0.4403628117913832,86
399,-7.0680628272251305,-52.5,0.2367,200.66493226082304,105.15378563170088,54.53537440125564,18.358978862502536,0.4099923722349352,68
400,-6.12565445026178,-52.5,0.2367,176.52707404110564,110.4524980194401,62.704273684178006,13.799228341628247,0.3685105067985167,52
401,-5.183246073298429,-52.5,0.2367,123.91646964274837,100.55794182582758,60.24585573371219,11.080843939798527,0.3956960913482653,27
402,-4.2408376963350785,-52.5,0.2367,77.97318080335634,100.60305530321784,62.631891478403325,7.146423678823559,0.384703196347032,18
403,-3.298429319371728,-52.5,0.2367,58.12292971146784,94.80813147907611,60.99654380388973,4.8596624062747,0.3865414710485133,12
404,-2.356020942408377,-52.5,0.2367,41.13184146200124,84.44202331127599,56.29925574984431,2.797615010095641,0.4169751454257007,5
405,-1.4136125654450262,-52.5,0.2367,29.98000034472691,74.62452858046163,51.89878092256149,1.4494084328373826,0.431422351233672,1
406,-0.4712041884816754,-52.5,0.2367,20.25419359070994,35.010172106922255,25.928287323261102,0.8032787949637537,0.6190476190476191,0
407,0.4712041884816754,-52.5,0.2367,14.113236145368257,13.005199157405514,9.761661134769986,0.29910753462332906,0.0,0
408,-8.952879581151834,-51.25,0.2367,171.59634800382673,113.40558182448149,35.92251310638538,15.291717894530581,0.5519618239660657,30
409,-8.010471204188482,-51.25,0.2367,181.71232597891947,112.84153626125772,45.67928024855453,13.374123736934303,0.48586683417085424,29
410,-7.0680628272251305,-51.25,0.2367,181.28987136726187,100.47110198633163,47.60753285791251,10.108123618501962,0.46060606060606063,19
411,-5.183246073298429,-51.25,0.2367,103.41958962801178,55.86761641809062,31.851087986769627,5.571040346408841,0.5264367816091954,6
412,-4.2408376963350785,-51.25,0.2367,71.2666917842673,41.683906844364174,25.743100290312086,4.611972257919229,0.5434782608695652,6
413,-3.298429319371728,-51.25,0.2367,53.465635269484025,97.19434111146256,61.14202809061047,3.3245007791598447,0.3684210526315789,5
414,-2.356020942408377,-51.25,0.2367,40.51997680910905,92.87451497744769,60.77127924779175,1.8182011490236833,0.38490945674044263,1
415,-3.298429319371728,-50.0,0.2367,45.73934860089705,95.96879354445264,58.610808310371844,1.8394655143126717,0.3544144144144144,1
0,-6.12565445026178,-78.75,1.1514,111.83529971591265,68.23287465253088,30.36108050210427,63.654733929947845,0.5111111111111111,31
1,-5.183246073298429,-78.75,1.1514,97.34471517873858,68.56418917173869,31.71432432521763,63.011166442439595,0.4855769230769231,39
2,-4.2408376963350785,-78.75,1.1514,114.85748097388759,80.42734620466945,36.345562070242536,64.93926288605975,0.45185185185185184,47
3,-3.298429319371728,-78.75,1.1514,152.7805073110755,84.2230177600868,38.14970274279381,74.63565514163562,0.4,60
4,-2.356020942408377,-78.75,1.1514,183.76646370632187,101.4556120740599,44.972140640224296,74.40397541525535,0.3764705882352941,75
5,-1.4136125654450262,-78.75,1.1514,207.18933054809668,96.310679805174,40.7983436198482,70.10442705045293,0.46923076923076923,46
6,-8.952879581151834,-77.5,1.1514,238.6940405330021,85.423383773159,37.196708950852184,203.90768714176787,0.29850746268656714,386
7,-8.010471204188482,-77.5,1.1514,177.178383272844,76.53901806887006,39.695055342595786,123.91781891225263,0.40669856459330145,127
8,-7.0680628272251305,-77.5,1.1514,173.82620005680005,83.70060105255106,44.259090737144646,107.11330124158506,0.4142857142857143,91
9,-6.12565445026178,-77.5,1.1514,192.22039393391802,104.22107856196817,54.55314737973321,120.65204874154068,0.29601518026565465,166
10,-5.183246073298429,-77.5,1.1514,176.77699767465083,109.78519423253601,57.07350930021864,84.25558836582304,0.36419753086419754,94
11,-4.2408376963350785,-77.5,1.1514,149.65532253827502,113.71141480340157,59.27096864500548,67.5460838860488,0.39087301587301587,52
12,-3.298429319371728,-77.5,1.1514,154.95311475820063,112.08320245204959,58.11292661283319,57.48794124522315,0.37103174603174605,45
13,-2.356020942408377,-77.5,1.1514,183.19120963766136,110.61541709495941,55.94963025903543,59.37602106241401,0.31438127090301005,84
14,-1.4136125654450262,-77.5,1.1514,230.4785033148134,105.45637042931048,53.2373715778747,70.53234218186908,0.3389423076923077,84
15,-0.4712041884816754,-77.5,1.1514,265.60508889746274,98.81584192364244,49.03190588513937,83.61882605449259,0.35526315789473684,75
16,0.4712041884816754,-77.5,1.1514,278.45487398892146,96.57146665791515,47.82088242313093,61.52921247273146,0.40384615384615385,31
17,-10.837696335078537,-76.25,1.1514,259.4137648960146,80.84131406008964,30.547861940615046,220.48580038610876,0.30514705882352944,437
18,-9.895287958115185,-76.25,1.1514,273.8521208807134,74.07696357811801,34.32618091225332,198.06406168388625,0.27648428405122233,413
19,-8.952879581151834,-76.25,1.1514,362.44500014435744,95.93849689350463,50.224738789400355,237.08752307179313,0.174294670846395,459
20,-8.010471204188482,-76.25,1.1514,230.03497472261643,110.59840423084097,63.732244651309564,113.74409627399004,0.3425925925925926,131
21,-7.0680628272251305,-76.25,1.1514,154.666776565007,102.94499398092739,61.556335638722466,69.58254476978702,0.41830065359477125,23
22,-6.12565445026178,-76.25,1.1514,155.61252751726357,113.78531313239364,68.12309401730273,72.7128983895067,0.3917748917748918,22
23,-5.183246073298429,-76.25,1.1514,155.27942935548708,114.71775802667253,67.94418714621868,76.58827878569156,0.3569230769230769,36
24,-4.2408376963350785,-76.25,1.1514,142.7200684759373,114.86948147794465,66.8419496585539,68.9466920631252,0.36833333333333335,29
25,-3.298429319371728,-76.25,1.1514,156.31229011791902,115.65164831990842,65.85540601867183,60.31170108981409,0.3333333333333333,36
26,-2.356020942408377,-76.25,1.1514,174.52613142023338,116.07286340848077,64.3142826356931,57.550428705575015,0.296551724137931,56
27,-1.4136125654450262,-76.25,1.1514,197.42342869511276,113.62887550494634,63.47961399583407,58.09524931030738,0.2792022792022792,67
28,-0.4712041884816754,-76.25,1.1514,234.46868973514992,115.69311185041443,64.01131029819365,51.783395418874626,0.3142857142857143,47
29,0.4712041884816754,-76.25,1.1514,266.31969994265035,105.53698815550888,58.22235936043438,45.25675538563229,0.3952380952380952,20
30,1.4136125654450262,-76.25,1.1514,255.3899435524977,100.73775853525149,50.9759822927229,38.485952424192746,0.4777777777777778,9
31,-13.664921465968591,-75.0,1.1514,16.663286846887026,14.628998684265753,5.169530976259989,11.153043084406557,0.0,0
32,-12.72251308900524,-75.0,1.1514,123.45744724123702,56.930599751394766,24.57165839532507,132.13198701274268,0.4074074074074074,108
33,-11.780104712041888,-75.0,1.1514,269.0429615698138,73.37212676298805,32.225038984721756,186.57564191289026,0.2522464698331194,395
34,-10.837696335078537,-75.0,1.1514,390.50422291369614,96.1213229392888,48.948763739706045,219.59032415273273,0.19172113289760348,437
35,-9.895287958115185,-75.0,1.1514,281.02458479002564,104.30121637444245,59.934809130464615,132.93527783263005,0.2873015873015873,168
36,-8.952879581151834,-75.0,1.1514,218.2588801412816,115.89126635924913,71.98989034278077,98.75382917032249,0.33225806451612905,73
37,-8.010471204188482,-75.0,1.1514,171.94273844557216,105.63264124008128,68.09005861117615,81.95143132689535,0.37384615384615383,35
38,-7.0680628272251305,-75.0,1.1514,155.60064831329913,102.33850271150004,65.8387719397086,72.65533295367874,0.38,22
39,-6.12565445026178,-75.0,1.1514,158.40784189518104,114.97881152608898,72.85240419508312,72.24288036493992,0.33374384236453203,22
40,-5.183246073298429,-75.0,1.1514,157.61164476175233,116.93466448865365,72.74502003834927,72.92615299902377,0.33465608465608465,24
41,-4.2408376963350785,-75.0,1.1514,166.98525127136728,115.37754286138806,70.2985028813413,71.52819634002397,0.31746031746031744,29
42,-3.298429319371728,-75.0,1.1514,179.64143230364357,116.43459559039911,70.34157199497788,67.5976672358128,0.3351449275362319,28
43,-2.356020942408377,-75.0,1.1514,187.32346834777218,116.35690807015635,70.50327051459733,62.42911712128671,0.31521739130434784,33
44,-1.4136125654450262,-75.0,1.1514,202.69372023031337,115.87242969253566,68.66113879423301,59.39848959577297,0.2564102564102564,40
45,-0.4712041884816754,-75.0,1.1514,210.16929590506106,115.50312064471655,67.0453686918565,49.83789731142234,0.26877470355731226,32
46,0.4712041884816754,-75.0,1.1514,198.4492403819533,111.81853180518374,64.68441123926904,33.80084757484265,0.35294117647058826,17
47,1.4136125654450262,-75.0,1.1514,221.10168967205254,104.34791124978801,56.23691713749496,25.577599019809426,0.45454545454545453,5
48,2.356020942408377,-75.0,1.1514,268.0805228780355,97.75399701175047,43.89389557397488,24.85296559932442,0.5,1
49,-14.607329842931941,-73.75,1.1514,27.82742238209488,20.273649164551273,11.656852271499861,16.97915878026382,0.65,3
50,-13.664921465968591,-73.75,1.1514,137.27250175815928,73.07024756577448,43.11724675643956,90.50098553537825,0.4,71
51,-12.72251308900524,-73.75,1.1514,317.19433222082444,85.0283028758713,53.82262958906109,151.49109305537718,0.32678983833718245,211
52,-11.780104712041888,-73.75,1.1514,312.5868179002896,101.14905267488211,66.4385596170467,171.70984862368462,0.2831439393939394,190
53,-10.837696335078537,-73.75,1.1514,218.94522632768638,111.86557985987747,73.58238365267226,86.51126931207762,0.37681159420289856,49
54,-9.895287958115185,-73.75,1.1514,182.43603899386434,115.82565900287591,74.44476322516827,84.01841270110788,0.3630769230769231,39
55,-8.952879581151834,-73.75,1.1514,160.20500492139263,117.08069556421833,74.0337736538533,78.0093528459912,0.345,21
56,-8.010471204188482,-73.75,1.1514,152.49787508937288,116.2159108906053,71.54126935175128,72.29225641601506,0.3353846153846154,22
57,-7.0680628272251305,-73.75,1.1514,168.24349850762474,116.81273156020325,73.25693729279475,75.03743203559699,0.2988505747126437,18
58,-6.12565445026178,-73.75,1.1514,186.32193663470844,114.94930176297203,73.013395228582,76.47616985280726,0.29433497536945813,23
59,-5.183246073298429,-73.75,1.1514,192.15945821665673,115.71113379613962,74.18557583712783,72.23281669316923,0.29433497536945813,24
60,-4.2408376963350785,-73.75,1.1514,202.22028482991382,115.53172409359831,72.83216994167475,70.3622532557165,0.2857142857142857,28
61,-3.298429319371728,-73.75,1.1514,197.45545077341887,114.28517132531852,72.87075036877737,66.16706756464532,0.3216374269005848,24
62,-2.356020942408377,-73.75,1.1514,198.4967347733209,113.40200891776476,71.93717665968919,61.47953732606318,0.3300653594771242,24
63,-1.4136125654450262,-73.75,1.1514,193.4505644629337,112.00186915753875,70.67854525187184,54.151511731953576,0.3047619047619048,24
64,-0.4712041884816754,-73.75,1.1514,193.8499369491194,112.87052153988043,69.81366557181416,45.39017639045902,0.3106060606060606,24
65,0.4712041884816754,-73.75,1.1514,181.8591099925698,114.07812714809552,68.61697493472731,31.745124678042508,0.2833333333333333,13
66,1.4136125654450262,-73.75,1.1514,173.43572702888363,112.22732653201092,65.01299961480085,16.958284141120867,0.3626373626373626,3
67,-14.607329842931941,-72.5,1.1514,87.7282134179342,44.6981832342135,25.11734203052133,95.80627101870839,0.5147058823529411,88
68,-13.664921465968591,-72.5,1.1514,294.1157124774904,73.9046956342645,44.2348240310782,190.22236317356584,0.33874239350912777,302
69,-12.72251308900524,-72.5,1.1514,346.4604645725825,87.14529870747356,59.509155696104756,158.05912441933808,0.3174946004319654,186
70,-11.780104712041888,-72.5,1.1514,238.25432650294374,108.973620654142,68.95708023899319,89.93927722494035,0.3880952380952381,35
71,-10.837696335078537,-72.5,1.1514,187.20566997347873,115.23991105001187,67.61121107264535,76.15854835897312,0.3458498023715415,31
72,-9.895287958115185,-72.5,1.1514,164.83395525709966,115.33697915438097,64.984257016241,80.7183173543521,0.31666666666666665,36
73,-8.952879581151834,-72.5,1.1514,151.8822481879647,116.01379486382939,65.65978069770411,76.26030141379204,0.3105263157894737,22
74,-8.010471204188482,-72.5,1.1514,161.71371007771313,119.02932318218518,69.278748761063,70.20312951177627,0.30116959064327486,18
75,-7.0680628272251305,-72.5,1.1514,175.23164295451124,115.17721794778481,70.09508417427347,68.3539643552169,0.2692307692307692,18
76,-6.12565445026178,-72.5,1.1514,191.16646846020672,113.49891957070213,70.55928452651628,70.41248338000668,0.2125,28
77,-5.183246073298429,-72.5,1.1514,213.53889127003526,112.5938887882512,72.00492733250286,73.67664123626803,0.22435897435897437,28
78,-4.2408376963350785,-72.5,1.1514,228.83756451775616,112.68392012512777,72.19938140028748,73.90884309098071,0.25,24
79,-3.298429319371728,-72.5,1.1514,212.2271756215514,112.4260217207484,73.30959514451929,68.31883778924116,0.2692307692307692,24
80,-2.356020942408377,-72.5,1.1514,204.11911376392482,111.67451781628188,73.99151546476018,63.05977918729213,0.24761904761904763,29
81,-1.4136125654450262,-72.5,1.1514,199.5388409031039,111.77357535489136,73.25268358163666,58.31492037330564,0.2375,36
82,-0.4712041884816754,-72.5,1.1514,185.61457479466645,110.67549592349678,70.42867981986461,44.09078273374,0.25824175824175827,24
83,0.4712041884816754,-72.5,1.1514,188.4086155695049,109.81166869634762,68.29414257437195,33.267620475480015,0.2909090909090909,13
84,1.4136125654450262,-72.5,1.1514,195.58226607664557,112.17776719888207,67.75533432326749,20.478415175818636,0.3392857142857143,3
85,-14.607329842931941,-71.25,1.1514,140.12918420691497,64.08395846636267,31.59032928320945,239.7824204517889,0.28804347826086957,372
86,-13.664921465968591,-71.25,1.1514,354.9859899972609,80.55191004619701,43.794263965104165,232.9583149245838,0.2774762550881954,360
87,-12.72251308900524,-71.25,1.1514,326.8091036061287,96.06374188122572,55.09304452870527,145.27612355941656,0.31805157593123207,116
88,-11.780104712041888,-71.25,1.1514,213.4857191925148,112.49613750638673,58.30561252356198,77.27564696509339,0.39869281045751637,19
89,-10.837696335078537,-71.25,1.1514,165.42340707785962,111.05017628346104,55.67708293397697,76.53785333766196,0.3380952380952381,23
90,-9.895287958115185,-71.25,1.1514,158.16700507746418,112.4640211390215,56.894795986414834,77.8119958519102,0.30514705882352944,30
91,-8.952879581151834,-71.25,1.1514,159.19578880050267,114.49906973575708,61.07363930466524,69.53502200697943,0.21978021978021978,22
92,-8.010471204188482,-71.25,1.1514,169.83467969246718,116.0236173280282,63.72227566096633,64.43335424738945,0.24545454545454545,18
93,-7.0680628272251305,-71.25,1.1514,178.0989334652982,113.00122753134929,66.19487693636142,65.25553881369686,0.23636363636363636,17
94,-6.12565445026178,-71.25,1.1514,184.8782200149958,111.79611585102975,67.87290900828043,64.63598209127412,0.20909090909090908,17
95,-5.183246073298429,-71.25,1.1514,205.6961550254755,109.87877187668346,69.69022319109892,69.09588934121703,0.24545454545454545,24
96,-4.2408376963350785,-71.25,1.1514,214.23393134942899,110.18185245338827,71.78439611952348,67.00630854264938,0.2636363636363636,24
97,-3.298429319371728,-71.25,1.1514,200.46287510017464,108.73156700923573,72.46789895184354,61.3986425808337,0.25,24
98,-2.356020942408377,-71.25,1.1514,207.21514781761698,110.36253283149563,74.90195872991957,60.73235154392184,0.24358974358974358,30
99,-1.4136125654450262,-71.25,1.1514,202.5471475971365,111.16161395853851,74.52777024847704,56.587453621695445,0.23333333333333334,35
100,-0.4712041884816754,-71.25,1.1514,199.80567357837572,109.48765060747974,73.07250629173194,46.99617377616971,0.23076923076923078,34
101,0.4712041884816754,-71.25,1.1514,193.28833964029099,108.64652935881168,72.33808133820752,35.209583611141795,0.2777777777777778,13
102,1.4136125654450262,-71.25,1.1514,202.7956130754619,109.5102600735845,69.97167004791812,23.487692503656834,0.26785714285714285,6
103,-13.664921465968591,-70.0,1.1514,351.19423473389475,77.80496431631036,31.784792947711644,174.7297999464575,0.29481641468682507,241
104,-12.72251308900524,-70.0,1.1514,257.17377813111443,109.51075266231783,50.034215364383726,99.49313469293156,0.39705882352941174,53
105,-11.780104712041888,-70.0,1.1514,161.76179419936645,109.21404196531512,48.96070265211924,73.3214794653061,0.3202614379084967,18
106,-10.837696335078537,-70.0,1.1514,153.81262155445285,108.26459607254947,48.90032085693915,79.25719971172553,0.25833333333333336,28
107,-9.895287958115185,-70.0,1.1514,163.85606711103776,113.66255812783493,53.25823894558737,74.70231480251721,0.2222222222222222,22
108,-8.952879581151834,-70.0,1.1514,168.2432110827108,113.16212095494848,56.07199834615085,64.45412264705566,0.24444444444444444,14
109,-8.010471204188482,-70.0,1.1514,170.32975894282782,113.36742858518846,59.650777259389706,60.00730449882268,0.25555555555555554,18
110,-7.0680628272251305,-70.0,1.1514,168.73959949619845,111.83462931832764,63.49484618113958,58.15684195753462,0.23333333333333334,13
111,-6.12565445026178,-70.0,1.1514,167.09057847446672,110.31450666370802,65.48143028742638,56.7244608448311,0.2361111111111111,13
112,-5.183246073298429,-70.0,1.1514,179.3408855303676,108.34276137698907,67.48275322932075,59.05453456699056,0.23636363636363636,24
113,-4.2408376963350785,-70.0,1.1514,184.98918379173574,108.65796227997635,71.95703789132448,56.893621514839836,0.24545454545454545,17
114,-3.298429319371728,-70.0,1.1514,200.0456558581027,106.64972856495297,72.13343370952896,60.653229511350894,0.23076923076923078,38
115,-2.356020942408377,-70.0,1.1514,214.65674239204418,107.95890135574155,73.46459459689956,58.90504595213488,0.23333333333333334,43
116,-1.4136125654450262,-70.0,1.1514,213.47307476379342,109.00309754710179,74.83070872163405,53.61578003824227,0.24725274725274726,34
117,-0.4712041884816754,-70.0,1.1514,223.33357919033716,108.24462039163336,75.0348632748604,50.267855179039,0.25274725274725274,35
118,0.4712041884816754,-70.0,1.1514,237.98298087327558,108.48385260149371,74.22588611256707,42.538137852115156,0.23626373626373626,36
119,1.4136125654450262,-70.0,1.1514,227.93705242018933,107.59429622936295,71.4692258084783,29.487248980029335,0.2545454545454545,21
120,-15.549738219895294,-68.75,1.1514,247.69908127964572,93.08224448526744,24.964904968883012,169.65599439565386,0.2957142857142857,227
121,-14.607329842931941,-68.75,1.1514,267.25254840099836,84.25037155364407,32.734518883304965,134.5717117736278,0.30952380952380953,121
122,-13.664921465968591,-68.75,1.1514,278.9516528712569,100.91347002686234,40.43612697688439,119.11431056598218,0.31842105263157894,70
123,-12.72251308900524,-68.75,1.1514,181.88376938355472,109.8239172657486,42.97006635344328,84.16696164646035,0.3047619047619048,23
124,-11.780104712041888,-68.75,1.1514,140.76052041087024,103.57403593836352,40.92787476689976,78.1073264828911,0.2111111111111111,21
125,-10.837696335078537,-68.75,1.1514,150.95378352754418,111.76470072678057,44.89093533530835,75.11464810299155,0.23214285714285715,18
126,-9.895287958115185,-68.75,1.1514,161.65239666643572,114.7556841687765,49.41058778661982,69.3864724453351,0.17777777777777778,21
127,-8.952879581151834,-68.75,1.1514,163.9707328634202,114.04033793223789,52.94130696227164,62.49351517401658,0.2619047619047619,14
128,-8.010471204188482,-68.75,1.1514,163.59311405026318,111.96815489034634,56.454640754585114,56.86397359329881,0.2222222222222222,17
129,-7.0680628272251305,-68.75,1.1514,164.4118156197237,111.1498731438769,60.889815420295854,53.594813304961505,0.2111111111111111,13
130,-6.12565445026178,-68.75,1.1514,164.8756322374919,109.4352477818029,64.59358015572232,53.789438827207405,0.2222222222222222,13
131,-5.183246073298429,-68.75,1.1514,175.09779432048788,108.35637194802985,66.9954411270976,55.59363764102021,0.2,17
132,-4.2408376963350785,-68.75,1.1514,182.7236419364317,105.96973666950362,68.7286275012259,57.314129014528504,0.23333333333333334,18
133,-3.298429319371728,-68.75,1.1514,192.57363312189455,107.93178140942473,73.31530763499576,58.49116146531547,0.24242424242424243,24
134,-2.356020942408377,-68.75,1.1514,217.04645718297485,106.53699297836283,74.37777979043865,57.98982932095453,0.24725274725274726,37
135,-1.4136125654450262,-68.75,1.1514,241.86566881940507,109.44264951569494,77.54842127860654,57.713622049470175,0.23161764705882354,47
136,-0.4712041884816754,-68.75,1.1514,260.36653959700743,109.79085563973058,78.78584889061173,56.15210164677293,0.22514619883040934,62
137,0.4712041884816754,-68.75,1.1514,280.8532781499399,109.31934653111966,77.42344013551255,49.70531967025586,0.2222222222222222,54
138,1.4136125654450262,-68.75,1.1514,303.8475064156005,108.30454269598704,74.97626196670356,42.144572455974846,0.25824175824175827,38
139,2.356020942408377,-68.75,1.1514,311.7680218100264,104.88034670735942,66.20707502307043,29.024447764276044,0.3055555555555556,16
140,-16.492146596858646,-67.5,1.1514,241.07071949724136,88.89731641538674,14.771769310247084,118.48754686043932,0.27941176470588236,99
141,-15.549738219895294,-67.5,1.1514,247.89708971049646,93.8541241310304,26.909585451007562,110.82838547332057,0.26900584795321636,78
142,-14.607329842931941,-67.5,1.1514,172.97584687593024,105.26265756430803,33.524260302063425,67.29509408025326,0.39285714285714285,6
143,-13.664921465968591,-67.5,1.1514,149.55518634305568,110.71442383923568,35.73246453217916,67.59912938864618,0.3055555555555556,5
144,-12.72251308900524,-67.5,1.1514,136.30344207563337,95.80953528347891,31.277440972350767,72.5381610412908,0.16666666666666666,9
145,-11.780104712041888,-67.5,1.1514,126.20225696736938,98.74024291959358,32.60452744597486,66.02473393734257,0.2,12
146,-10.837696335078537,-67.5,1.1514,134.63137605461742,113.70891813305207,40.578402107541535,61.81307272048975,0.3333333333333333,9
147,-9.895287958115185,-67.5,1.1514,149.94805565684763,112.77005249401554,44.85889024296076,61.39505536908773,0.15,8
148,-8.952879581151834,-67.5,1.1514,153.8274430045113,113.33240163337905,49.52103298558919,57.85622320494172,0.21428571428571427,14
149,-8.010471204188482,-67.5,1.1514,155.3737840382331,112.28850495099323,54.262652466243594,54.20572575358868,0.19444444444444445,13
150,-7.0680628272251305,-67.5,1.1514,157.02357069683202,110.26569555688184,58.386880375574805,49.52110227825585,0.20833333333333334,13
151,-6.12565445026178,-67.5,1.1514,159.94003744999839,107.16506086173467,60.914649643028326,48.736570079048626,0.2619047619047619,9
152,-5.183246073298429,-67.5,1.1514,171.35033109143112,107.00566605955828,66.14949707653547,51.40810467951252,0.20833333333333334,18
153,-4.2408376963350785,-67.5,1.1514,180.925382629527,106.44389413995668,69.07878915197452,52.64354964208403,0.2222222222222222,18
154,-3.298429319371728,-67.5,1.1514,187.63281918530083,108.89546188758686,74.18041214862743,54.649353244055625,0.23636363636363636,19
155,-2.356020942408377,-67.5,1.1514,225.94463933770385,107.86481113987975,76.65949451342449,59.87682894531564,0.2692307692307692,37
156,-1.4136125654450262,-67.5,1.1514,257.31495506875035,108.7781986274058,79.54872639838437,60.38630014513507,0.24632352941176472,54
157,-0.4712041884816754,-67.5,1.1514,286.24851830730904,109.1973530407995,80.09641479012456,60.8317874110833,0.24509803921568626,60
158,0.4712041884816754,-67.5,1.1514,306.9219511589472,108.63566224754322,79.88381090590437,54.38806610766541,0.2647058823529412,55
159,1.4136125654450262,-67.5,1.1514,349.08249404614025,107.40804184111767,78.48495212403783,49.93944216326534,0.25833333333333336,43
160,2.356020942408377,-67.5,1.1514,380.94233358469444,106.39583765587304,71.00431623699323,38.42540916444024,0.26666666666666666,24
161,-18.376963350785346,-66.25,1.1514,121.98769574293719,72.83201469061169,6.347573125033822,59.828391846300406,0.30952380952380953,28
162,-17.434554973821996,-66.25,1.1514,168.88096735632047,89.86027012753766,12.79130088261872,75.27409724148393,0.35714285714285715,23
163,-16.492146596858646,-66.25,1.1514,232.2439569658236,92.08667813159991,21.306414932189796,110.01457944973811,0.20952380952380953,53
164,-15.549738219895294,-66.25,1.1514,159.30834033898583,109.65203150524758,28.461326921979992,69.5894615247048,0.2857142857142857,5
165,-14.607329842931941,-66.25,1.1514,123.0546283985379,103.31400827388279,26.709727972315886,60.2722039411854,0.3333333333333333,1
166,-13.664921465968591,-66.25,1.1514,119.99553129346175,69.07062698708614,18.22254040425978,58.55491478476495,0.0,0
167,-12.72251308900524,-66.25,1.1514,126.07702802575811,93.42825699190143,26.55034785431648,62.595182525402606,0.0,3
168,-11.780104712041888,-66.25,1.1514,122.20145364704459,105.46876425447408,31.893270731165977,57.46344653303415,0.16666666666666666,6
169,-10.837696335078537,-66.25,1.1514,126.86360150579563,115.25488292332739,38.66410821101852,55.79606428257128,0.3333333333333333,6
170,-9.895287958115185,-66.25,1.1514,142.25413719037158,113.1395744002657,43.511214298441324,56.73253859374064,0.2,9
171,-8.952879581151834,-66.25,1.1514,153.1026225694828,112.9940508044092,48.653057941766754,55.370144327412206,0.16071428571428573,17
172,-8.010471204188482,-66.25,1.1514,151.54175099226524,111.02572517702356,52.869380783907694,50.3704245076375,0.19642857142857142,13
173,-7.0680628272251305,-66.25,1.1514,158.01253174703888,106.85744178306777,55.348952336138396,46.22329063749863,0.23214285714285715,9
174,-6.12565445026178,-66.25,1.1514,166.11217252468427,106.88039456668776,59.21570687059915,48.384084153605315,0.19642857142857142,13
175,-5.183246073298429,-66.25,1.1514,175.2950129619369,106.63130562767037,64.7793293897662,50.06019259220933,0.19642857142857142,13
176,-4.2408376963350785,-66.25,1.1514,179.22528522748863,107.36998894106364,69.33915193110879,48.33778200095434,0.23214285714285715,13
177,-3.298429319371728,-66.25,1.1514,188.8632406151831,105.90739078237675,72.354579643051,51.10736178662361,0.2361111111111111,18
178,-2.356020942408377,-66.25,1.1514,219.5941096575882,109.6529098841711,78.00417092305145,53.57052215729817,0.23076923076923078,31
179,-1.4136125654450262,-66.25,1.1514,240.0643047080996,108.01047507236945,80.46990647257259,50.135119014680846,0.25416666666666665,36
180,-0.4712041884816754,-66.25,1.1514,258.19614950582377,108.42785588814877,80.80801622926028,48.89133537685889,0.2647058823529412,44
181,0.4712041884816754,-66.25,1.1514,290.4722256083312,105.56234633055283,79.37434861887004,50.73837951189273,0.2875,44
182,1.4136125654450262,-66.25,1.1514,309.33449730072425,105.41315110749565,76.94981600811876,43.30004664221044,0.26666666666666666,31
183,2.356020942408377,-66.25,1.1514,319.3307277895599,106.16731104324572,70.72456702692769,33.56526778789895,0.2777777777777778,24
184,-18.376963350785346,-65.0,1.1514,140.84850471377888,85.44136641692603,9.235665268703253,55.76976198654173,0.25,13
185,-17.434554973821996,-65.0,1.1514,157.4882008503956,97.78773999219993,17.39191208542701,76.44264821648301,0.2,5
186,-16.492146596858646,-65.0,1.1514,140.99874945719145,111.16260528098792,23.026883622456207,69.06258180067309,0.16666666666666666,3
187,-15.549738219895294,-65.0,1.1514,116.40262605418937,84.03405396093149,17.905618493818587,55.76879920146849,0.0,0
188,-14.607329842931941,-65.0,1.1514,112.99548317313754,95.93441164295655,21.079739423607,56.58472908359283,0.0,1
189,-13.664921465968591,-65.0,1.1514,114.44016102294616,80.23989630688448,19.04957756369648,52.973550537066345,0.0,0
190,-12.72251308900524,-65.0,1.1514,115.70363012195928,86.92749882233329,22.677188032057327,51.842589950358644,0.0,3
191,-11.780104712041888,-65.0,1.1514,113.33873086962743,104.13730187457986,29.937171257662044,47.084802233863144,0.16666666666666666,6
192,-10.837696335078537,-65.0,1.1514,138.88401456433118,115.60526268964168,37.86900300666744,53.06003594519692,0.3333333333333333,6
193,-9.895287958115185,-65.0,1.1514,160.10761000360637,115.47654540161602,43.300142639823704,59.9243244259422,0.23333333333333334,14
194,-8.952879581151834,-65.0,1.1514,168.33806295706967,113.840748774237,48.664775434289766,54.532871886311426,0.17857142857142858,13
195,-8.010471204188482,-65.0,1.1514,164.3534012217945,111.93225142196752,52.92370564056438,50.19116891339705,0.21428571428571427,13
196,-7.0680628272251305,-65.0,1.1514,162.5659745880345,109.46874724962981,56.227308189876304,45.98787393902296,0.2619047619047619,9
197,-6.12565445026178,-65.0,1.1514,168.0021051560783,108.60634659358766,60.21406376214419,45.34711723784276,0.19642857142857142,13
198,-5.183246073298429,-65.0,1.1514,169.06072157389445,107.08088738290826,64.62890141432146,46.68022736343459,0.23809523809523808,13
199,-4.2408376963350785,-65.0,1.1514,188.7030992578916,107.24622762092622,69.39233005206964,49.34051422687675,0.23214285714285715,13
200,-3.298429319371728,-65.0,1.1514,189.8781806768389,109.29781660961453,74.68327996859325,46.364421355217104,0.2222222222222222,13
201,-2.356020942408377,-65.0,1.1514,205.2746130950094,111.54279960785061,80.11789851367399,43.109984984616986,0.2196969696969697,18
202,-1.4136125654450262,-65.0,1.1514,228.9642818947444,108.72927869466366,79.31056908774904,41.24566637255365,0.2692307692307692,24
203,-0.4712041884816754,-65.0,1.1514,230.1243567192148,109.72786029393319,82.41391112883176,36.74760557296089,0.3021978021978022,25
204,0.4712041884816754,-65.0,1.1514,253.63289427755717,106.54520562209655,81.31840069184824,37.42884528091065,0.2875,30
205,1.4136125654450262,-65.0,1.1514,236.08086856595037,105.10977102181641,77.61447406682456,27.230099909063973,0.3333333333333333,13
206,-20.261780104712045,-63.75,1.1514,186.28330625225425,105.58736774954014,0.0,75.49709534819948,0.3,11
207,-19.319371727748695,-63.75,1.1514,147.97689228594285,103.8975576980738,16.08863786117823,69.86403236137316,0.32142857142857145,9
208,-18.376963350785346,-63.75,1.1514,110.4696983286475,94.0829828713322,16.900436734116898,49.861765754477176,0.3888888888888889,7
209,-17.434554973821996,-63.75,1.1514,111.20185175499992,108.23042202391662,18.780927149865658,51.63407957136559,0.6666666666666666,1
210,-16.492146596858646,-63.75,1.1514,104.46958257714489,97.97678234812338,17.129570295172204,52.67057538465095,0.0,0
211,-15.549738219895294,-63.75,1.1514,105.20283677148184,87.0893618959235,16.982487880462344,56.44374004261145,0.0,1
212,-14.607329842931941,-63.75,1.1514,107.32265303384648,92.68009459075984,19.309345937617152,49.466652360472445,0.0,3
213,-13.664921465968591,-63.75,1.1514,115.93540727893848,102.298647594871,23.559125949553714,50.34670391390135,0.0,3
214,-12.72251308900524,-63.75,1.1514,112.70593355174734,99.57555784319993,26.228878066877197,46.9865557274786,0.0,3
215,-11.780104712041888,-63.75,1.1514,119.89929549471034,95.37598746595904,28.008638175003853,44.968489005015,0.0,3
216,-10.837696335078537,-63.75,1.1514,148.17155858464247,89.10929558936914,30.088061415179027,55.27444109836763,0.16666666666666666,6
217,-9.895287958115185,-63.75,1.1514,170.47379161016963,88.71250632204465,34.24549523742043,61.70188198241262,0.3,14
218,-8.952879581151834,-63.75,1.1514,176.69864928812962,113.30935070291162,48.08822424391432,55.839464656951115,0.19642857142857142,13
219,-8.010471204188482,-63.75,1.1514,169.12189252823558,110.63785410864512,52.0351158541525,49.21632868826142,0.23214285714285715,9
220,-7.0680628272251305,-63.75,1.1514,168.7686367693417,107.99334255396388,54.689580528787516,48.25634630829522,0.19642857142857142,13
221,-6.12565445026178,-63.75,1.1514,167.15320813478215,107.7239758358337,59.31362481548117,43.85925865567537,0.19642857142857142,13
222,-5.183246073298429,-63.75,1.1514,172.00136683402002,107.4249121840694,64.29275065417255,42.38507465541189,0.21428571428571427,13
223,-4.2408376963350785,-63.75,1.1514,180.06610359626183,109.97121218824759,71.08883038243354,44.57097909675406,0.21428571428571427,13
224,-3.298429319371728,-63.75,1.1514,194.5130461359742,108.84487291623373,73.35130206133567,42.650253506340604,0.21428571428571427,13
225,-2.356020942408377,-63.75,1.1514,216.2311656063563,106.44431971537415,74.5886655349332,40.82343940521616,0.23214285714285715,13
226,-1.4136125654450262,-63.75,1.1514,228.85267026508663,107.065214337199,79.270459904836,37.92172956529206,0.25,19
227,-0.4712041884816754,-63.75,1.1514,233.16637337874545,109.38300951122073,81.43589638213514,34.50025730468249,0.2692307692307692,25
228,0.4712041884816754,-63.75,1.1514,218.41140575975768,106.39316302462248,80.77235505551381,27.090323785522795,0.3,19
229,1.4136125654450262,-63.75,1.1514,193.10065772893864,108.78616293368395,80.95206935588129,21.32877109088878,0.319047619047619,12
230,3.298429319371728,-63.75,1.1514,134.56054793254893,105.31181858939817,55.312335657795266,12.282621893136929,0.39285714285714285,5
231,-19.319371727748695,-62.5,1.1514,104.82576452749124,77.44641844154103,10.438699915919962,38.88744599097627,0.0,0
232,-18.376963350785346,-62.5,1.1514,85.80015536632285,81.66645213786978,11.403565203934653,40.56383108809119,0.0,0
233,-17.434554973821996,-62.5,1.1514,87.48579947212814,102.54563731898088,14.282065850098975,41.452682587828804,0.0,0
234,-16.492146596858646,-62.5,1.1514,101.20495469537073,92.40823148516938,14.899639361112165,49.60984408903962,0.0,0
235,-15.549738219895294,-62.5,1.1514,110.39776478816297,79.02502147284395,14.131999967553606,47.883285521756264,0.0,1
236,-14.607329842931941,-62.5,1.1514,117.97287264798179,81.92132526586647,16.801161224575537,49.34890446580012,0.0,3
237,-13.664921465968591,-62.5,1.1514,128.25059963334039,99.06857826747,23.09473127893377,50.45328019442135,0.0,3
238,-12.72251308900524,-62.5,1.1514,135.89418620703844,106.48563103575725,28.38178125097463,50.692417753387886,0.0,3
239,-11.780104712041888,-62.5,1.1514,147.6857214103556,91.3968250907783,27.181570088722562,50.28236269130816,0.0,3
240,-10.837696335078537,-62.5,1.1514,161.60459924348405,85.998754468892,29.61603597041561,55.28466334943596,0.23333333333333334,18
241,-9.895287958115185,-62.5,1.1514,182.0518778992548,81.10722815443296,31.344046773294217,57.42208650502934,0.30952380952380953,23
242,-8.952879581151834,-62.5,1.1514,176.05304235953128,112.56897237617522,47.52536489779318,53.332881661136156,0.2222222222222222,24
243,-8.010471204188482,-62.5,1.1514,176.50697763036652,111.39618519111536,52.51283183223497,49.985508321178756,0.2,23
244,-7.0680628272251305,-62.5,1.1514,182.24932985227377,108.42258720978862,55.22658808371197,49.30244763082227,0.2222222222222222,18
245,-6.12565445026178,-62.5,1.1514,173.54996353267555,107.6766033936292,59.27589396644434,44.66857333113331,0.2619047619047619,13
246,-5.183246073298429,-62.5,1.1514,170.25607465043214,107.0967282683705,64.43319056012629,42.44141562983489,0.23214285714285715,14
247,-4.2408376963350785,-62.5,1.1514,189.82190215264282,110.98613736714469,71.28425015726636,46.16467873562521,0.2,22
248,-3.298429319371728,-62.5,1.1514,212.1302070349384,110.05962264054688,73.51541285398999,45.709595408489385,0.19444444444444445,17
249,-2.356020942408377,-62.5,1.1514,237.5098101628051,107.24365986679913,75.1112089465297,43.36661324938714,0.2,29
250,-1.4136125654450262,-62.5,1.1514,255.03115361347878,110.42643667606171,79.7531951019912,39.8661947036972,0.21153846153846154,34
251,-0.4712041884816754,-62.5,1.1514,235.3985578974773,108.02821439603576,79.77378833438567,31.51249252317841,0.22527472527472528,28
252,0.4712041884816754,-62.5,1.1514,218.46319593231527,107.33490677084774,80.90747160134414,24.62127724159277,0.24285714285714285,21
253,1.4136125654450262,-62.5,1.1514,180.9408857057565,109.3485230114311,81.52602042322708,17.781213567956513,0.2857142857142857,11
254,2.356020942408377,-62.5,1.1514,157.66974155561974,109.46719026658684,76.38999356518154,13.381845812871612,0.3076923076923077,4
255,3.298429319371728,-62.5,1.1514,116.70139940715994,107.45745509339031,61.78215105519602,8.753635052387713,0.3611111111111111,3
256,-18.376963350785346,-61.25,1.1514,92.62983339121587,72.63589101508842,7.971512139837248,45.8120106971688,0.0,0
257,-17.434554973821996,-61.25,1.1514,92.03149566234168,79.15928720292868,9.341549329603414,45.07079308720937,0.0,0
258,-16.492146596858646,-61.25,1.1514,106.7974922695236,73.20045303975348,9.677633399035836,45.9536065595856,0.0,0
259,-15.549738219895294,-61.25,1.1514,121.84067328919869,75.60666808392853,11.986013499443185,47.36165839936031,0.0,3
260,-14.607329842931941,-61.25,1.1514,135.1441155925246,97.51082501927158,18.04007658914858,48.20777384294763,0.0,3
261,-13.664921465968591,-61.25,1.1514,146.83571112975392,105.11372228502296,23.210931452177103,51.316488766995924,0.0,3
262,-12.72251308900524,-61.25,1.1514,156.05715414546822,110.15005924768047,28.26476727960796,49.98328573773246,0.0,3
263,-11.780104712041888,-61.25,1.1514,163.44298806678106,84.12340632436099,25.883711192029665,48.003077558221435,0.16666666666666666,6
264,-10.837696335078537,-61.25,1.1514,167.2238216597288,92.65106002065295,32.986238011007735,49.900325216941354,0.2,12
265,-9.895287958115185,-61.25,1.1514,159.82850375935294,92.01083390777058,37.27745442879701,45.51634200861124,0.2619047619047619,13
266,-8.952879581151834,-61.25,1.1514,174.157304876211,109.68294153077295,48.32269884253499,48.14169782542658,0.2222222222222222,17
267,-8.010471204188482,-61.25,1.1514,184.28967406015653,111.08446232479764,53.75101834712575,49.13348751645765,0.30357142857142855,13
268,-7.0680628272251305,-61.25,1.1514,185.89798853264656,109.92486033181194,57.18090524333857,48.54438284930445,0.26785714285714285,13
269,-6.12565445026178,-61.25,1.1514,181.7213803379582,110.05256783100776,61.30124655699091,43.3552275056346,0.2222222222222222,13
270,-5.183246073298429,-61.25,1.1514,176.74628544066059,108.468373932119,64.05242526923809,40.223444956561615,0.21428571428571427,13
271,-4.2408376963350785,-61.25,1.1514,190.9799286344201,109.82307409081841,69.82666744691991,41.744366526882324,0.2222222222222222,17
272,-3.298429319371728,-61.25,1.1514,218.75339881692116,112.34009801410139,75.81562131634972,41.30114372241152,0.2222222222222222,18
273,-2.356020942408377,-61.25,1.1514,229.3064398299442,108.24786215292988,76.27588126014358,37.54733097978197,0.2361111111111111,19
274,-1.4136125654450262,-61.25,1.1514,247.29051525501464,107.95397656853311,78.83702289800868,35.11629748761703,0.2545454545454545,28
275,-0.4712041884816754,-61.25,1.1514,245.94154175228672,107.22392288938863,79.56802565903588,30.11913236534301,0.22727272727272727,26
276,0.4712041884816754,-61.25,1.1514,210.88248653339852,107.03237248468213,80.55014254890068,21.236486016363425,0.2636363636363636,12
277,1.4136125654450262,-61.25,1.1514,164.19023339988104,111.84628740360495,82.96213847458552,12.406136899230846,0.25757575757575757,7
278,2.356020942408377,-61.25,1.1514,124.16923422036128,108.14235670433845,77.8606971789656,6.932361907939203,0.2727272727272727,2
279,3.298429319371728,-61.25,1.1514,74.40256390689908,105.46025885181734,67.0987178609325,3.2517404876431923,0.34444444444444444,0
280,4.2408376963350785,-61.25,1.1514,43.78404145810454,93.4759457356995,47.1994547814149,1.632530119969924,0.5833333333333334,0
281,-15.549738219895294,-60.0,1.1514,139.84911476560677,80.14851191081107,9.976272805605955,48.81693081979675,0.0,3
282,-14.607329842931941,-60.0,1.1514,138.83155396358794,94.35859085671837,15.600791191682848,47.022887581224616,0.0,3
283,-13.664921465968591,-60.0,1.1514,154.02638783938147,103.60861033812398,21.30688173884608,48.875910980033964,0.0,3
284,-12.72251308900524,-60.0,1.1514,168.9939334786637,99.90594989008969,25.818293438764858,50.78623596940628,0.0,3
285,-11.780104712041888,-60.0,1.1514,178.66079983309177,105.78871562989661,33.82012236080286,52.66918474995437,0.2037037037037037,19
286,-10.837696335078537,-60.0,1.1514,176.79869174400636,98.61322378026671,36.730424562738385,48.504136977386395,0.21428571428571427,13
287,-9.895287958115185,-60.0,1.1514,164.83257870939036,93.43280633009272,39.53428267168802,44.580898467424525,0.19642857142857142,13
288,-8.952879581151834,-60.0,1.1514,173.6618849024605,101.45494884025538,46.77419497144689,45.730338211753114,0.2619047619047619,13
289,-8.010471204188482,-60.0,1.1514,179.2391843289367,111.17139779264107,54.217234059824875,45.08888104980879,0.20909090909090908,18
290,-7.0680628272251305,-60.0,1.1514,194.5128836249668,112.24376382655464,58.919178775798535,43.97973442826488,0.23333333333333334,13
291,-6.12565445026178,-60.0,1.1514,184.98991401399263,109.78516426985152,60.90031370913293,40.59216313056679,0.2361111111111111,13
292,-5.183246073298429,-60.0,1.1514,179.6193345948359,109.78382178756874,65.43936819821619,38.27688400021207,0.20833333333333334,13
293,-4.2408376963350785,-60.0,1.1514,189.44677535376348,110.65093752346002,69.83287082545387,38.66043010501376,0.2361111111111111,13
294,-3.298429319371728,-60.0,1.1514,216.1465088582829,112.23483700538054,75.31480621337946,37.027943794003214,0.2638888888888889,19
295,-2.356020942408377,-60.0,1.1514,221.48238063325766,103.60296468628803,72.94020413096145,31.40590317318898,0.24444444444444444,23
296,-1.4136125654450262,-60.0,1.1514,236.35358277053555,101.7879631445976,75.34444563981674,31.053082010891792,0.2777777777777778,18
297,-0.4712041884816754,-60.0,1.1514,233.43537871628487,103.27711919584544,77.85023669887474,26.193784394298895,0.2636363636363636,21
298,0.4712041884816754,-60.0,1.1514,193.02321054055744,105.26437338179676,79.30088391817267,16.606037900219647,0.25,8
299,1.4136125654450262,-60.0,1.1514,151.37109904423394,106.07892719039228,78.89471581357006,8.416334797953084,0.32142857142857145,2
300,2.356020942408377,-60.0,1.1514,119.22457019765527,103.31900128454436,74.07148162654732,4.03133773737881,0.5,0
301,3.298429319371728,-60.0,1.1514,78.57020592972346,99.44099850748898,66.09115607101174,1.8610413225199727,0.5,0
302,4.2408376963350785,-60.0,1.1514,69.43661666437833,87.82582905114396,51.63015848597856,1.3397493322282077,0.0,0
303,5.183246073298429,-60.0,1.1514,114.14959889714964,97.20912256889278,47.221921235893504,1.4259805557280651,1.0,0
304,-13.664921465968591,-58.75,1.1514,165.1549518794112,84.25006247358397,14.706831879864295,48.197785995514764,0.0,3
305,-12.72251308900524,-58.75,1.1514,173.6575998653385,95.40967425753479,23.530312197256162,49.3034579426393,0.16666666666666666,7
306,-11.780104712041888,-58.75,1.1514,177.81788004099297,96.79663004368194,30.26826057726145,48.63745803165867,0.275,16
307,-10.837696335078537,-58.75,1.1514,187.86091587626277,97.71732010063715,36.254399879338784,49.09154786589874,0.3148148148148148,16
308,-9.895287958115185,-58.75,1.1514,184.83974861843365,113.90644056518795,47.51370321609429,47.32086151802014,0.23333333333333334,13
309,-8.952879581151834,-58.75,1.1514,186.92690365059747,114.3658963922644,52.91547053011708,45.15779607239883,0.23214285714285715,13
310,-8.010471204188482,-58.75,1.1514,192.5622078881668,111.59394735615933,56.86229859026706,43.7735064689708,0.19444444444444445,13
311,-7.0680628272251305,-58.75,1.1514,194.04686960499888,110.10900494002271,58.7084317812944,39.62746037669897,0.23214285714285715,13
312,-6.12565445026178,-58.75,1.1514,190.15812914825972,108.28496893780539,60.81192296460965,37.19453234191772,0.21428571428571427,13
313,-5.183246073298429,-58.75,1.1514,183.4294192937995,106.84983122191625,63.52163727763145,37.4832796707467,0.21428571428571427,13
314,-4.2408376963350785,-58.75,1.1514,186.18557848817525,106.75580378388986,67.09396009113769,37.50637625582795,0.2111111111111111,23
315,-3.298429319371728,-58.75,1.1514,203.82530279169364,110.34086808969732,72.87398439300813,35.843521509691485,0.19090909090909092,19
316,-2.356020942408377,-58.75,1.1514,193.97751240078972,102.3046265373705,71.71559720136942,27.274837667633534,0.2222222222222222,16
317,-1.4136125654450262,-58.75,1.1514,216.89328460938026,100.02552345948061,74.39787042377695,27.04798727003445,0.22727272727272727,17
318,-0.4712041884816754,-58.75,1.1514,208.00626537397108,101.05209715256933,76.96545759196347,23.258016212316747,0.23636363636363636,15
319,0.4712041884816754,-58.75,1.1514,171.0249399623919,102.3874975705985,78.5801104171635,15.017653278626996,0.25,9
320,-13.664921465968591,-57.5,1.1514,163.6731632624168,102.70093061233638,16.08593988534728,49.41802768587433,0.0,3
321,-12.72251308900524,-57.5,1.1514,163.89241631044862,94.9972785708087,21.83060778980337,48.633582787328244,0.0,5
322,-11.780104712041888,-57.5,1.1514,173.4145328745845,91.80825117073255,26.91475640320055,48.79501164705931,0.16666666666666666,9
323,-10.837696335078537,-57.5,1.1514,188.68503041229746,92.78530178766232,33.717783867330375,49.49516960323825,0.21296296296296297,29
324,-9.895287958115185,-57.5,1.1514,193.84370462684004,92.51923432806507,38.909358595104436,46.48678908443609,0.3333333333333333,9
325,-8.952879581151834,-57.5,1.1514,206.75661981899447,111.23675446986454,51.815813260248326,44.7010259609421,0.26785714285714285,9
326,-8.010471204188482,-57.5,1.1514,207.55661913456197,113.67874115996528,58.4048027773283,42.365063132427025,0.19444444444444445,13
327,-7.0680628272251305,-57.5,1.1514,207.1167555251606,110.16875237954082,59.91941251497054,38.763678185274,0.2222222222222222,18
328,-6.12565445026178,-57.5,1.1514,197.32401516911725,110.17288921808358,63.99745808745553,35.29076936563747,0.2222222222222222,13
329,-5.183246073298429,-57.5,1.1514,179.06458973976697,102.31753453728743,61.63830774909438,33.38803547275203,0.21428571428571427,9
330,-4.2408376963350785,-57.5,1.1514,166.4458877266497,102.43914645718178,64.28860481819146,33.23577223489923,0.2857142857142857,13
331,-3.298429319371728,-57.5,1.1514,161.80381264444358,106.68693141429685,69.18542139334966,29.16586284534612,0.20833333333333334,10
332,-2.356020942408377,-57.5,1.1514,173.77696743395836,107.66684093337972,73.84642151924756,25.69575938949831,0.30952380952380953,5
333,-1.4136125654450262,-57.5,1.1514,186.59479772654623,101.79856852046214,74.03578627355782,25.61686305774856,0.2222222222222222,10
334,-0.4712041884816754,-57.5,1.1514,156.8663930540834,101.11235244112322,75.91633089930365,20.013427584552826,0.2638888888888889,7
335,0.4712041884816754,-57.5,1.1514,124.3080310088454,99.86511110473657,75.5672498274043,13.525744119487019,0.25,6
336,1.4136125654450262,-57.5,1.1514,98.18628817782012,89.32528470642865,65.55843124621958,5.6656959136033445,0.3333333333333333,2
337,-13.664921465968591,-56.25,1.1514,160.32256844350803,93.95934773550835,13.7529783660377,46.44122767860729,0.0,5
338,-12.72251308900524,-56.25,1.1514,164.60162311452856,95.30536314763594,20.189761085565852,47.91107629060619,0.16666666666666666,9
339,-11.780104712041888,-56.25,1.1514,176.13630707982293,97.81744659907417,26.361463931620374,48.4255966847077,0.3,14
340,-10.837696335078537,-56.25,1.1514,196.37951007065382,116.89223775960272,38.651329133289984,50.20658192067394,0.18181818181818182,22
341,-9.895287958115185,-56.25,1.1514,203.71295257424376,116.07772839604877,45.7942058184262,46.31761100752073,0.24444444444444444,19
342,-8.952879581151834,-56.25,1.1514,204.02076449520027,105.87095537222922,48.9225627892517,42.640497745029805,0.2222222222222222,13
343,-8.010471204188482,-56.25,1.1514,205.89807249460327,89.08626490610914,45.7782490347227,39.269058817376745,0.19642857142857142,13
344,-7.0680628272251305,-56.25,1.1514,203.53403596542927,86.8213125654438,48.626498933375146,36.262930086961305,0.21428571428571427,13
345,-6.12565445026178,-56.25,1.1514,190.21535059477873,83.23619730814244,48.86541890349928,31.52715025298664,0.23214285714285715,13
346,-5.183246073298429,-56.25,1.1514,167.60318920065455,106.1726182809798,64.80379709475412,28.747992180229055,0.21428571428571427,9
347,-4.2408376963350785,-56.25,1.1514,139.80043369094884,104.17812469240744,65.75412851640128,24.368958055555403,0.19047619047619047,7
348,-3.298429319371728,-56.25,1.1514,125.6719123398428,100.8242787924246,65.55007107729882,21.12881683721441,0.26666666666666666,4
349,-2.356020942408377,-56.25,1.1514,134.8948183427895,111.80682743608486,76.84975766669601,20.54090119371687,0.3,2
350,-1.4136125654450262,-56.25,1.1514,121.12472540448746,102.91795586817898,74.75798452473445,16.806064893152698,0.3,2
351,-0.4712041884816754,-56.25,1.1514,82.7808971973197,73.29477554008918,55.27175756885475,10.258330432180612,0.4166666666666667,1
352,0.4712041884816754,-56.25,1.1514,56.131495671430756,73.37458953377791,57.15191097670665,5.555754247566326,0.5,0
353,1.4136125654450262,-56.25,1.1514,52.78972334292382,93.97525230247993,69.25555323688944,3.148460781408241,0.5,0
354,-14.607329842931941,-55.0,1.1514,154.66562212138984,91.71384910092456,9.096548789907194,41.86650818614858,0.5,6
355,-13.664921465968591,-55.0,1.1514,169.28659621780167,92.09907554788515,13.71234624267384,44.717640848584736,0.16666666666666666,8
356,-12.72251308900524,-55.0,1.1514,159.80625351416955,115.76950643328018,23.297908345579813,42.37005853783059,0.13333333333333333,9
357,-11.780104712041888,-55.0,1.1514,166.66312288003854,113.25392596016172,28.71466332537124,42.02625346459488,0.16071428571428573,16
358,-10.837696335078537,-55.0,1.1514,180.43010312212152,114.46942225273233,36.318552138761625,44.34571556988771,0.19444444444444445,17
359,-9.895287958115185,-55.0,1.1514,189.27123350777103,112.44552929070778,42.737032182771046,42.25097932851631,0.24444444444444444,24
360,-8.952879581151834,-55.0,1.1514,191.04521468506135,92.80682839307701,41.2403915239574,37.95493574651839,0.25555555555555554,24
361,-8.010471204188482,-55.0,1.1514,205.60026263992933,84.70274325089122,42.70787287563022,36.39958915139936,0.2857142857142857,19
362,-7.0680628272251305,-55.0,1.1514,209.13697076105754,82.24370024861855,44.355484302131785,33.0953374827734,0.2361111111111111,19
363,-6.12565445026178,-55.0,1.1514,195.22991136936852,82.52400948862487,48.59427189938629,29.646319645345635,0.2111111111111111,20
364,-5.183246073298429,-55.0,1.1514,154.4263458820805,103.84893625276163,64.11325895897684,24.045620397208822,0.23214285714285715,8
365,-4.2408376963350785,-55.0,1.1514,109.32645456604595,86.11903742428694,54.77659564599951,14.963998811555232,0.25,3
366,-3.298429319371728,-55.0,1.1514,86.88504081884801,101.84374424919952,66.60181107147956,11.065580428671911,0.3,2
367,-2.356020942408377,-55.0,1.1514,88.17028918172818,93.18933342990931,63.983308738259915,8.959981203516806,0.5,0
368,-1.4136125654450262,-55.0,1.1514,56.12268558527379,66.5491873613064,49.358552037082724,4.7141017481800915,0.5,0
369,-0.4712041884816754,-55.0,1.1514,35.40290840343783,23.848407738321384,18.59251982773417,2.1672581534412023,0.0,0
370,0.4712041884816754,-55.0,1.1514,26.243435166646293,21.588151981411556,17.014290457797046,1.2528706411912616,0.0,0
371,1.4136125654450262,-55.0,1.1514,26.23339472941574,62.22760151285911,46.68274228992878,1.0102207034307766,0.0,0
372,2.356020942408377,-55.0,1.1514,29.913994481875598,35.86023977961304,24.711874068572186,0.7061999228798831,0.0,0
373,-14.607329842931941,-53.75,1.1514,153.73782395976852,88.82821632781997,8.011565557744554,35.94615821708141,0.5,6
374,-13.664921465968591,-53.75,1.1514,154.49383981280653,111.08982900856063,15.220256451675297,36.95272480077037,0.16666666666666666,8
375,-12.72251308900524,-53.75,1.1514,146.42202346775665,113.68123344553169,21.01993579106596,33.92564026286283,0.1,5
376,-11.780104712041888,-53.75,1.1514,151.02807924272378,112.65702087956015,26.634023176295788,34.21904808980703,0.13333333333333333,6
377,-10.837696335078537,-53.75,1.1514,161.9236957786889,111.02780882909428,32.71731603062378,36.22850897180407,0.21428571428571427,14
378,-9.895287958115185,-53.75,1.1514,177.30829172774793,111.3024863525061,39.30042101298295,35.245176893206974,0.2857142857142857,13
379,-8.952879581151834,-53.75,1.1514,185.308861079501,110.40197341324529,46.13428515867632,31.13175636095962,0.24444444444444444,17
380,-8.010471204188482,-53.75,1.1514,201.06955956349057,109.5273284232826,52.678683860004526,29.067598243154357,0.22727272727272727,17
381,-7.0680628272251305,-53.75,1.1514,208.54487800637918,84.94189998433285,45.68691862583991,26.05310597150596,0.26785714285714285,9
382,-6.12565445026178,-53.75,1.1514,190.44963486731803,80.78254671192553,47.33422731848303,23.339566355539112,0.2857142857142857,9
383,-5.183246073298429,-53.75,1.1514,141.99795513800387,83.41911968949717,51.92995531267826,17.360737611828387,0.26666666666666666,4
384,-4.2408376963350785,-53.75,1.1514,89.76822945708055,103.68174856732367,65.15344246904617,10.310819973065458,0.25,2
385,-3.298429319371728,-53.75,1.1514,62.311631798017665,94.43383111793082,61.31317888646039,6.362847805545211,0.5,0
386,-2.356020942408377,-53.75,1.1514,51.53899826685928,84.30161870608572,56.921837434476835,4.359746983787783,0.0,0
387,-1.4136125654450262,-53.75,1.1514,33.773730214809135,58.55511313449824,42.213026989055216,2.0625429925811036,0.0,0
388,-0.4712041884816754,-53.75,1.1514,21.651232476570694,20.80240367944498,16.273702771554255,1.0057923624868637,0.0,0
389,0.4712041884816754,-53.75,1.1514,15.697528153066045,16.676499236291562,13.196680410232457,0.47974086367094637,0.0,0
390,1.4136125654450262,-53.75,1.1514,15.966302993335493,29.830866341690125,22.55903295265937,0.34861237457880145,0.0,0
391,2.356020942408377,-53.75,1.1514,18.537125786708884,21.849243927119915,15.219423669457226,0.20457781853610396,0.0,0
392,-13.664921465968591,-52.5,1.1514,152.90443832610814,103.98014043574221,11.097857902535912,29.302643675530078,0.5,6
393,-12.72251308900524,-52.5,1.1514,152.81491997840251,115.95506287878379,17.448818199007206,27.960333846208805,0.16666666666666666,3
394,-11.780104712041888,-52.5,1.1514,150.9233863093637,113.49407245230395,22.085256536115644,27.3894681297935,0.1,6
395,-10.837696335078537,-52.5,1.1514,156.52293059641994,109.18057904520538,26.951364636665886,26.360433796168433,0.23333333333333334,10
396,-9.895287958115185,-52.5,1.1514,164.62518992761866,111.29513588442933,34.79851391789085,25.356068855304898,0.23809523809523808,10
397,-8.952879581151834,-52.5,1.1514,178.47489039824686,110.75213036499918,42.56952948921054,23.151671418883403,0.2361111111111111,9
398,-8.010471204188482,-52.5,1.1514,196.98807092106588,104.80738392841886,47.587557445367544,22.106266707186805,0.2638888888888889,9
399,-7.0680628272251305,-52.5,1.1514,200.66493226082304,105.15378563170088,54.53537440125564,18.358978862502536,0.2857142857142857,5
400,-6.12565445026178,-52.5,1.1514,176.52707404110564,110.4524980194401,62.704273684178006,13.799228341628247,0.2222222222222222,6
401,-5.183246073298429,-52.5,1.1514,123.91646964274837,100.55794182582758,60.24585573371219,11.080843939798527,0.3,3
402,-4.2408376963350785,-52.5,1.1514,77.97318080335634,100.60305530321784,62.631891478403325,7.146423678823559,0.3333333333333333,0
403,-3.298429319371728,-52.5,1.1514,58.12292971146784,94.80813147907611,60.99654380388973,4.8596624062747,0.0,0
404,-2.356020942408377,-52.5,1.1514,41.13184146200124,84.44202331127599,56.29925574984431,2.797615010095641,0.0,0
405,-1.4136125654450262,-52.5,1.1514,29.98000034472691,74.62452858046163,51.89878092256149,1.4494084328373826,0.0,0
406,-0.4712041884816754,-52.5,1.1514,20.25419359070994,35.010172106922255,25.928287323261102,0.8032787949637537,0.0,0
407,0.4712041884816754,-52.5,1.1514,14.113236145368257,13.005199157405514,9.761661134769986,0.29910753462332906,0.0,0
408,-8.952879581151834,-51.25,1.1514,171.59634800382673,113.40558182448149,35.92251310638538,15.291717894530581,0.4166666666666667,3
409,-8.010471204188482,-51.25,1.1514,181.71232597891947,112.84153626125772,45.67928024855453,13.374123736934303,0.23333333333333334,3
410,-7.0680628272251305,-51.25,1.1514,181.28987136726187,100.47110198633163,47.60753285791251,10.108123618501962,0.3333333333333333,1
411,-5.183246073298429,-51.25,1.1514,103.41958962801178,55.86761641809062,31.851087986769627,5.571040346408841,0.5,1
412,-4.2408376963350785,-51.25,1.1514,71.2666917842673,41.683906844364174,25.743100290312086,4.611972257919229,0.0,0
413,-3.298429319371728,-51.25,1.1514,53.465635269484025,97.19434111146256,61.14202809061047,3.3245007791598447,0.0,0
414,-2.356020942408377,-51.25,1.1514,40.51997680910905,92.87451497744769,60.77127924779175,1.8182011490236833,0.0,0
415,-3.298429319371728,-50.0,1.1514,45.73934860089705,95.96879354445264,58.610808310371844,1.8394655143126717,0.0,0
0,-6.12565445026178,-78.75,3.112,111.83529971591265,68.23287465253088,30.36108050210427,63.654733929947845,0.0,0
1,-5.183246073298429,-78.75,3.112,97.34471517873858,68.56418917173869,31.71432432521763,63.011166442439595,0.0,1
2,-4.2408376963350785,-78.75,3.112,114.85748097388759,80.42734620466945,36.345562070242536,64.93926288605975,0.0,5
3,-3.298429319371728,-78.75,3.112,152.7805073110755,84.2230177600868,38.14970274279381,74.63565514163562,0.16666666666666666,6
4,-2.356020942408377,-78.75,3.112,183.76646370632187,101.4556120740599,44.972140640224296,74.40397541525535,0.25,9
5,-1.4136125654450262,-78.75,3.112,207.18933054809668,96.310679805174,40.7983436198482,70.10442705045293,0.3333333333333333,6
6,-8.952879581151834,-77.5,3.112,238.6940405330021,85.423383773159,37.196708950852184,203.90768714176787,0.32954545454545453,31
7,-8.010471204188482,-77.5,3.112,177.178383272844,76.53901806887006,39.695055342595786,123.91781891225263,0.55,6
8,-7.0680628272251305,-77.5,3.112,173.82620005680005,83.70060105255106,44.259090737144646,107.11330124158506,0.3333333333333333,7
9,-6.12565445026178,-77.5,3.112,192.22039393391802,104.22107856196817,54.55314737973321,120.65204874154068,0.2857142857142857,7
10,-5.183246073298429,-77.5,3.112,176.77699767465083,109.78519423253601,57.07350930021864,84.25558836582304,0.45,3
11,-4.2408376963350785,-77.5,3.112,149.65532253827502,113.71141480340157,59.27096864500548,67.5460838860488,0.25,3
12,-3.298429319371728,-77.5,3.112,154.95311475820063,112.08320245204959,58.11292661283319,57.48794124522315,0.0,3
13,-2.356020942408377,-77.5,3.112,183.19120963766136,110.61541709495941,55.94963025903543,59.37602106241401,0.16666666666666666,3
14,-1.4136125654450262,-77.5,3.112,230.4785033148134,105.45637042931048,53.2373715778747,70.53234218186908,0.2,6
15,-0.4712041884816754,-77.5,3.112,265.60508889746274,98.81584192364244,49.03190588513937,83.61882605449259,0.2,9
16,0.4712041884816754,-77.5,3.112,278.45487398892146,96.57146665791515,47.82088242313093,61.52921247273146,0.3333333333333333,6
17,-10.837696335078537,-76.25,3.112,259.4137648960146,80.84131406008964,30.547861940615046,220.48580038610876,0.2619047619047619,25
18,-9.895287958115185,-76.25,3.112,273.8521208807134,74.07696357811801,34.32618091225332,198.06406168388625,0.26666666666666666,38
19,-8.952879581151834,-76.25,3.112,362.44500014435744,95.93849689350463,50.224738789400355,237.08752307179313,0.20555555555555555,40
20,-8.010471204188482,-76.25,3.112,230.03497472261643,110.59840423084097,63.732244651309564,113.74409627399004,0.4666666666666667,4
21,-7.0680628272251305,-76.25,3.112,154.666776565007,102.94499398092739,61.556335638722466,69.58254476978702,0.5,0
22,-6.12565445026178,-76.25,3.112,155.61252751726357,113.78531313239364,68.12309401730273,72.7128983895067,0.36666666666666664,1
23,-5.183246073298429,-76.25,3.112,155.27942935548708,114.71775802667253,67.94418714621868,76.58827878569156,0.3333333333333333,3
24,-4.2408376963350785,-76.25,3.112,142.7200684759373,114.86948147794465,66.8419496585539,68.9466920631252,0.16666666666666666,3
25,-3.298429319371728,-76.25,3.112,156.31229011791902,115.65164831990842,65.85540601867183,60.31170108981409,0.0,3
26,-2.356020942408377,-76.25,3.112,174.52613142023338,116.07286340848077,64.3142826356931,57.550428705575015,0.0,3
27,-1.4136125654450262,-76.25,3.112,197.42342869511276,113.62887550494634,63.47961399583407,58.09524931030738,0.0,3
28,-0.4712041884816754,-76.25,3.112,234.46868973514992,115.69311185041443,64.01131029819365,51.783395418874626,0.1,5
29,0.4712041884816754,-76.25,3.112,266.31969994265035,105.53698815550888,58.22235936043438,45.25675538563229,0.2,6
30,1.4136125654450262,-76.25,3.112,255.3899435524977,100.73775853525149,50.9759822927229,38.485952424192746,0.25,6
31,-13.664921465968591,-75.0,3.112,16.663286846887026,14.628998684265753,5.169530976259989,11.153043084406557,0.0,0
32,-12.72251308900524,-75.0,3.112,123.45744724123702,56.930599751394766,24.57165839532507,132.13198701274268,0.5,15
33,-11.780104712041888,-75.0,3.112,269.0429615698138,73.37212676298805,32.225038984721756,186.57564191289026,0.45,15
34,-10.837696335078537,-75.0,3.112,390.50422291369614,96.1213229392888,48.948763739706045,219.59032415273273,0.18055555555555555,17
35,-9.895287958115185,-75.0,3.112,281.02458479002564,104.30121637444245,59.934809130464615,132.93527783263005,0.3333333333333333,6
36,-8.952879581151834,-75.0,3.112,218.2588801412816,115.89126635924913,71.98989034278077,98.75382917032249,0.23809523809523808,3
37,-8.010471204188482,-75.0,3.112,171.94273844557216,105.63264124008128,68.09005861117615,81.95143132689535,0.35,2
38,-7.0680628272251305,-75.0,3.112,155.60064831329913,102.33850271150004,65.8387719397086,72.65533295367874,0.3333333333333333,1
39,-6.12565445026178,-75.0,3.112,158.40784189518104,114.97881152608898,72.85240419508312,72.24288036493992,0.5,1
40,-5.183246073298429,-75.0,3.112,157.61164476175233,116.93466448865365,72.74502003834927,72.92615299902377,0.0,1
41,-4.2408376963350785,-75.0,3.112,166.98525127136728,115.37754286138806,70.2985028813413,71.52819634002397,0.0,3
42,-3.298429319371728,-75.0,3.112,179.64143230364357,116.43459559039911,70.34157199497788,67.5976672358128,0.0,3
43,-2.356020942408377,-75.0,3.112,187.32346834777218,116.35690807015635,70.50327051459733,62.42911712128671,0.0,3
44,-1.4136125654450262,-75.0,3.112,202.69372023031337,115.87242969253566,68.66113879423301,59.39848959577297,0.0,3
45,-0.4712041884816754,-75.0,3.112,210.16929590506106,115.50312064471655,67.0453686918565,49.83789731142234,0.0,3
46,0.4712041884816754,-75.0,3.112,198.4492403819533,111.81853180518374,64.68441123926904,33.80084757484265,0.0,3
47,1.4136125654450262,-75.0,3.112,221.10168967205254,104.34791124978801,56.23691713749496,25.577599019809426,0.16666666666666666,3
48,2.356020942408377,-75.0,3.112,268.0805228780355,97.75399701175047,43.89389557397488,24.85296559932442,0.5,1
49,-14.607329842931941,-73.75,3.112,27.82742238209488,20.273649164551273,11.656852271499861,16.97915878026382,0.0,0
50,-13.664921465968591,-73.75,3.112,137.27250175815928,73.07024756577448,43.11724675643956,90.50098553537825,0.5,6
51,-12.72251308900524,-73.75,3.112,317.19433222082444,85.0283028758713,53.82262958906109,151.49109305537718,0.3472222222222222,13
52,-11.780104712041888,-73.75,3.112,312.5868179002896,101.14905267488211,66.4385596170467,171.70984862368462,0.3,11
53,-10.837696335078537,-73.75,3.112,218.94522632768638,111.86557985987747,73.58238365267226,86.51126931207762,0.5,3
54,-9.895287958115185,-73.75,3.112,182.43603899386434,115.82565900287591,74.44476322516827,84.01841270110788,0.4107142857142857,3
55,-8.952879581151834,-73.75,3.112,160.20500492139263,117.08069556421833,74.0337736538533,78.0093528459912,0.25,3
56,-8.010471204188482,-73.75,3.112,152.49787508937288,116.2159108906053,71.54126935175128,72.29225641601506,0.0,3
57,-7.0680628272251305,-73.75,3.112,168.24349850762474,116.81273156020325,73.25693729279475,75.03743203559699,0.0,3
58,-6.12565445026178,-73.75,3.112,186.32193663470844,114.94930176297203,73.013395228582,76.47616985280726,0.0,3
59,-5.183246073298429,-73.75,3.112,192.15945821665673,115.71113379613962,74.18557583712783,72.23281669316923,0.0,1
60,-4.2408376963350785,-73.75,3.112,202.22028482991382,115.53172409359831,72.83216994167475,70.3622532557165,0.0,1
61,-3.298429319371728,-73.75,3.112,197.45545077341887,114.28517132531852,72.87075036877737,66.16706756464532,0.0,1
62,-2.356020942408377,-73.75,3.112,198.4967347733209,113.40200891776476,71.93717665968919,61.47953732606318,0.0,1
63,-1.4136125654450262,-73.75,3.112,193.4505644629337,112.00186915753875,70.67854525187184,54.151511731953576,0.0,1
64,-0.4712041884816754,-73.75,3.112,193.8499369491194,112.87052153988043,69.81366557181416,45.39017639045902,0.0,2
65,0.4712041884816754,-73.75,3.112,181.8591099925698,114.07812714809552,68.61697493472731,31.745124678042508,0.0,0
66,1.4136125654450262,-73.75,3.112,173.43572702888363,112.22732653201092,65.01299961480085,16.958284141120867,0.0,0
67,-14.607329842931941,-72.5,3.112,87.7282134179342,44.6981832342135,25.11734203052133,95.80627101870839,0.43333333333333335,19
68,-13.664921465968591,-72.5,3.112,294.1157124774904,73.9046956342645,44.2348240310782,190.22236317356584,0.36666666666666664,27
69,-12.72251308900524,-72.5,3.112,346.4604645725825,87.14529870747356,59.509155696104756,158.05912441933808,0.39285714285714285,12
70,-11.780104712041888,-72.5,3.112,238.25432650294374,108.973620654142,68.95708023899319,89.93927722494035,0.3333333333333333,3
71,-10.837696335078537,-72.5,3.112,187.20566997347873,115.23991105001187,67.61121107264535,76.15854835897312,0.4166666666666667,1
72,-9.895287958115185,-72.5,3.112,164.83395525709966,115.33697915438097,64.984257016241,80.7183173543521,0.0,3
73,-8.952879581151834,-72.5,3.112,151.8822481879647,116.01379486382939,65.65978069770411,76.26030141379204,0.0,3
74,-8.010471204188482,-72.5,3.112,161.71371007771313,119.02932318218518,69.278748761063,70.20312951177627,0.0,3
75,-7.0680628272251305,-72.5,3.112,175.23164295451124,115.17721794778481,70.09508417427347,68.3539643552169,0.0,1
76,-6.12565445026178,-72.5,3.112,191.16646846020672,113.49891957070213,70.55928452651628,70.41248338000668,0.0,1
77,-5.183246073298429,-72.5,3.112,213.53889127003526,112.5938887882512,72.00492733250286,73.67664123626803,0.0,1
78,-4.2408376963350785,-72.5,3.112,228.83756451775616,112.68392012512777,72.19938140028748,73.90884309098071,0.0,1
79,-3.298429319371728,-72.5,3.112,212.2271756215514,112.4260217207484,73.30959514451929,68.31883778924116,0.0,1
80,-2.356020942408377,-72.5,3.112,204.11911376392482,111.67451781628188,73.99151546476018,63.05977918729213,0.0,1
81,-1.4136125654450262,-72.5,3.112,199.5388409031039,111.77357535489136,73.25268358163666,58.31492037330564,0.0,1
82,-0.4712041884816754,-72.5,3.112,185.61457479466645,110.67549592349678,70.42867981986461,44.09078273374,0.0,1
83,0.4712041884816754,-72.5,3.112,188.4086155695049,109.81166869634762,68.29414257437195,33.267620475480015,0.0,0
84,1.4136125654450262,-72.5,3.112,195.58226607664557,112.17776719888207,67.75533432326749,20.478415175818636,0.0,0
85,-14.607329842931941,-71.25,3.112,140.12918420691497,64.08395846636267,31.59032928320945,239.7824204517889,0.2922077922077922,62
86,-13.664921465968591,-71.25,3.112,354.9859899972609,80.55191004619701,43.794263965104165,232.9583149245838,0.2727272727272727,59
87,-12.72251308900524,-71.25,3.112,326.8091036061287,96.06374188122572,55.09304452870527,145.27612355941656,0.3333333333333333,8
88,-11.780104712041888,-71.25,3.112,213.4857191925148,112.49613750638673,58.30561252356198,77.27564696509339,0.3333333333333333,1
89,-10.837696335078537,-71.25,3.112,165.42340707785962,111.05017628346104,55.67708293397697,76.53785333766196,0.0,1
90,-9.895287958115185,-71.25,3.112,158.16700507746418,112.4640211390215,56.894795986414834,77.8119958519102,0.0,3
91,-8.952879581151834,-71.25,3.112,159.19578880050267,114.49906973575708,61.07363930466524,69.53502200697943,0.0,3
92,-8.010471204188482,-71.25,3.112,169.83467969246718,116.0236173280282,63.72227566096633,64.43335424738945,0.0,3
93,-7.0680628272251305,-71.25,3.112,178.0989334652982,113.00122753134929,66.19487693636142,65.25553881369686,0.0,1
94,-6.12565445026178,-71.25,3.112,184.8782200149958,111.79611585102975,67.87290900828043,64.63598209127412,0.0,1
95,-5.183246073298429,-71.25,3.112,205.6961550254755,109.87877187668346,69.69022319109892,69.09588934121703,0.0,1
96,-4.2408376963350785,-71.25,3.112,214.23393134942899,110.18185245338827,71.78439611952348,67.00630854264938,0.0,1
97,-3.298429319371728,-71.25,3.112,200.46287510017464,108.73156700923573,72.46789895184354,61.3986425808337,0.0,1
98,-2.356020942408377,-71.25,3.112,207.21514781761698,110.36253283149563,74.90195872991957,60.73235154392184,0.0,1
99,-1.4136125654450262,-71.25,3.112,202.5471475971365,111.16161395853851,74.52777024847704,56.587453621695445,0.0,1
100,-0.4712041884816754,-71.25,3.112,199.80567357837572,109.48765060747974,73.07250629173194,46.99617377616971,0.0,1
101,0.4712041884816754,-71.25,3.112,193.28833964029099,108.64652935881168,72.33808133820752,35.209583611141795,0.0,1
102,1.4136125654450262,-71.25,3.112,202.7956130754619,109.5102600735845,69.97167004791812,23.487692503656834,0.0,1
103,-13.664921465968591,-70.0,3.112,351.19423473389475,77.80496431631036,31.784792947711644,174.7297999464575,0.21428571428571427,15
104,-12.72251308900524,-70.0,3.112,257.17377813111443,109.51075266231783,50.034215364383726,99.49313469293156,0.3333333333333333,1
105,-11.780104712041888,-70.0,3.112,161.76179419936645,109.21404196531512,48.96070265211924,73.3214794653061,0.0,0
106,-10.837696335078537,-70.0,3.112,153.81262155445285,108.26459607254947,48.90032085693915,79.25719971172553,0.0,0
107,-9.895287958115185,-70.0,3.112,163.85606711103776,113.66255812783493,53.25823894558737,74.70231480251721,0.0,3
108,-8.952879581151834,-70.0,3.112,168.2432110827108,113.16212095494848,56.07199834615085,64.45412264705566,0.0,3
109,-8.010471204188482,-70.0,3.112,170.32975894282782,113.36742858518846,59.650777259389706,60.00730449882268,0.0,1
110,-7.0680628272251305,-70.0,3.112,168.73959949619845,111.83462931832764,63.49484618113958,58.15684195753462,0.0,1
111,-6.12565445026178,-70.0,3.112,167.09057847446672,110.31450666370802,65.48143028742638,56.7244608448311,0.0,1
112,-5.183246073298429,-70.0,3.112,179.3408855303676,108.34276137698907,67.48275322932075,59.05453456699056,0.0,1
113,-4.2408376963350785,-70.0,3.112,184.98918379173574,108.65796227997635,71.95703789132448,56.893621514839836,0.0,1
114,-3.298429319371728,-70.0,3.112,200.0456558581027,106.64972856495297,72.13343370952896,60.653229511350894,0.0,1
115,-2.356020942408377,-70.0,3.112,214.65674239204418,107.95890135574155,73.46459459689956,58.90504595213488,0.0,1
116,-1.4136125654450262,-70.0,3.112,213.47307476379342,109.00309754710179,74.83070872163405,53.61578003824227,0.0,1
117,-0.4712041884816754,-70.0,3.112,223.33357919033716,108.24462039163336,75.0348632748604,50.267855179039,0.0,1
118,0.4712041884816754,-70.0,3.112,237.98298087327558,108.48385260149371,74.22588611256707,42.538137852115156,0.0,3
119,1.4136125654450262,-70.0,3.112,227.93705242018933,107.59429622936295,71.4692258084783,29.487248980029335,0.0,1
120,-15.549738219895294,-68.75,3.112,247.69908127964572,93.08224448526744,24.964904968883012,169.65599439565386,0.25,14
121,-14.607329842931941,-68.75,3.112,267.25254840099836,84.25037155364407,32.734518883304965,134.5717117736278,0.3333333333333333,3
122,-13.664921465968591,-68.75,3.112,278.9516528712569,100.91347002686234,40.43612697688439,119.11431056598218,0.16666666666666666,0
123,-12.72251308900524,-68.75,3.112,181.88376938355472,109.8239172657486,42.97006635344328,84.16696164646035,0.0,0
124,-11.780104712041888,-68.75,3.112,140.76052041087024,103.57403593836352,40.92787476689976,78.1073264828911,0.0,0
125,-10.837696335078537,-68.75,3.112,150.95378352754418,111.76470072678057,44.89093533530835,75.11464810299155,0.0,0
126,-9.895287958115185,-68.75,3.112,161.65239666643572,114.7556841687765,49.41058778661982,69.3864724453351,0.0,0
127,-8.952879581151834,-68.75,3.112,163.9707328634202,114.04033793223789,52.94130696227164,62.49351517401658,0.0,0
128,-8.010471204188482,-68.75,3.112,163.59311405026318,111.96815489034634,56.454640754585114,56.86397359329881,0.0,0
129,-7.0680628272251305,-68.75,3.112,164.4118156197237,111.1498731438769,60.889815420295854,53.594813304961505,0.0,1
130,-6.12565445026178,-68.75,3.112,164.8756322374919,109.4352477818029,64.59358015572232,53.789438827207405,0.0,1
131,-5.183246073298429,-68.75,3.112,175.09779432048788,108.35637194802985,66.9954411270976,55.59363764102021,0.0,1
132,-4.2408376963350785,-68.75,3.112,182.7236419364317,105.96973666950362,68.7286275012259,57.314129014528504,0.0,1
133,-3.298429319371728,-68.75,3.112,192.57363312189455,107.93178140942473,73.31530763499576,58.49116146531547,0.0,1
134,-2.356020942408377,-68.75,3.112,217.04645718297485,106.53699297836283,74.37777979043865,57.98982932095453,0.0,1
135,-1.4136125654450262,-68.75,3.112,241.86566881940507,109.44264951569494,77.54842127860654,57.713622049470175,0.0,1
136,-0.4712041884816754,-68.75,3.112,260.36653959700743,109.79085563973058,78.78584889061173,56.15210164677293,0.0,5
137,0.4712041884816754,-68.75,3.112,280.8532781499399,109.31934653111966,77.42344013551255,49.70531967025586,0.0,5
138,1.4136125654450262,-68.75,3.112,303.8475064156005,108.30454269598704,74.97626196670356,42.144572455974846,0.0,5
139,2.356020942408377,-68.75,3.112,311.7680218100264,104.88034670735942,66.20707502307043,29.024447764276044,0.0,3
140,-16.492146596858646,-67.5,3.112,241.07071949724136,88.89731641538674,14.771769310247084,118.48754686043932,0.5,5
141,-15.549738219895294,-67.5,3.112,247.89708971049646,93.8541241310304,26.909585451007562,110.82838547332057,0.5,2
142,-14.607329842931941,-67.5,3.112,172.97584687593024,105.26265756430803,33.524260302063425,67.29509408025326,0.5,0
143,-13.664921465968591,-67.5,3.112,149.55518634305568,110.71442383923568,35.73246453217916,67.59912938864618,0.0,0
144,-12.72251308900524,-67.5,3.112,136.30344207563337,95.80953528347891,31.277440972350767,72.5381610412908,0.0,0
145,-11.780104712041888,-67.5,3.112,126.20225696736938,98.74024291959358,32.60452744597486,66.02473393734257,0.0,0
146,-10.837696335078537,-67.5,3.112,134.63137605461742,113.70891813305207,40.578402107541535,61.81307272048975,0.0,0
147,-9.895287958115185,-67.5,3.112,149.94805565684763,112.77005249401554,44.85889024296076,61.39505536908773,0.0,0
148,-8.952879581151834,-67.5,3.112,153.8274430045113,113.33240163337905,49.52103298558919,57.85622320494172,0.0,0
149,-8.010471204188482,-67.5,3.112,155.3737840382331,112.28850495099323,54.262652466243594,54.20572575358868,0.0,0
150,-7.0680628272251305,-67.5,3.112,157.02357069683202,110.26569555688184,58.386880375574805,49.52110227825585,0.0,1
151,-6.12565445026178,-67.5,3.112,159.94003744999839,107.16506086173467,60.914649643028326,48.736570079048626,0.0,0
152,-5.183246073298429,-67.5,3.112,171.35033109143112,107.00566605955828,66.14949707653547,51.40810467951252,0.0,1
153,-4.2408376963350785,-67.5,3.112,180.925382629527,106.44389413995668,69.07878915197452,52.64354964208403,0.0,1
154,-3.298429319371728,-67.5,3.112,187.63281918530083,108.89546188758686,74.18041214862743,54.649353244055625,0.0,1
155,-2.356020942408377,-67.5,3.112,225.94463933770385,107.86481113987975,76.65949451342449,59.87682894531564,0.0,1
156,-1.4136125654450262,-67.5,3.112,257.31495506875035,108.7781986274058,79.54872639838437,60.38630014513507,0.0,3
157,-0.4712041884816754,-67.5,3.112,286.24851830730904,109.1973530407995,80.09641479012456,60.8317874110833,0.08333333333333333,8
158,0.4712041884816754,-67.5,3.112,306.9219511589472,108.63566224754322,79.88381090590437,54.38806610766541,0.1,8
159,1.4136125654450262,-67.5,3.112,349.08249404614025,107.40804184111767,78.48495212403783,49.93944216326534,0.1,8
160,2.356020942408377,-67.5,3.112,380.94233358469444,106.39583765587304,71.00431623699323,38.42540916444024,0.16666666666666666,3
161,-18.376963350785346,-66.25,3.112,121.98769574293719,72.83201469061169,6.347573125033822,59.828391846300406,0.0,0
162,-17.434554973821996,-66.25,3.112,168.88096735632047,89.86027012753766,12.79130088261872,75.27409724148393,0.0,1
163,-16.492146596858646,-66.25,3.112,232.2439569658236,92.08667813159991,21.306414932189796,110.01457944973811,0.0,2
164,-15.549738219895294,-66.25,3.112,159.30834033898583,109.65203150524758,28.461326921979992,69.5894615247048,0.0,0
165,-14.607329842931941,-66.25,3.112,123.0546283985379,103.31400827388279,26.709727972315886,60.2722039411854,0.0,0
166,-13.664921465968591,-66.25,3.112,119.99553129346175,69.07062698708614,18.22254040425978,58.55491478476495,0.0,0
167,-12.72251308900524,-66.25,3.112,126.07702802575811,93.42825699190143,26.55034785431648,62.595182525402606,0.0,0
168,-11.780104712041888,-66.25,3.112,122.20145364704459,105.46876425447408,31.893270731165977,57.46344653303415,0.0,0
169,-10.837696335078537,-66.25,3.112,126.86360150579563,115.25488292332739,38.66410821101852,55.79606428257128,0.0,0
170,-9.895287958115185,-66.25,3.112,142.25413719037158,113.1395744002657,43.511214298441324,56.73253859374064,0.0,0
171,-8.952879581151834,-66.25,3.112,153.1026225694828,112.9940508044092,48.653057941766754,55.370144327412206,0.0,0
172,-8.010471204188482,-66.25,3.112,151.54175099226524,111.02572517702356,52.869380783907694,50.3704245076375,0.0,0
173,-7.0680628272251305,-66.25,3.112,158.01253174703888,106.85744178306777,55.348952336138396,46.22329063749863,0.0,0
174,-6.12565445026178,-66.25,3.112,166.11217252468427,106.88039456668776,59.21570687059915,48.384084153605315,0.0,0
175,-5.183246073298429,-66.25,3.112,175.2950129619369,106.63130562767037,64.7793293897662,50.06019259220933,0.0,1
176,-4.2408376963350785,-66.25,3.112,179.22528522748863,107.36998894106364,69.33915193110879,48.33778200095434,0.0,1
177,-3.298429319371728,-66.25,3.112,188.8632406151831,105.90739078237675,72.354579643051,51.10736178662361,0.0,1
178,-2.356020942408377,-66.25,3.112,219.5941096575882,109.6529098841711,78.00417092305145,53.57052215729817,0.0,1
179,-1.4136125654450262,-66.25,3.112,240.0643047080996,108.01047507236945,80.46990647257259,50.135119014680846,0.0,1
180,-0.4712041884816754,-66.25,3.112,258.19614950582377,108.42785588814877,80.80801622926028,48.89133537685889,0.0,3
181,0.4712041884816754,-66.25,3.112,290.4722256083312,105.56234633055283,79.37434861887004,50.73837951189273,0.08333333333333333,5
182,1.4136125654450262,-66.25,3.112,309.33449730072425,105.41315110749565,76.94981600811876,43.30004664221044,0.16666666666666666,3
183,2.356020942408377,-66.25,3.112,319.3307277895599,106.16731104324572,70.72456702692769,33.56526778789895,0.16666666666666666,2
184,-18.376963350785346,-65.0,3.112,140.84850471377888,85.44136641692603,9.235665268703253,55.76976198654173,0.0,0
185,-17.434554973821996,-65.0,3.112,157.4882008503956,97.78773999219993,17.39191208542701,76.44264821648301,0.0,0
186,-16.492146596858646,-65.0,3.112,140.99874945719145,111.16260528098792,23.026883622456207,69.06258180067309,0.0,0
187,-15.549738219895294,-65.0,3.112,116.40262605418937,84.03405396093149,17.905618493818587,55.76879920146849,0.0,0
188,-14.607329842931941,-65.0,3.112,112.99548317313754,95.93441164295655,21.079739423607,56.58472908359283,0.0,0
189,-13.664921465968591,-65.0,3.112,114.44016102294616,80.23989630688448,19.04957756369648,52.973550537066345,0.0,0
190,-12.72251308900524,-65.0,3.112,115.70363012195928,86.92749882233329,22.677188032057327,51.842589950358644,0.0,0
191,-11.780104712041888,-65.0,3.112,113.33873086962743,104.13730187457986,29.937171257662044,47.084802233863144,0.0,0
192,-10.837696335078537,-65.0,3.112,138.88401456433118,115.60526268964168,37.86900300666744,53.06003594519692,0.0,0
193,-9.895287958115185,-65.0,3.112,160.10761000360637,115.47654540161602,43.300142639823704,59.9243244259422,0.0,1
194,-8.952879581151834,-65.0,3.112,168.33806295706967,113.840748774237,48.664775434289766,54.532871886311426,0.0,1
195,-8.010471204188482,-65.0,3.112,164.3534012217945,111.93225142196752,52.92370564056438,50.19116891339705,0.0,1
196,-7.0680628272251305,-65.0,3.112,162.5659745880345,109.46874724962981,56.227308189876304,45.98787393902296,0.0,0
197,-6.12565445026178,-65.0,3.112,168.0021051560783,108.60634659358766,60.21406376214419,45.34711723784276,0.0,0
198,-5.183246073298429,-65.0,3.112,169.06072157389445,107.08088738290826,64.62890141432146,46.68022736343459,0.0,1
199,-4.2408376963350785,-65.0,3.112,188.7030992578916,107.24622762092622,69.39233005206964,49.34051422687675,0.0,1
200,-3.298429319371728,-65.0,3.112,189.8781806768389,109.29781660961453,74.68327996859325,46.364421355217104,0.0,1
201,-2.356020942408377,-65.0,3.112,205.2746130950094,111.54279960785061,80.11789851367399,43.109984984616986,0.0,1
202,-1.4136125654450262,-65.0,3.112,228.9642818947444,108.72927869466366,79.31056908774904,41.24566637255365,0.0,1
203,-0.4712041884816754,-65.0,3.112,230.1243567192148,109.72786029393319,82.41391112883176,36.74760557296089,0.0,1
204,0.4712041884816754,-65.0,3.112,253.63289427755717,106.54520562209655,81.31840069184824,37.42884528091065,0.0,1
205,1.4136125654450262,-65.0,3.112,236.08086856595037,105.10977102181641,77.61447406682456,27.230099909063973,0.0,3
206,-20.261780104712045,-63.75,3.112,186.28330625225425,105.58736774954014,0.0,75.49709534819948,0.0,1
207,-19.319371727748695,-63.75,3.112,147.97689228594285,103.8975576980738,16.08863786117823,69.86403236137316,0.0,1
208,-18.376963350785346,-63.75,3.112,110.4696983286475,94.0829828713322,16.900436734116898,49.861765754477176,0.0,0
209,-17.434554973821996,-63.75,3.112,111.20185175499992,108.23042202391662,18.780927149865658,51.63407957136559,0.0,0
210,-16.492146596858646,-63.75,3.112,104.46958257714489,97.97678234812338,17.129570295172204,52.67057538465095,0.0,0
211,-15.549738219895294,-63.75,3.112,105.20283677148184,87.0893618959235,16.982487880462344,56.44374004261145,0.0,0
212,-14.607329842931941,-63.75,3.112,107.32265303384648,92.68009459075984,19.309345937617152,49.466652360472445,0.0,0
213,-13.664921465968591,-63.75,3.112,115.93540727893848,102.298647594871,23.559125949553714,50.34670391390135,0.0,0
214,-12.72251308900524,-63.75,3.112,112.70593355174734,99.57555784319993,26.228878066877197,46.9865557274786,0.0,0
215,-11.780104712041888,-63.75,3.112,119.89929549471034,95.37598746595904,28.008638175003853,44.968489005015,0.0,0
216,-10.837696335078537,-63.75,3.112,148.17155858464247,89.10929558936914,30.088061415179027,55.27444109836763,0.0,0
217,-9.895287958115185,-63.75,3.112,170.47379161016963,88.71250632204465,34.24549523742043,61.70188198241262,0.0,1
218,-8.952879581151834,-63.75,3.112,176.69864928812962,113.30935070291162,48.08822424391432,55.839464656951115,0.0,1
219,-8.010471204188482,-63.75,3.112,169.12189252823558,110.63785410864512,52.0351158541525,49.21632868826142,0.0,1
220,-7.0680628272251305,-63.75,3.112,168.7686367693417,107.99334255396388,54.689580528787516,48.25634630829522,0.0,1
221,-6.12565445026178,-63.75,3.112,167.15320813478215,107.7239758358337,59.31362481548117,43.85925865567537,0.0,1
222,-5.183246073298429,-63.75,3.112,172.00136683402002,107.4249121840694,64.29275065417255,42.38507465541189,0.0,1
223,-4.2408376963350785,-63.75,3.112,180.06610359626183,109.97121218824759,71.08883038243354,44.57097909675406,0.0,1
224,-3.298429319371728,-63.75,3.112,194.5130461359742,108.84487291623373,73.35130206133567,42.650253506340604,0.0,1
225,-2.356020942408377,-63.75,3.112,216.2311656063563,106.44431971537415,74.5886655349332,40.82343940521616,0.0,1
226,-1.4136125654450262,-63.75,3.112,228.85267026508663,107.065214337199,79.270459904836,37.92172956529206,0.0,1
227,-0.4712041884816754,-63.75,3.112,233.16637337874545,109.38300951122073,81.43589638213514,34.50025730468249,0.0,1
228,0.4712041884816754,-63.75,3.112,218.41140575975768,106.39316302462248,80.77235505551381,27.090323785522795,0.0,1
229,1.4136125654450262,-63.75,3.112,193.10065772893864,108.78616293368395,80.95206935588129,21.32877109088878,0.0,1
230,3.298429319371728,-63.75,3.112,134.56054793254893,105.31181858939817,55.312335657795266,12.282621893136929,0.0,0
231,-19.319371727748695,-62.5,3.112,104.82576452749124,77.44641844154103,10.438699915919962,38.88744599097627,0.0,0
232,-18.376963350785346,-62.5,3.112,85.80015536632285,81.66645213786978,11.403565203934653,40.56383108809119,0.0,0
233,-17.434554973821996,-62.5,3.112,87.48579947212814,102.54563731898088,14.282065850098975,41.452682587828804,0.0,0
234,-16.492146596858646,-62.5,3.112,101.20495469537073,92.40823148516938,14.899639361112165,49.60984408903962,0.0,0
235,-15.549738219895294,-62.5,3.112,110.39776478816297,79.02502147284395,14.131999967553606,47.883285521756264,0.0,0
236,-14.607329842931941,-62.5,3.112,117.97287264798179,81.92132526586647,16.801161224575537,49.34890446580012,0.0,0
237,-13.664921465968591,-62.5,3.112,128.25059963334039,99.06857826747,23.09473127893377,50.45328019442135,0.0,0
238,-12.72251308900524,-62.5,3.112,135.89418620703844,106.48563103575725,28.38178125097463,50.692417753387886,0.0,0
239,-11.780104712041888,-62.5,3.112,147.6857214103556,91.3968250907783,27.181570088722562,50.28236269130816,0.0,0
240,-10.837696335078537,-62.5,3.112,161.60459924348405,85.998754468892,29.61603597041561,55.28466334943596,0.0,0
241,-9.895287958115185,-62.5,3.112,182.0518778992548,81.10722815443296,31.344046773294217,57.42208650502934,0.0,0
242,-8.952879581151834,-62.5,3.112,176.05304235953128,112.56897237617522,47.52536489779318,53.332881661136156,0.0,1
243,-8.010471204188482,-62.5,3.112,176.50697763036652,111.39618519111536,52.51283183223497,49.985508321178756,0.0,1
244,-7.0680628272251305,-62.5,3.112,182.24932985227377,108.42258720978862,55.22658808371197,49.30244763082227,0.0,1
245,-6.12565445026178,-62.5,3.112,173.54996353267555,107.6766033936292,59.27589396644434,44.66857333113331,0.0,1
246,-5.183246073298429,-62.5,3.112,170.25607465043214,107.0967282683705,64.43319056012629,42.44141562983489,0.0,1
247,-4.2408376963350785,-62.5,3.112,189.82190215264282,110.98613736714469,71.28425015726636,46.16467873562521,0.0,1
248,-3.298429319371728,-62.5,3.112,212.1302070349384,110.05962264054688,73.51541285398999,45.709595408489385,0.0,1
249,-2.356020942408377,-62.5,3.112,237.5098101628051,107.24365986679913,75.1112089465297,43.36661324938714,0.0,1
250,-1.4136125654450262,-62.5,3.112,255.03115361347878,110.42643667606171,79.7531951019912,39.8661947036972,0.0,1
251,-0.4712041884816754,-62.5,3.112,235.3985578974773,108.02821439603576,79.77378833438567,31.51249252317841,0.0,1
252,0.4712041884816754,-62.5,3.112,218.46319593231527,107.33490677084774,80.90747160134414,24.62127724159277,0.0,0
253,1.4136125654450262,-62.5,3.112,180.9408857057565,109.3485230114311,81.52602042322708,17.781213567956513,0.0,0
254,2.356020942408377,-62.5,3.112,157.66974155561974,109.46719026658684,76.38999356518154,13.381845812871612,0.0,0
255,3.298429319371728,-62.5,3.112,116.70139940715994,107.45745509339031,61.78215105519602,8.753635052387713,0.0,0
256,-18.376963350785346,-61.25,3.112,92.62983339121587,72.63589101508842,7.971512139837248,45.8120106971688,0.0,0
257,-17.434554973821996,-61.25,3.112,92.03149566234168,79.15928720292868,9.341549329603414,45.07079308720937,0.0,0
258,-16.492146596858646,-61.25,3.112,106.7974922695236,73.20045303975348,9.677633399035836,45.9536065595856,0.0,0
259,-15.549738219895294,-61.25,3.112,121.84067328919869,75.60666808392853,11.986013499443185,47.36165839936031,0.0,0
260,-14.607329842931941,-61.25,3.112,135.1441155925246,97.51082501927158,18.04007658914858,48.20777384294763,0.0,0
261,-13.664921465968591,-61.25,3.112,146.83571112975392,105.11372228502296,23.210931452177103,51.316488766995924,0.0,0
262,-12.72251308900524,-61.25,3.112,156.05715414546822,110.15005924768047,28.26476727960796,49.98328573773246,0.0,0
263,-11.780104712041888,-61.25,3.112,163.44298806678106,84.12340632436099,25.883711192029665,48.003077558221435,0.0,0
264,-10.837696335078537,-61.25,3.112,167.2238216597288,92.65106002065295,32.986238011007735,49.900325216941354,0.0,0
265,-9.895287958115185,-61.25,3.112,159.82850375935294,92.01083390777058,37.27745442879701,45.51634200861124,0.0,1
266,-8.952879581151834,-61.25,3.112,174.157304876211,109.68294153077295,48.32269884253499,48.14169782542658,0.0,1
267,-8.010471204188482,-61.25,3.112,184.28967406015653,111.08446232479764,53.75101834712575,49.13348751645765,0.0,1
268,-7.0680628272251305,-61.25,3.112,185.89798853264656,109.92486033181194,57.18090524333857,48.54438284930445,0.0,1
269,-6.12565445026178,-61.25,3.112,181.7213803379582,110.05256783100776,61.30124655699091,43.3552275056346,0.0,1
270,-5.183246073298429,-61.25,3.112,176.74628544066059,108.468373932119,64.05242526923809,40.223444956561615,0.0,1
271,-4.2408376963350785,-61.25,3.112,190.9799286344201,109.82307409081841,69.82666744691991,41.744366526882324,0.0,1
272,-3.298429319371728,-61.25,3.112,218.75339881692116,112.34009801410139,75.81562131634972,41.30114372241152,0.0,1
273,-2.356020942408377,-61.25,3.112,229.3064398299442,108.24786215292988,76.27588126014358,37.54733097978197,0.0,1
274,-1.4136125654450262,-61.25,3.112,247.29051525501464,107.95397656853311,78.83702289800868,35.11629748761703,0.0,1
275,-0.4712041884816754,-61.25,3.112,245.94154175228672,107.22392288938863,79.56802565903588,30.11913236534301,0.0,1
276,0.4712041884816754,-61.25,3.112,210.88248653339852,107.03237248468213,80.55014254890068,21.236486016363425,0.0,0
277,1.4136125654450262,-61.25,3.112,164.19023339988104,111.84628740360495,82.96213847458552,12.406136899230846,0.0,0
278,2.356020942408377,-61.25,3.112,124.16923422036128,108.14235670433845,77.8606971789656,6.932361907939203,0.0,0
279,3.298429319371728,-61.25,3.112,74.40256390689908,105.46025885181734,67.0987178609325,3.2517404876431923,0.0,0
280,4.2408376963350785,-61.25,3.112,43.78404145810454,93.4759457356995,47.1994547814149,1.632530119969924,0.0,0
281,-15.549738219895294,-60.0,3.112,139.84911476560677,80.14851191081107,9.976272805605955,48.81693081979675,0.0,0
282,-14.607329842931941,-60.0,3.112,138.83155396358794,94.35859085671837,15.600791191682848,47.022887581224616,0.0,0
283,-13.664921465968591,-60.0,3.112,154.02638783938147,103.60861033812398,21.30688173884608,48.875910980033964,0.0,0
284,-12.72251308900524,-60.0,3.112,168.9939334786637,99.90594989008969,25.818293438764858,50.78623596940628,0.0,0
285,-11.780104712041888,-60.0,3.112,178.66079983309177,105.78871562989661,33.82012236080286,52.66918474995437,0.0,1
286,-10.837696335078537,-60.0,3.112,176.79869174400636,98.61322378026671,36.730424562738385,48.504136977386395,0.0,1
287,-9.895287958115185,-60.0,3.112,164.83257870939036,93.43280633009272,39.53428267168802,44.580898467424525,0.0,1
288,-8.952879581151834,-60.0,3.112,173.6618849024605,101.45494884025538,46.77419497144689,45.730338211753114,0.0,1
289,-8.010471204188482,-60.0,3.112,179.2391843289367,111.17139779264107,54.217234059824875,45.08888104980879,0.0,1
290,-7.0680628272251305,-60.0,3.112,194.5128836249668,112.24376382655464,58.919178775798535,43.97973442826488,0.0,1
291,-6.12565445026178,-60.0,3.112,184.98991401399263,109.78516426985152,60.90031370913293,40.59216313056679,0.0,1
292,-5.183246073298429,-60.0,3.112,179.6193345948359,109.78382178756874,65.43936819821619,38.27688400021207,0.0,1
293,-4.2408376963350785,-60.0,3.112,189.44677535376348,110.65093752346002,69.83287082545387,38.66043010501376,0.0,1
294,-3.298429319371728,-60.0,3.112,216.1465088582829,112.23483700538054,75.31480621337946,37.027943794003214,0.0,1
295,-2.356020942408377,-60.0,3.112,221.48238063325766,103.60296468628803,72.94020413096145,31.40590317318898,0.0,1
296,-1.4136125654450262,-60.0,3.112,236.35358277053555,101.7879631445976,75.34444563981674,31.053082010891792,0.0,1
297,-0.4712041884816754,-60.0,3.112,233.43537871628487,103.27711919584544,77.85023669887474,26.193784394298895,0.0,1
298,0.4712041884816754,-60.0,3.112,193.02321054055744,105.26437338179676,79.30088391817267,16.606037900219647,0.0,0
299,1.4136125654450262,-60.0,3.112,151.37109904423394,106.07892719039228,78.89471581357006,8.416334797953084,0.0,0
300,2.356020942408377,-60.0,3.112,119.22457019765527,103.31900128454436,74.07148162654732,4.03133773737881,0.0,0
301,3.298429319371728,-60.0,3.112,78.57020592972346,99.44099850748898,66.09115607101174,1.8610413225199727,0.0,0
302,4.2408376963350785,-60.0,3.112,69.43661666437833,87.82582905114396,51.63015848597856,1.3397493322282077,0.0,0
303,5.183246073298429,-60.0,3.112,114.14959889714964,97.20912256889278,47.221921235893504,1.4259805557280651,0.0,0
304,-13.664921465968591,-58.75,3.112,165.1549518794112,84.25006247358397,14.706831879864295,48.197785995514764,0.0,0
305,-12.72251308900524,-58.75,3.112,173.6575998653385,95.40967425753479,23.530312197256162,49.3034579426393,0.0,0
306,-11.780104712041888,-58.75,3.112,177.81788004099297,96.79663004368194,30.26826057726145,48.63745803165867,0.0,0
307,-10.837696335078537,-58.75,3.112,187.86091587626277,97.71732010063715,36.254399879338784,49.09154786589874,0.0,1
308,-9.895287958115185,-58.75,3.112,184.83974861843365,113.90644056518795,47.51370321609429,47.32086151802014,0.0,1
309,-8.952879581151834,-58.75,3.112,186.92690365059747,114.3658963922644,52.91547053011708,45.15779607239883,0.0,1
310,-8.010471204188482,-58.75,3.112,192.5622078881668,111.59394735615933,56.86229859026706,43.7735064689708,0.0,1
311,-7.0680628272251305,-58.75,3.112,194.04686960499888,110.10900494002271,58.7084317812944,39.62746037669897,0.0,1
312,-6.12565445026178,-58.75,3.112,190.15812914825972,108.28496893780539,60.81192296460965,37.19453234191772,0.0,1
313,-5.183246073298429,-58.75,3.112,183.4294192937995,106.84983122191625,63.52163727763145,37.4832796707467,0.0,1
314,-4.2408376963350785,-58.75,3.112,186.18557848817525,106.75580378388986,67.09396009113769,37.50637625582795,0.0,1
315,-3.298429319371728,-58.75,3.112,203.82530279169364,110.34086808969732,72.87398439300813,35.843521509691485,0.0,1
316,-2.356020942408377,-58.75,3.112,193.97751240078972,102.3046265373705,71.71559720136942,27.274837667633534,0.0,1
317,-1.4136125654450262,-58.75,3.112,216.89328460938026,100.02552345948061,74.39787042377695,27.04798727003445,0.0,1
318,-0.4712041884816754,-58.75,3.112,208.00626537397108,101.05209715256933,76.96545759196347,23.258016212316747,0.0,1
319,0.4712041884816754,-58.75,3.112,171.0249399623919,102.3874975705985,78.5801104171635,15.017653278626996,0.0,0
320,-13.664921465968591,-57.5,3.112,163.6731632624168,102.70093061233638,16.08593988534728,49.41802768587433,0.0,0
321,-12.72251308900524,-57.5,3.112,163.89241631044862,94.9972785708087,21.83060778980337,48.633582787328244,0.0,0
322,-11.780104712041888,-57.5,3.112,173.4145328745845,91.80825117073255,26.91475640320055,48.79501164705931,0.0,0
323,-10.837696335078537,-57.5,3.112,188.68503041229746,92.78530178766232,33.717783867330375,49.49516960323825,0.0,1
324,-9.895287958115185,-57.5,3.112,193.84370462684004,92.51923432806507,38.909358595104436,46.48678908443609,0.0,1
325,-8.952879581151834,-57.5,3.112,206.75661981899447,111.23675446986454,51.815813260248326,44.7010259609421,0.0,1
326,-8.010471204188482,-57.5,3.112,207.55661913456197,113.67874115996528,58.4048027773283,42.365063132427025,0.0,1
327,-7.0680628272251305,-57.5,3.112,207.1167555251606,110.16875237954082,59.91941251497054,38.763678185274,0.0,1
328,-6.12565445026178,-57.5,3.112,197.32401516911725,110.17288921808358,63.99745808745553,35.29076936563747,0.0,1
329,-5.183246073298429,-57.5,3.112,179.06458973976697,102.31753453728743,61.63830774909438,33.38803547275203,0.0,1
330,-4.2408376963350785,-57.5,3.112,166.4458877266497,102.43914645718178,64.28860481819146,33.23577223489923,0.0,1
331,-3.298429319371728,-57.5,3.112,161.80381264444358,106.68693141429685,69.18542139334966,29.16586284534612,0.0,1
332,-2.356020942408377,-57.5,3.112,173.77696743395836,107.66684093337972,73.84642151924756,25.69575938949831,0.0,1
333,-1.4136125654450262,-57.5,3.112,186.59479772654623,101.79856852046214,74.03578627355782,25.61686305774856,0.0,1
334,-0.4712041884816754,-57.5,3.112,156.8663930540834,101.11235244112322,75.91633089930365,20.013427584552826,0.0,0
335,0.4712041884816754,-57.5,3.112,124.3080310088454,99.86511110473657,75.5672498274043,13.525744119487019,0.0,0
336,1.4136125654450262,-57.5,3.112,98.18628817782012,89.32528470642865,65.55843124621958,5.6656959136033445,0.0,0
337,-13.664921465968591,-56.25,3.112,160.32256844350803,93.95934773550835,13.7529783660377,46.44122767860729,0.0,0
338,-12.72251308900524,-56.25,3.112,164.60162311452856,95.30536314763594,20.189761085565852,47.91107629060619,0.0,0
339,-11.780104712041888,-56.25,3.112,176.13630707982293,97.81744659907417,26.361463931620374,48.4255966847077,0.0,0
340,-10.837696335078537,-56.25,3.112,196.37951007065382,116.89223775960272,38.651329133289984,50.20658192067394,0.0,1
341,-9.895287958115185,-56.25,3.112,203.71295257424376,116.07772839604877,45.7942058184262,46.31761100752073,0.0,1
342,-8.952879581151834,-56.25,3.112,204.02076449520027,105.87095537222922,48.9225627892517,42.640497745029805,0.0,1
343,-8.010471204188482,-56.25,3.112,205.89807249460327,89.08626490610914,45.7782490347227,39.269058817376745,0.0,1
344,-7.0680628272251305,-56.25,3.112,203.53403596542927,86.8213125654438,48.626498933375146,36.262930086961305,0.0,1
345,-6.12565445026178,-56.25,3.112,190.21535059477873,83.23619730814244,48.86541890349928,31.52715025298664,0.0,1
346,-5.183246073298429,-56.25,3.112,167.60318920065455,106.1726182809798,64.80379709475412,28.747992180229055,0.0,0
347,-4.2408376963350785,-56.25,3.112,139.80043369094884,104.17812469240744,65.75412851640128,24.368958055555403,0.0,0
348,-3.298429319371728,-56.25,3.112,125.6719123398428,100.8242787924246,65.55007107729882,21.12881683721441,0.0,0
349,-2.356020942408377,-56.25,3.112,134.8948183427895,111.80682743608486,76.84975766669601,20.54090119371687,0.0,0
350,-1.4136125654450262,-56.25,3.112,121.12472540448746,102.91795586817898,74.75798452473445,16.806064893152698,0.0,0
351,-0.4712041884816754,-56.25,3.112,82.7808971973197,73.29477554008918,55.27175756885475,10.258330432180612,0.0,0
352,0.4712041884816754,-56.25,3.112,56.131495671430756,73.37458953377791,57.15191097670665,5.555754247566326,0.0,0
353,1.4136125654450262,-56.25,3.112,52.78972334292382,93.97525230247993,69.25555323688944,3.148460781408241,0.0,0
354,-14.607329842931941,-55.0,3.112,154.66562212138984,91.71384910092456,9.096548789907194,41.86650818614858,0.0,0
355,-13.664921465968591,-55.0,3.112,169.28659621780167,92.09907554788515,13.71234624267384,44.717640848584736,0.0,0
356,-12.72251308900524,-55.0,3.112,159.80625351416955,115.76950643328018,23.297908345579813,42.37005853783059,0.0,0
357,-11.780104712041888,-55.0,3.112,166.66312288003854,113.25392596016172,28.71466332537124,42.02625346459488,0.0,0
358,-10.837696335078537,-55.0,3.112,180.43010312212152,114.46942225273233,36.318552138761625,44.34571556988771,0.0,1
359,-9.895287958115185,-55.0,3.112,189.27123350777103,112.44552929070778,42.737032182771046,42.25097932851631,0.0,1
360,-8.952879581151834,-55.0,3.112,191.04521468506135,92.80682839307701,41.2403915239574,37.95493574651839,0.0,1
361,-8.010471204188482,-55.0,3.112,205.60026263992933,84.70274325089122,42.70787287563022,36.39958915139936,0.0,1
362,-7.0680628272251305,-55.0,3.112,209.13697076105754,82.24370024861855,44.355484302131785,33.0953374827734,0.0,1
363,-6.12565445026178,-55.0,3.112,195.22991136936852,82.52400948862487,48.59427189938629,29.646319645345635,0.0,1
364,-5.183246073298429,-55.0,3.112,154.4263458820805,103.84893625276163,64.11325895897684,24.045620397208822,0.0,0
365,-4.2408376963350785,-55.0,3.112,109.32645456604595,86.11903742428694,54.77659564599951,14.963998811555232,0.0,0
366,-3.298429319371728,-55.0,3.112,86.88504081884801,101.84374424919952,66.60181107147956,11.065580428671911,0.0,0
367,-2.356020942408377,-55.0,3.112,88.17028918172818,93.18933342990931,63.983308738259915,8.959981203516806,0.0,0
368,-1.4136125654450262,-55.0,3.112,56.12268558527379,66.5491873613064,49.358552037082724,4.7141017481800915,0.0,0
369,-0.4712041884816754,-55.0,3.112,35.40290840343783,23.848407738321384,18.59251982773417,2.1672581534412023,0.0,0
370,0.4712041884816754,-55.0,3.112,26.243435166646293,21.588151981411556,17.014290457797046,1.2528706411912616,0.0,0
371,1.4136125654450262,-55.0,3.112,26.23339472941574,62.22760151285911,46.68274228992878,1.0102207034307766,0.0,0
372,2.356020942408377,-55.0,3.112,29.913994481875598,35.86023977961304,24.711874068572186,0.7061999228798831,0.0,0
373,-14.607329842931941,-53.75,3.112,153.73782395976852,88.82821632781997,8.011565557744554,35.94615821708141,0.0,0
374,-13.664921465968591,-53.75,3.112,154.49383981280653,111.08982900856063,15.220256451675297,36.95272480077037,0.0,0
375,-12.72251308900524,-53.75,3.112,146.42202346775665,113.68123344553169,21.01993579106596,33.92564026286283,0.0,0
376,-11.780104712041888,-53.75,3.112,151.02807924272378,112.65702087956015,26.634023176295788,34.21904808980703,0.0,0
377,-10.837696335078537,-53.75,3.112,161.9236957786889,111.02780882909428,32.71731603062378,36.22850897180407,0.0,1
378,-9.895287958115185,-53.75,3.112,177.30829172774793,111.3024863525061,39.30042101298295,35.245176893206974,0.0,1
379,-8.952879581151834,-53.75,3.112,185.308861079501,110.40197341324529,46.13428515867632,31.13175636095962,0.0,1
380,-8.010471204188482,-53.75,3.112,201.06955956349057,109.5273284232826,52.678683860004526,29.067598243154357,0.0,1
381,-7.0680628272251305,-53.75,3.112,208.54487800637918,84.94189998433285,45.68691862583991,26.05310597150596,0.0,1
382,-6.12565445026178,-53.75,3.112,190.44963486731803,80.78254671192553,47.33422731848303,23.339566355539112,0.0,0
383,-5.183246073298429,-53.75,3.112,141.99795513800387,83.41911968949717,51.92995531267826,17.360737611828387,0.0,0
384,-4.2408376963350785,-53.75,3.112,89.76822945708055,103.68174856732367,65.15344246904617,10.310819973065458,0.0,0
385,-3.298429319371728,-53.75,3.112,62.311631798017665,94.43383111793082,61.31317888646039,6.362847805545211,0.0,0
386,-2.356020942408377,-53.75,3.112,51.53899826685928,84.30161870608572,56.921837434476835,4.359746983787783,0.0,0
387,-1.4136125654450262,-53.75,3.112,33.773730214809135,58.55511313449824,42.213026989055216,2.0625429925811036,0.0,0
388,-0.4712041884816754,-53.75,3.112,21.651232476570694,20.80240367944498,16.273702771554255,1.0057923624868637,0.0,0
389,0.4712041884816754,-53.75,3.112,15.697528153066045,16.676499236291562,13.196680410232457,0.47974086367094637,0.0,0
390,1.4136125654450262,-53.75,3.112,15.966302993335493,29.830866341690125,22.55903295265937,0.34861237457880145,0.0,0
391,2.356020942408377,-53.75,3.112,18.537125786708884,21.849243927119915,15.219423669457226,0.20457781853610396,0.0,0
392,-13.664921465968591,-52.5,3.112,152.90443832610814,103.98014043574221,11.097857902535912,29.302643675530078,0.0,0
393,-12.72251308900524,-52.5,3.112,152.81491997840251,115.95506287878379,17.448818199007206,27.960333846208805,0.0,0
394,-11.780104712041888,-52.5,3.112,150.9233863093637,113.49407245230395,22.085256536115644,27.3894681297935,0.0,0
395,-10.837696335078537,-52.5,3.112,156.52293059641994,109.18057904520538,26.951364636665886,26.360433796168433,0.0,0
396,-9.895287958115185,-52.5,3.112,164.62518992761866,111.29513588442933,34.79851391789085,25.356068855304898,0.0,1
397,-8.952879581151834,-52.5,3.112,178.47489039824686,110.75213036499918,42.56952948921054,23.151671418883403,0.0,1
398,-8.010471204188482,-52.5,3.112,196.98807092106588,104.80738392841886,47.587557445367544,22.106266707186805,0.0,1
399,-7.0680628272251305,-52.5,3.112,200.66493226082304,105.15378563170088,54.53537440125564,18.358978862502536,0.0,1
400,-6.12565445026178,-52.5,3.112,176.52707404110564,110.4524980194401,62.704273684178006,13.799228341628247,0.0,0
401,-5.183246073298429,-52.5,3.112,123.91646964274837,100.55794182582758,60.24585573371219,11.080843939798527,0.0,0
402,-4.2408376963350785,-52.5,3.112,77.97318080335634,100.60305530321784,62.631891478403325,7.146423678823559,0.0,0
403,-3.298429319371728,-52.5,3.112,58.12292971146784,94.80813147907611,60.99654380388973,4.8596624062747,0.0,0
404,-2.356020942408377,-52.5,3.112,41.13184146200124,84.44202331127599,56.29925574984431,2.797615010095641,0.0,0
405,-1.4136125654450262,-52.5,3.112,29.98000034472691,74.62452858046163,51.89878092256149,1.4494084328373826,0.0,0
406,-0.4712041884816754,-52.5,3.112,20.25419359070994,35.010172106922255,25.928287323261102,0.8032787949637537,0.0,0
407,0.4712041884816754,-52.5,3.112,14.113236145368257,13.005199157405514,9.761661134769986,0.29910753462332906,0.0,0
408,-8.952879581151834,-51.25,3.112,171.59634800382673,113.40558182448149,35.92251310638538,15.291717894530581,0.0,1
409,-8.010471204188482,-51.25,3.112,181.71232597891947,112.84153626125772,45.67928024855453,13.374123736934303,0.0,1
410,-7.0680628272251305,-51.25,3.112,181.28987136726187,100.47110198633163,47.60753285791251,10.108123618501962,0.0,0
411,-5.183246073298429,-51.25,3.112,103.41958962801178,55.86761641809062,31.851087986769627,5.571040346408841,0.0,0
412,-4.2408376963350785,-51.25,3.112,71.2666917842673,41.683906844364174,25.743100290312086,4.611972257919229,0.0,0
413,-3.298429319371728,-51.25,3.112,53.465635269484025,97.19434111146256,61.14202809061047,3.3245007791598447,0.0,0
414,-2.356020942408377,-51.25,3.112,40.51997680910905,92.87451497744769,60.77127924779175,1.8182011490236833,0.0,0
415,-3.298429319371728,-50.0,3.112,45.73934860089705,95.96879354445264,58.610808310371844,1.8394655143126717,0.0,0
