node_id,lat,lon,threshold,prec,evap,in_degree,out_degree,clustering,ffl
0,-6.12565445026178,-78.75,0.2367,14.047512317149753,57.592816306860186,0.7338849333015378,7.070298590225542,0.5,3
1,-5.183246073298429,-78.75,0.2367,28.670544777533497,68.95296754839364,1.1751964669623538,14.177061221152208,0.3333333333333333,9
2,-4.2408376963350785,-78.75,0.2367,53.07930168959748,71.56274609675165,1.558308316892608,27.093359032475778,0.5694444444444444,60
3,-3.298429319371728,-78.75,0.2367,55.83068364090057,63.66838066081982,1.8774982486089706,31.71067307160435,0.44761904761904764,116
4,-2.356020942408377,-78.75,0.2367,61.31092602493577,55.8192339449306,2.2276231483158324,35.25399709442764,0.4502923976608187,181
5,-1.4136125654450262,-78.75,0.2367,73.62907554129038,49.41913939794176,2.3206470127414844,37.2013170770401,0.46904761904761905,225
6,-8.952879581151834,-77.5,0.2367,13.22463265346344,57.49991068179952,0.7438323483455606,5.023776706308699,0.5,6
7,-8.010471204188482,-77.5,0.2367,14.922294125356867,47.07260444010899,1.2119397164725456,6.9557648887470025,0.16666666666666666,5
8,-7.0680628272251305,-77.5,0.2367,21.197134260566354,53.2572036649799,1.715556794006727,11.213490623347965,0.0,5
9,-6.12565445026178,-77.5,0.2367,24.351076150890748,67.55786904323031,2.5224449959381565,15.452591936953974,0.16666666666666666,6
10,-5.183246073298429,-77.5,0.2367,41.25149486110782,77.2359303983103,3.434101987289466,18.389304205782445,0.23333333333333334,11
11,-4.2408376963350785,-77.5,0.2367,70.55152055631171,84.73742132759071,5.078285607021923,34.112269323678525,0.329004329004329,157
12,-3.298429319371728,-77.5,0.2367,112.39089558448438,80.39093526444049,6.406422854041189,54.779323902899485,0.25030266343825663,856
13,-2.356020942408377,-77.5,0.2367,147.74262204216402,73.6835214070743,7.140401721995667,65.59813190132559,0.23114973262032085,1738
14,-1.4136125654450262,-77.5,0.2367,169.9994907607076,64.72863560949918,5.732415403458826,66.49416509604302,0.28864569083447333,2181
15,-0.4712041884816754,-77.5,0.2367,155.61929567361625,54.6018933520827,3.474271380157649,63.381158269907495,0.3344155844155844,2060
16,0.4712041884816754,-77.5,0.2367,105.96517762082074,56.582565220305696,2.6946030071716756,46.95252916938751,0.4241741741741742,640
17,-10.837696335078537,-76.25,0.2367,10.675158873564412,42.50791755723185,0.5402740028543348,4.159638752398237,0.0,1
18,-9.895287958115185,-76.25,0.2367,26.257176424557976,48.82306285275263,1.5788051996666033,10.561033043457368,0.25,14
19,-8.952879581151834,-76.25,0.2367,58.99754547396433,57.737405802472495,3.93671341158992,27.55297891773788,0.17916666666666667,71
20,-8.010471204188482,-76.25,0.2367,47.7895623166248,69.69748635194264,6.018640793034919,23.378771264651828,0.19230769230769232,37
21,-7.0680628272251305,-76.25,0.2367,44.93293016510658,71.59593595017213,6.157906399596237,20.465799191073987,0.25,30
22,-6.12565445026178,-76.25,0.2367,45.38623258205226,80.30568143556593,7.077356169514179,22.294330539689433,0.26973684210526316,41
23,-5.183246073298429,-76.25,0.2367,48.69321664876145,88.79296122584492,8.027546512002246,26.362104930262714,0.3562874251497006,66
24,-4.2408376963350785,-76.25,0.2367,58.860355089170454,89.8231527893222,9.38815136925343,35.55479635251194,0.3392554991539763,265
25,-3.298429319371728,-76.25,0.2367,74.7496016002535,93.58956507610856,11.301356101125835,43.49173946221743,0.3732476635514019,395
26,-2.356020942408377,-76.25,0.2367,91.52477087796247,94.58693370921537,12.720592835627967,43.27394451553255,0.39086294416243655,489
27,-1.4136125654450262,-76.25,0.2367,108.00182600789992,95.48771702771774,12.753429154167993,44.131804180590514,0.40160284951024044,583
28,-0.4712041884816754,-76.25,0.2367,136.93271843146636,92.84225909461384,11.442272423601036,47.56602532951777,0.4007161458333333,960
29,0.4712041884816754,-76.25,0.2367,220.74815347087488,73.23478247315506,7.509986903177549,68.48579496499602,0.3294711824123589,3303
30,1.4136125654450262,-76.25,0.2367,219.9926229093623,56.76215214509284,2.871535136121323,62.11771008224834,0.37993827160493826,2591
31,-13.664921465968591,-75.0,0.2367,1.2478293842579906,13.014656429707435,0.21287652630153528,0.39153373945064585,0.0,0
32,-12.72251308900524,-75.0,0.2367,11.393504010854445,38.448391745769186,0.9019961543692055,4.704093070951769,0.5,3
33,-11.780104712041888,-75.0,0.2367,27.375019739785422,47.166057261347305,1.9577074364500833,13.334645231428148,0.38095238095238093,28
34,-10.837696335078537,-75.0,0.2367,66.64975225376736,56.77606537617976,5.732851384820616,33.70192424887284,0.14682539682539683,92
35,-9.895287958115185,-75.0,0.2367,42.294165034152954,73.25298250943888,9.384466939346785,17.594859118326713,0.27692307692307694,20
36,-8.952879581151834,-75.0,0.2367,24.073949764547546,82.49262357072439,10.397933307376968,10.409541116758628,0.3055555555555556,5
37,-8.010471204188482,-75.0,0.2367,22.099269565406118,83.33804043737473,9.624048804420903,9.358638785216137,0.3181818181818182,7
38,-7.0680628272251305,-75.0,0.2367,27.797550260101538,84.51119698147522,9.13000039789547,13.476192088615193,0.2830188679245283,14
39,-6.12565445026178,-75.0,0.2367,41.16244341454592,88.107924425276,9.531017638398009,22.874674304444852,0.3047337278106509,55
40,-5.183246073298429,-75.0,0.2367,64.33471774150523,88.51997146673966,10.685885613148484,40.976995091757246,0.2644787644787645,267
41,-4.2408376963350785,-75.0,0.2367,91.02754921340359,87.29664850136032,11.645641704129366,63.035859527145924,0.1498602451085788,1138
42,-3.298429319371728,-75.0,0.2367,111.59557554741704,87.26182173297275,13.566177247675853,71.22777819957696,0.15647552814591262,1907
43,-2.356020942408377,-75.0,0.2367,138.70059029737115,89.37422745890217,15.012632095764694,73.2108472924049,0.20275216919739697,2532
44,-1.4136125654450262,-75.0,0.2367,156.99616120937634,89.21347333467565,15.238812303093955,72.11252149279,0.2584091535704439,3144
45,-0.4712041884816754,-75.0,0.2367,156.9127508820739,93.65318753232714,15.410326125306627,63.65138027328721,0.3326662854964742,2812
46,0.4712041884816754,-75.0,0.2367,151.97417615512012,97.74010963359615,14.280415617723392,47.76961738747772,0.41232442229270505,1373
47,1.4136125654450262,-75.0,0.2367,193.8653511788179,80.99009364421363,9.423855763322205,50.191983946998164,0.40507679180887374,1767
48,2.356020942408377,-75.0,0.2367,247.29550927204158,67.37137452524621,4.053082112894832,54.15595480632078,0.3745299145299145,2219
49,-14.607329842931941,-73.75,0.2367,2.1331793433250565,23.30565857786496,1.0340314596058333,0.8644441149341526,0.0,0
50,-13.664921465968591,-73.75,0.2367,15.8686327500169,45.8197526303411,2.4528689765403624,5.451994810058853,0.5,10
51,-12.72251308900524,-73.75,0.2367,41.27253708745791,54.843140613375,4.002188855712589,12.428428754549392,0.45,16
52,-11.780104712041888,-73.75,0.2367,53.96572455508216,65.83555584016722,9.763364814390416,31.45170385947771,0.1493288590604027,82
53,-10.837696335078537,-73.75,0.2367,26.425060527204202,75.82530458254041,11.490629681896154,11.054605447845738,0.3055555555555556,9
54,-9.895287958115185,-73.75,0.2367,21.978367982077806,80.79157518659486,11.45233999314905,9.564270101184073,0.3068181818181818,6
55,-8.952879581151834,-73.75,0.2367,19.98217934072532,80.5727193938219,10.382078923922242,9.44040142857839,0.3113207547169811,10
56,-8.010471204188482,-73.75,0.2367,26.55341323961461,81.64935401800903,9.958583862357656,13.369815035839501,0.33076923076923076,10
57,-7.0680628272251305,-73.75,0.2367,36.62475869380829,83.36335456813686,10.03373881033691,20.199437749746288,0.19523809523809524,37
58,-6.12565445026178,-73.75,0.2367,48.18140738730447,84.89921332526137,10.910402589563096,30.501227167435232,0.2480106100795756,102
59,-5.183246073298429,-73.75,0.2367,63.59076999964509,88.81703304068651,12.502581708195272,40.26144831092818,0.23785425101214575,239
60,-4.2408376963350785,-73.75,0.2367,83.48992735027034,91.37748505803756,14.504356246704905,48.75746860088363,0.25645481628599803,628
61,-3.298429319371728,-73.75,0.2367,105.68984955872068,91.40732749103336,16.122515829162257,51.75915063598002,0.24861968171484247,973
62,-2.356020942408377,-73.75,0.2367,131.76477056546176,90.91589961724821,17.930148589218607,55.97029409416609,0.2919498170412964,1549
63,-1.4136125654450262,-73.75,0.2367,167.28254372813404,91.75767882697983,18.719986050252075,64.12373775291155,0.29423763386027535,2642
64,-0.4712041884816754,-73.75,0.2367,191.82510768517713,90.99395162455039,18.41547544836532,68.4597487291615,0.30008002133902373,3593
65,0.4712041884816754,-73.75,0.2367,209.38320062155017,91.71506090409821,17.487270171901994,64.90153380736065,0.34662004662004664,3591
66,1.4136125654450262,-73.75,0.2367,226.06944318637312,93.7193566870701,14.569274981618012,54.36172735573302,0.3818344404701073,2530
67,-14.607329842931941,-72.5,0.2367,5.269905171392901,27.586857037385926,1.6825986513658382,1.3518311053876004,0.0,0
68,-13.664921465968591,-72.5,0.2367,18.24354944328953,52.1540368872229,4.241738627006278,5.653451924182759,0.5,3
69,-12.72251308900524,-72.5,0.2367,28.254336552355397,64.081253039476,8.375953467673497,11.786057140775007,0.24074074074074073,32
70,-11.780104712041888,-72.5,0.2367,28.44718862350653,71.77344337193063,10.408700400439022,9.136139397431972,0.3384615384615385,14
71,-10.837696335078537,-72.5,0.2367,18.959883299236196,74.84265064500505,10.068111075159093,6.876840807167163,0.4107142857142857,1
72,-9.895287958115185,-72.5,0.2367,18.243604046118115,75.80989525245968,9.559582046851126,7.323553623663094,0.45,1
73,-8.952879581151834,-72.5,0.2367,18.562974164864407,79.21546139783459,9.79317892567393,7.6244786645622,0.375,3
74,-8.010471204188482,-72.5,0.2367,21.09079118481321,82.67695358139463,10.298777851698123,9.640278275606075,0.23484848484848486,8
75,-7.0680628272251305,-72.5,0.2367,29.817780161566283,84.59732791234273,10.976089334065168,13.863356405400326,0.34065934065934067,14
76,-6.12565445026178,-72.5,0.2367,40.748027940222485,85.3057665831875,11.870679900420182,19.480674990691135,0.3551587301587302,43
77,-5.183246073298429,-72.5,0.2367,57.81329669055551,87.85707624134375,13.993625794971063,29.039400495947515,0.35551330798479086,134
78,-4.2408376963350785,-72.5,0.2367,82.19576726229333,90.41964367293986,16.302395354606585,39.90791103035221,0.30377612946729604,449
79,-3.298429319371728,-72.5,0.2367,101.96361240149623,94.55342861503595,18.946010528062057,42.32975722810734,0.3368623676612127,689
80,-2.356020942408377,-72.5,0.2367,137.65878737171835,94.31542644684669,20.74282040319804,50.165631698325015,0.2869263862332696,1423
81,-1.4136125654450262,-72.5,0.2367,171.8093579488749,95.39059915055986,22.23339827262248,56.003423375508596,0.3050989914082929,2181
82,-0.4712041884816754,-72.5,0.2367,198.16192066202183,93.80664851283655,21.45441398908515,61.672389801726496,0.3188062891161655,2970
83,0.4712041884816754,-72.5,0.2367,237.3110269809178,91.46837483800482,20.362455555276828,67.1410399322167,0.3410025300442758,3304
84,1.4136125654450262,-72.5,0.2367,287.4762243245936,93.62479630930466,17.103167193447245,71.12906966166607,0.33564069542820346,3501
85,-14.607329842931941,-71.25,0.2367,5.872861096814298,23.76360461676086,1.770945802551521,2.0616029938886795,0.0,1
86,-13.664921465968591,-71.25,0.2367,23.283708619210493,54.84261436082306,5.396508871138255,5.276591377903855,0.4027777777777778,7
87,-12.72251308900524,-71.25,0.2367,32.99217730911903,61.29064485357958,8.422279092884722,13.89033223104502,0.2835820895522388,33
88,-11.780104712041888,-71.25,0.2367,23.730795823526325,71.81313459746889,8.994827810571135,7.231953085654294,0.35555555555555557,1
89,-10.837696335078537,-71.25,0.2367,17.26812319206116,75.74672581977211,8.792337831183623,6.229742433174921,0.25,1
90,-9.895287958115185,-71.25,0.2367,16.880217896656536,79.6151258746977,9.411663290227063,5.86788315165517,0.3333333333333333,1
91,-8.952879581151834,-71.25,0.2367,16.901883336124047,82.2049567560316,9.884429497626552,5.715139983146891,0.4,1
92,-8.010471204188482,-71.25,0.2367,20.345620337171297,83.22691026289249,10.51549968433954,6.999409710545035,0.4,3
93,-7.0680628272251305,-71.25,0.2367,27.058799639405198,85.26408606878249,11.616621012739856,9.098237580097596,0.4727272727272727,3
94,-6.12565445026178,-71.25,0.2367,38.265275331752655,86.86044769361615,12.921907765339501,15.553085262094275,0.39952153110047844,22
95,-5.183246073298429,-71.25,0.2367,54.36663061334529,89.09750655584503,15.554494748282742,23.72094105003152,0.3674089068825911,68
96,-4.2408376963350785,-71.25,0.2367,77.0670156979966,92.27537459257292,17.944814530448653,31.85731416987113,0.37488415199258573,284
97,-3.298429319371728,-71.25,0.2367,98.62203303826509,94.50350887316745,20.677163836751774,36.92559357736202,0.3554790894653256,536
98,-2.356020942408377,-71.25,0.2367,134.7981199691341,96.6045205516275,23.003579413389907,44.62373472923304,0.3293628013777268,1152
99,-1.4136125654450262,-71.25,0.2367,168.65513319340553,97.75231663399609,24.953794979817367,49.96381836164316,0.3170518547290736,1889
100,-0.4712041884816754,-71.25,0.2367,204.34558404488985,96.90984050306724,25.08633208961753,56.170222049765385,0.335555940422584,2472
101,0.4712041884816754,-71.25,0.2367,251.77931096434068,95.82024714356521,23.871481931844404,62.43070350838825,0.3442663995993991,2963
102,1.4136125654450262,-71.25,0.2367,304.958960734497,93.84291846421547,19.48712617468645,68.57986499835798,0.33766233766233766,3076
103,-13.664921465968591,-70.0,0.2367,40.33825713802446,51.11117435750202,5.4729231118161765,13.716254454401017,0.358974358974359,32
104,-12.72251308900524,-70.0,0.2367,29.859343632311614,69.59571803512517,8.086912004440666,8.561305164861814,0.44285714285714284,7
105,-11.780104712041888,-70.0,0.2367,16.528659920946048,75.46028356970055,7.875711650103182,5.389926010336795,0.5,1
106,-10.837696335078537,-70.0,0.2367,14.35563069256429,77.162819581863,8.061868585573563,5.077802948064514,0.16666666666666666,1
107,-9.895287958115185,-70.0,0.2367,14.023769952687127,81.18465124396607,9.092637978203248,4.212498403864765,0.0,1
108,-8.952879581151834,-70.0,0.2367,15.165177050131922,83.05254753999179,9.763591902441117,4.404926118874361,0.0,1
109,-8.010471204188482,-70.0,0.2367,16.809917884995304,83.61950279970188,10.470996327727772,4.9715518471043385,0.5,1
110,-7.0680628272251305,-70.0,0.2367,22.047341470941618,85.76780520466855,11.894332766056587,7.092461502799212,0.4393939393939394,3
111,-6.12565445026178,-70.0,0.2367,31.604098181363042,87.27187853161013,13.778292352908014,12.532920521265506,0.4742647058823529,9
112,-5.183246073298429,-70.0,0.2367,51.47260654522459,89.86650209873915,16.574508993022643,21.170972601410753,0.3860887096774194,58
113,-4.2408376963350785,-70.0,0.2367,68.45951406778372,95.16527767293155,19.76891454974311,26.50375740663543,0.3851851851851852,143
114,-3.298429319371728,-70.0,0.2367,97.58649631271489,95.24408170982497,22.431984397513943,34.465994482016455,0.37241926945473797,455
115,-2.356020942408377,-70.0,0.2367,130.46992299861677,97.56936218007468,25.816953075166666,40.06294165373261,0.33916495148485737,985
116,-1.4136125654450262,-70.0,0.2367,164.361834271011,98.38520078512374,26.889667813578853,44.677564996057185,0.32775356576862125,1654
117,-0.4712041884816754,-70.0,0.2367,209.06788836687412,98.1880866564461,27.060105019923633,51.86572323268898,0.3495238095238095,2164
118,0.4712041884816754,-70.0,0.2367,262.7549052063205,97.78759316483047,26.008690054734828,57.9104773525941,0.3536473607038123,2566
119,1.4136125654450262,-70.0,0.2367,311.8493088169656,94.91653562290594,20.820374785013417,62.762240675648705,0.3594153052450559,2517
120,-15.549738219895294,-68.75,0.2367,21.347902473419534,69.31753279524855,5.2048099109271755,12.487269799234959,0.35064935064935066,41
121,-14.607329842931941,-68.75,0.2367,38.708888087069155,51.04965639678994,4.877363947923311,13.269772703924803,0.4222222222222222,21
122,-13.664921465968591,-68.75,0.2367,46.50558551311459,60.15130763466004,6.227562630432017,13.903348029927606,0.2909090909090909,10
123,-12.72251308900524,-68.75,0.2367,17.819303621558397,77.2098623245256,7.5334605663425975,5.670307522063148,0.36666666666666664,0
124,-11.780104712041888,-68.75,0.2367,12.950280354552898,77.39068652823335,7.180216958883265,4.476124778266387,0.0,0
125,-10.837696335078537,-68.75,0.2367,13.23479682597276,77.5246361354948,7.5766105473774825,4.494087071656814,0.0,0
126,-9.895287958115185,-68.75,0.2367,13.171739714451391,82.50581123807933,8.614823834888707,3.3575816997300842,0.0,0
127,-8.952879581151834,-68.75,0.2367,12.478588122661154,85.05436830542749,9.800325982033293,3.402620212542149,0.0,0
128,-8.010471204188482,-68.75,0.2367,14.265410779284931,83.77266750874696,10.527537737626297,3.885039679054887,0.0,1
129,-7.0680628272251305,-68.75,0.2367,19.27247252456855,85.64870312518906,12.219385951821316,5.944313800854486,0.4722222222222222,2
130,-6.12565445026178,-68.75,0.2367,29.49348565060949,88.75988089770544,14.685605941699581,10.26367933668963,0.4852941176470588,3
131,-5.183246073298429,-68.75,0.2367,50.73715102352942,90.01924295327626,17.40117445233467,17.492629758897138,0.3908918406072106,36
132,-4.2408376963350785,-68.75,0.2367,69.19480147303265,92.32632060156902,20.755009437447573,24.8431000392438,0.37052810902896083,149
133,-3.298429319371728,-68.75,0.2367,95.31268490902917,97.33797140041133,24.054782472094995,28.88336517615881,0.39188370684433677,301
134,-2.356020942408377,-68.75,0.2367,136.58088446344138,96.82453718036413,26.980727681858394,37.07412146014504,0.35734642178594045,800
135,-1.4136125654450262,-68.75,0.2367,174.33429322594765,98.86623413767666,28.806432314099645,44.22332773599564,0.3322107765451664,1465
136,-0.4712041884816754,-68.75,0.2367,215.73528819628706,100.39868849184131,29.665529994389765,50.78235452379698,0.3449819082079604,1895
137,0.4712041884816754,-68.75,0.2367,270.7469215799915,97.8553087610635,28.433789992828515,58.90142720844767,0.3554300435988902,2150
138,1.4136125654450262,-68.75,0.2367,347.7915296487163,95.59252555118292,24.16191734143924,67.10873551056386,0.3604260089686099,2199
139,2.356020942408377,-68.75,0.2367,405.95120379543005,91.91943008860108,15.428962369209152,61.688111085763225,0.3687991789257612,1750
140,-16.492146596858646,-67.5,0.2367,29.887412441107422,58.23460280531435,3.8047463397847614,16.14673320782533,0.2967032967032967,60
141,-15.549738219895294,-67.5,0.2367,51.443164128638365,54.08068049931899,4.899684963278872,23.869215590064776,0.19130434782608696,79
142,-14.607329842931941,-67.5,0.2367,36.657470335358475,66.6172940263641,6.2714141915188435,9.23760962678871,0.42857142857142855,2
143,-13.664921465968591,-67.5,0.2367,19.93319522802509,74.87613189790864,6.2020154167253825,5.661721336006801,0.4,0
144,-12.72251308900524,-67.5,0.2367,13.072841033301913,74.61896673456067,5.926061894287693,4.244337109851767,0.0,0
145,-11.780104712041888,-67.5,0.2367,10.510485606479248,77.31698376999702,6.390320392832591,3.7444898256317805,0.0,0
146,-10.837696335078537,-67.5,0.2367,9.911516561672233,81.51548383582849,7.391154544792598,3.029282314804666,0.0,0
147,-9.895287958115185,-67.5,0.2367,9.903964492439053,81.07759839913342,8.167291136158576,2.513185930482864,0.0,0
148,-8.952879581151834,-67.5,0.2367,9.981439841483725,84.34282711765263,9.400204805512125,2.999030550594671,0.0,0
149,-8.010471204188482,-67.5,0.2367,12.512406353208128,84.44658977212384,10.608252679625815,3.510559543760551,0.0,0
150,-7.0680628272251305,-67.5,0.2367,15.264195913246379,84.85035395045998,12.432464419959194,4.990652616831303,0.5476190476190477,0
151,-6.12565445026178,-67.5,0.2367,26.459149026520954,87.54277770000044,14.985781861345863,9.119126302268976,0.45955882352941174,3
152,-5.183246073298429,-67.5,0.2367,48.575074011031646,91.84288595162798,18.31173495398825,16.065430331077263,0.4400921658986175,24
153,-4.2408376963350785,-67.5,0.2367,75.75185520797773,92.91764592780964,21.920229881026483,25.04401330534983,0.354012137559002,161
154,-3.298429319371728,-67.5,0.2367,98.21719052716217,96.05757762270514,25.088851489741916,28.100705500920785,0.3723932472691162,305
155,-2.356020942408377,-67.5,0.2367,141.32069980969845,99.37310802284628,29.03580439264058,36.996423226675844,0.3231357552581262,904
156,-1.4136125654450262,-67.5,0.2367,176.77856885203354,99.02666496665915,30.689703517759405,42.37462383977698,0.32585196042506415,1465
157,-0.4712041884816754,-67.5,0.2367,221.18714209553832,99.32077344419667,31.767176841953532,50.4496875653504,0.3325983418592344,1762
158,0.4712041884816754,-67.5,0.2367,269.29930417002225,99.34909200004768,31.217780218037475,56.25139603302258,0.3483929654335961,1870
159,1.4136125654450262,-67.5,0.2367,366.30637888212846,94.856525088544,28.013849075974495,69.51114365830551,0.3606792633341306,1837
160,2.356020942408377,-67.5,0.2367,485.6887942137473,90.03269463879406,20.554722626110784,68.69073573608937,0.37116564417177916,1534
161,-18.376963350785346,-66.25,0.2367,10.341712017122568,51.18913449333377,1.5170571113872497,5.118830634277179,0.0,1
162,-17.434554973821996,-66.25,0.2367,22.738237047061748,60.061258727218956,2.803319697498478,8.644529248056456,0.2,6
163,-16.492146596858646,-66.25,0.2367,55.16512623073699,50.26400694870972,3.5534296838136297,28.774793934653665,0.10467980295566502,124
164,-15.549738219895294,-66.25,0.2367,35.106331963642944,67.40024676997564,5.052181790165742,11.663534976501065,0.5,1
165,-14.607329842931941,-66.25,0.2367,17.948530219578327,70.62565532047302,4.919657881026891,5.895803579299854,0.0,0
166,-13.664921465968591,-66.25,0.2367,11.700458610045322,38.72123473251122,2.754845592696194,4.288112093613752,0.0,0
167,-12.72251308900524,-66.25,0.2367,9.000040236308145,82.22160284640267,5.662426063169791,3.621948343430203,0.0,0
168,-11.780104712041888,-66.25,0.2367,7.74904483224846,79.58175787178334,5.98630366886614,2.344005595158956,0.0,0
169,-10.837696335078537,-66.25,0.2367,6.6734325389703795,86.27437041839585,7.346058332632666,1.5944467509192655,0.0,0
170,-9.895287958115185,-66.25,0.2367,6.6104160172137725,84.45828652678756,8.178594700921739,1.737774014329736,0.0,0
171,-8.952879581151834,-66.25,0.2367,7.745632136412013,84.40366514230845,9.414716887390686,2.7581595784195114,0.0,0
172,-8.010471204188482,-66.25,0.2367,10.164276657945837,85.97483659686986,10.860470637488124,3.2548517947120192,0.0,0
173,-7.0680628272251305,-66.25,0.2367,13.863633477063123,84.56609129119897,12.519265929584872,4.25983998587505,0.6666666666666666,0
174,-6.12565445026178,-66.25,0.2367,24.562360736914,86.71752995549468,15.169346021296436,8.641381258129305,0.4666666666666667,3
175,-5.183246073298429,-66.25,0.2367,45.47582955281372,90.42233163927449,18.775951688029156,15.256270447945287,0.4129032258064516,27
176,-4.2408376963350785,-66.25,0.2367,71.13522428746066,94.58561966515845,23.16782181002363,21.656459711632085,0.3663761801016703,113
177,-3.298429319371728,-66.25,0.2367,103.96686284862031,96.98003830300877,26.97528039509674,29.48753121841386,0.33005664778407195,447
178,-2.356020942408377,-66.25,0.2367,139.3399998976426,102.33184480341151,30.55180297724016,34.9365785140538,0.30804278922345485,897
179,-1.4136125654450262,-66.25,0.2367,174.96828044684753,100.95557658030884,32.45898144302485,40.00606082972454,0.328599676433579,1279
180,-0.4712041884816754,-66.25,0.2367,222.58566470342143,101.9193644542247,34.036607409585756,44.988943877589776,0.35677496038034867,1422
181,0.4712041884816754,-66.25,0.2367,272.9806602927101,99.48465868073981,34.01901704216277,51.14808088032161,0.3612954909590295,1467
182,1.4136125654450262,-66.25,0.2367,349.784190649396,97.5443955748051,31.5781370205148,59.6448778082218,0.37766450417052827,1332
183,2.356020942408377,-66.25,0.2367,467.53132352628654,96.10539645625977,24.60073558346998,59.78542809148138,0.37142857142857144,1193
184,-18.376963350785346,-65.0,0.2367,16.661091805039263,49.130360139270124,1.4593747499410121,8.712114026910632,0.5,6
185,-17.434554973821996,-65.0,0.2367,34.41653610229008,52.869150231272215,2.5376579813946174,19.721813198111413,0.2,40
186,-16.492146596858646,-65.0,0.2367,32.56682973037179,64.67468073955388,3.716896293215548,17.92927187780562,0.5,1
187,-15.549738219895294,-65.0,0.2367,16.662910908032025,48.71849792834837,2.772268820361446,8.780725780034471,0.0,0
188,-14.607329842931941,-65.0,0.2367,10.28044769875469,57.99382871162379,3.426463336902505,5.510676298465216,0.0,0
189,-13.664921465968591,-65.0,0.2367,5.910936240467477,49.92194074293366,3.0321263036582304,2.760417457694361,0.0,0
190,-12.72251308900524,-65.0,0.2367,4.540545536849288,59.80291565632797,3.8557230957327397,1.621154675458866,0.0,0
191,-11.780104712041888,-65.0,0.2367,4.807847652680456,78.96659904916305,5.561654683967272,1.2991196820020925,0.0,0
192,-10.837696335078537,-65.0,0.2367,4.808084196965091,83.56318741949508,6.810416289455855,0.7669404071650769,0.0,0
193,-9.895287958115185,-65.0,0.2367,5.899634589050106,86.16804349090671,8.197810843983683,1.4539093068593767,0.0,0
194,-8.952879581151834,-65.0,0.2367,6.532870732601263,87.27699382114224,9.67115476749882,2.04866616788416,0.0,0
195,-8.010471204188482,-65.0,0.2367,7.996974312294327,87.72979537840001,11.292256665111701,2.522829095992262,0.0,0
196,-7.0680628272251305,-65.0,0.2367,12.793528810628391,88.97014593385393,13.506532916074654,4.20263683289868,0.6666666666666666,0
197,-6.12565445026178,-65.0,0.2367,25.412799966708313,89.49902671534801,16.174164808160487,8.72040818793618,0.5,3
198,-5.183246073298429,-65.0,0.2367,46.68699610528581,91.69177785515785,19.746490439473675,15.159669744196659,0.4024621212121212,34
199,-4.2408376963350785,-65.0,0.2367,74.39781310582887,95.89540632558055,24.598819470392186,23.635785180008433,0.3266081871345029,161
200,-3.298429319371728,-65.0,0.2367,98.78167734444307,100.39304826990701,28.51012270923172,26.648818640624004,0.33111111111111113,352
201,-2.356020942408377,-65.0,0.2367,129.0628741460049,101.63627088972135,31.371112217871545,30.287791241530844,0.3362700228832952,701
202,-1.4136125654450262,-65.0,0.2367,183.46769902567232,101.95572815980995,34.37515748162138,38.90542964357416,0.34348150915203585,1121
203,-0.4712041884816754,-65.0,0.2367,232.45197837051916,102.01955339260167,35.72377391212207,42.41911124454077,0.3638894617446896,1180
204,0.4712041884816754,-65.0,0.2367,300.76031014424876,99.71740096370922,37.4553571207784,50.429756122813636,0.37014414854629857,1197
205,1.4136125654450262,-65.0,0.2367,367.4263946933678,100.70629934314638,35.542646130014916,53.94577387796363,0.3801369863013699,974
206,-20.261780104712045,-63.75,0.2367,11.550464453090864,47.81310546808527,0.7736937376133117,3.0641841107250585,0.0,0
207,-19.319371727748695,-63.75,0.2367,13.56005011223316,47.55766392328951,1.4631899478974961,6.027543412284718,0.0,0
208,-18.376963350785346,-63.75,0.2367,16.17011443362879,41.968567736767,1.6246024991933623,6.535749321134953,0.0,0
209,-17.434554973821996,-63.75,0.2367,23.38874689651025,45.71027002239134,2.1212332843979853,10.023835075811157,0.0,0
210,-16.492146596858646,-63.75,0.2367,15.497368912198098,51.39792096495512,2.544221529854055,7.976907675900312,0.0,0
211,-15.549738219895294,-63.75,0.2367,10.502820760875519,66.1879392794799,3.2338979990583607,4.500669574911317,0.0,0
212,-14.607329842931941,-63.75,0.2367,6.106247909683921,71.37898316112114,3.6022632666196945,3.2513829244631554,0.0,0
213,-13.664921465968591,-63.75,0.2367,3.5155076710771573,61.64020349067869,3.3435772789439246,1.5485568883114404,0.0,0
214,-12.72251308900524,-63.75,0.2367,2.753454721408786,77.02264751162147,4.600853904050695,0.8599986805363644,0.0,0
215,-11.780104712041888,-63.75,0.2367,2.5341829491348014,74.13993696856778,4.89592536800354,0.4491865153699558,0.0,0
216,-10.837696335078537,-63.75,0.2367,3.1839221830158295,73.9022120986192,5.70432035635463,0.44373850576053586,0.0,0
217,-9.895287958115185,-63.75,0.2367,4.160389040193086,86.5846505339141,8.059776700114318,0.6314798472951989,0.0,0
218,-8.952879581151834,-63.75,0.2367,6.294418825857024,88.58476536726812,9.823437948943218,1.4292904056889584,0.0,0
219,-8.010471204188482,-63.75,0.2367,9.691892901664485,88.0564127949765,11.634021467269466,2.69198848254078,0.0,0
220,-7.0680628272251305,-63.75,0.2367,13.77300997656774,88.7282017985126,13.909256091582975,4.219731461470825,1.0,0
221,-6.12565445026178,-63.75,0.2367,23.276530332499185,92.51830781868193,17.334900114716117,7.572073674379416,0.47435897435897434,3
222,-5.183246073298429,-63.75,0.2367,47.27141054219215,93.87808411032893,21.061154526628048,14.607583130220682,0.4055258467023173,33
223,-4.2408376963350785,-63.75,0.2367,66.56457699430152,99.74077821476385,25.94379185972139,20.97365876577025,0.3497175141242938,140
224,-3.298429319371728,-63.75,0.2367,92.22848059321285,99.04617964028148,29.52393435377643,23.92101267533366,0.3315018315018315,310
225,-2.356020942408377,-63.75,0.2367,140.9677670316723,99.08497693191748,32.52006629384274,30.138168856082928,0.33125671321160044,625
226,-1.4136125654450262,-63.75,0.2367,203.66186561075045,103.36057420674479,36.78517769557614,39.82706134324431,0.3405228758169935,902
227,-0.4712041884816754,-63.75,0.2367,243.5215007018749,104.10811445588479,38.806604972858125,42.3141291939984,0.3624742268041237,941
228,0.4712041884816754,-63.75,0.2367,329.8196671690502,102.49482539162273,40.3312511334483,50.75345047497826,0.3728316638162717,955
229,1.4136125654450262,-63.75,0.2367,404.3146278620105,101.01125097280601,37.710966114561664,53.177734401316265,0.3884863123993559,749
230,3.298429319371728,-63.75,0.2367,453.4594347354141,103.46030645188875,13.520035116755507,42.941571452030445,0.41954022988505746,262
231,-19.319371727748695,-62.5,0.2367,10.62057997558792,33.55412151577184,1.0261969949537735,4.550874770258371,0.0,0
232,-18.376963350785346,-62.5,0.2367,11.601333820282651,31.644434706613538,1.1284860919026745,4.100014660832135,0.0,0
233,-17.434554973821996,-62.5,0.2367,12.563793835343573,30.279106745219906,1.1353277111340674,5.11986436701523,0.0,0
234,-16.492146596858646,-62.5,0.2367,9.888605865146596,45.62328626299859,1.9053915113034545,4.355376669672445,0.0,0
235,-15.549738219895294,-62.5,0.2367,7.218726750082429,40.917700277677795,1.8896593600667908,2.8435780037255505,0.0,0
236,-14.607329842931941,-62.5,0.2367,4.813308054739084,57.87797434197273,2.729909953452114,1.750241016416822,0.0,0
237,-13.664921465968591,-62.5,0.2367,4.188087308646368,76.01077527331654,3.8736615328719073,1.5718679089025573,0.0,0
238,-12.72251308900524,-62.5,0.2367,2.5968063485566555,79.50088880636031,4.562919853024119,0.6358648789488222,0.0,0
239,-11.780104712041888,-62.5,0.2367,1.7928445290648345,70.76487793587148,4.537842640828449,0.32491956173994324,0.0,0
240,-10.837696335078537,-62.5,0.2367,2.2463852294612323,74.02484374382766,5.756129132501848,0.35146862169354054,0.0,0
241,-9.895287958115185,-62.5,0.2367,3.9045369778889203,76.09962891874602,7.3593274125086845,0.8050039234680159,0.0,0
242,-8.952879581151834,-62.5,0.2367,6.084085212419355,89.06809492385946,9.88252341511303,1.5416231090279569,0.0,0
243,-8.010471204188482,-62.5,0.2367,9.552724265500384,90.22390379657736,12.088416515533012,2.3321910140153164,0.0,0
244,-7.0680628272251305,-62.5,0.2367,12.895116038357486,92.17480521532707,14.67538020974345,3.6414275654866195,1.0,0
245,-6.12565445026178,-62.5,0.2367,23.46184449624603,93.024308597669,17.83340569653694,7.091974460125925,0.4888888888888889,3
246,-5.183246073298429,-62.5,0.2367,40.088904276896464,96.18073547724634,21.919655119015356,11.797060523433029,0.4460227272727273,21
247,-4.2408376963350785,-62.5,0.2367,61.806425237681935,102.31344666215591,27.204429386937072,18.09568387358315,0.34946236559139787,127
248,-3.298429319371728,-62.5,0.2367,89.6740061571281,99.40759809804149,30.435066548820146,20.46076534405748,0.32791327913279134,274
249,-2.356020942408377,-62.5,0.2367,146.65994627607148,101.54515048430767,35.23655219279997,30.421762130807718,0.3173424709689701,584
250,-1.4136125654450262,-62.5,0.2367,197.2554200386486,106.03922758426052,39.54637620118511,38.60621959963784,0.34295051353874884,680
251,-0.4712041884816754,-62.5,0.2367,261.4803957671961,104.44814192218473,42.12345731603697,45.030487311117845,0.3627728375101051,778
252,0.4712041884816754,-62.5,0.2367,376.3930832076221,99.71972836807254,41.50758709682562,52.57860641075027,0.3817302665969681,718
253,1.4136125654450262,-62.5,0.2367,463.13632647870236,99.5635516155744,40.350374021697725,52.041313194327195,0.3962411902897416,569
254,2.356020942408377,-62.5,0.2367,513.3451739162774,100.80121385108214,29.9520468319241,46.57971767332415,0.40370639534883723,374
255,3.298429319371728,-62.5,0.2367,472.27972165354004,105.6438676835387,23.138750901104608,38.435857319118725,0.4411764705882353,188
256,-18.376963350785346,-61.25,0.2367,11.883158129839236,39.530790713470196,1.1612812297460169,6.3606057877340145,0.0,0
257,-17.434554973821996,-61.25,0.2367,10.40462576392485,42.29710711653752,1.4407070255824135,6.101840705723122,0.0,0
258,-16.492146596858646,-61.25,0.2367,7.41130574598691,41.072635284945136,1.5714204845666744,3.8324041962864994,0.0,0
259,-15.549738219895294,-61.25,0.2367,6.028607757842841,43.93450856274285,1.9023592288458466,2.280864925532852,0.0,0
260,-14.607329842931941,-61.25,0.2367,5.140577969712739,71.11444813606795,3.110473634323511,1.7907944661720077,0.0,0
261,-13.664921465968591,-61.25,0.2367,3.6647366908463184,77.95965855242684,3.9385215862202103,1.044938588853789,0.0,0
262,-12.72251308900524,-61.25,0.2367,1.4679741900080014,73.80496249330463,4.292340851579593,0.43855766997054857,0.0,0
263,-11.780104712041888,-61.25,0.2367,0.8831915007827711,72.97200329834595,4.886605880466975,0.21115980649928015,0.0,0
264,-10.837696335078537,-61.25,0.2367,1.4937755257550926,85.33238947740756,6.7716674549107845,0.3910175906682698,0.0,0
265,-9.895287958115185,-61.25,0.2367,2.172572505976708,90.88890923419967,8.687150489342494,0.6108163642265199,0.0,0
266,-8.952879581151834,-61.25,0.2367,3.700070467947898,89.2428312334232,10.122933366599998,0.9643693131566321,0.0,0
267,-8.010471204188482,-61.25,0.2367,6.7377207949318905,90.24898179341108,12.298015403570194,1.7388284333112543,0.0,0
268,-7.0680628272251305,-61.25,0.2367,11.610858291356847,91.23512202640995,15.126667294202317,3.053624558956812,1.0,0
269,-6.12565445026178,-61.25,0.2367,21.591161171912642,94.45982717676088,18.720689542518627,6.074636159652973,0.4777777777777778,3
270,-5.183246073298429,-61.25,0.2367,36.34395137824228,95.80269189435057,22.468102058465384,11.233085226047379,0.43226600985221675,22
271,-4.2408376963350785,-61.25,0.2367,60.53503238506072,98.71347953157965,27.32167791849475,16.303749727304204,0.349286092014807,115
272,-3.298429319371728,-61.25,0.2367,84.02703781902005,104.0367126086494,32.75800075148284,19.20063337508833,0.3226410050788559,243
273,-2.356020942408377,-61.25,0.2367,120.08068583571608,104.50513024872635,37.70660811121513,25.355282298204006,0.33127190270047413,397
274,-1.4136125654450262,-61.25,0.2367,173.83057955186922,104.86342340125702,41.67299581685241,33.11149531649806,0.3507766990291262,500
275,-0.4712041884816754,-61.25,0.2367,269.0365593309397,104.25146849564044,44.1446822494202,43.51699947892423,0.38132295719844356,563
276,0.4712041884816754,-61.25,0.2367,383.13788875437467,100.38447846280178,44.467569833514276,51.21194390570428,0.3949483352468427,499
277,1.4136125654450262,-61.25,0.2367,464.45097877998944,100.04138441043324,44.51119015406546,48.44299736283965,0.41275597269624575,368
278,2.356020942408377,-61.25,0.2367,490.029204847192,104.8307243763702,41.00235552554952,37.14334844316516,0.43244304791830324,232
279,3.298429319371728,-61.25,0.2367,414.95460722091593,112.22240288421744,34.41988258873921,24.56839037990541,0.42397137745974955,117
280,4.2408376963350785,-61.25,0.2367,274.2187099660782,111.27755504159722,16.49338940228689,13.201130393202538,0.5064935064935064,27
281,-15.549738219895294,-60.0,0.2367,5.466472897875433,36.384382748947246,1.5172213842374147,1.5479294784489874,0.0,0
282,-14.607329842931941,-60.0,0.2367,3.8244843976762914,71.24577733251499,3.1899257863496673,1.0022556307999815,0.0,0
283,-13.664921465968591,-60.0,0.2367,1.602595240521508,74.53940540319309,3.7836040721224564,0.4386615812139856,0.0,0
284,-12.72251308900524,-60.0,0.2367,0.5923841139052144,78.96567449643044,4.694441782788577,0.14201054638987728,0.0,0
285,-11.780104712041888,-60.0,0.2367,0.515452208050443,84.38019367342349,5.7502314983546965,0.13850954247573527,0.0,0
286,-10.837696335078537,-60.0,0.2367,0.5859900018432161,88.40237664466258,7.2376882215535,0.11064236768671508,0.0,0
287,-9.895287958115185,-60.0,0.2367,0.9092277073012637,90.32093652407639,8.967615725312498,0.25733698646960196,0.0,0
288,-8.952879581151834,-60.0,0.2367,1.3287714463716545,91.97314174845815,10.756011482176543,0.4391092338381553,0.0,0
289,-8.010471204188482,-60.0,0.2367,2.910419452138517,96.13538710749708,13.387724323363507,0.8187323736662925,0.0,0
290,-7.0680628272251305,-60.0,0.2367,8.087095987085275,94.78188088280149,16.09761505624438,2.518615513990662,1.0,0
291,-6.12565445026178,-60.0,0.2367,16.526216900436086,93.85530528787058,19.182676070777454,5.005488148215069,0.4642857142857143,3
292,-5.183246073298429,-60.0,0.2367,31.859627503472005,97.37355573044624,23.533531776394344,9.280766202480477,0.4103448275862069,20
293,-4.2408376963350785,-60.0,0.2367,51.02352734758345,100.96715125255287,28.765110500669284,13.585416181133002,0.3417005879692447,86
294,-3.298429319371728,-60.0,0.2367,75.34979446487343,108.58135290560313,34.960997645702555,16.02715095917561,0.33431372549019606,171
295,-2.356020942408377,-60.0,0.2367,98.61648910067237,103.3449904754525,38.33969378645999,19.441787638523333,0.3537868162692847,258
296,-1.4136125654450262,-60.0,0.2367,154.49417038080128,104.52693073020782,43.00114014920858,26.60021005491212,0.3587208079107932,343
297,-0.4712041884816754,-60.0,0.2367,251.1007969552294,106.09247873187996,46.83302548908694,36.914998133737555,0.3895274584929757,343
298,0.4712041884816754,-60.0,0.2367,346.0242279177754,105.39390946127241,49.184926472227225,42.65407855386689,0.40271772699197034,332
299,1.4136125654450262,-60.0,0.2367,418.7994403342983,104.33179310930427,50.063932932799275,35.883162440735695,0.42035611164581327,221
300,2.356020942408377,-60.0,0.2367,457.98063976854684,102.17420269647846,45.34519599444023,23.224214058679056,0.4524866785079929,129
301,3.298429319371728,-60.0,0.2367,420.60749315838166,112.88714723079465,43.52805314722779,13.674139994885936,0.43775372124492556,66
302,4.2408376963350785,-60.0,0.2367,325.71736744099326,105.29736249387497,28.818201841504074,6.886506496082039,0.4708994708994709,13
303,5.183246073298429,-60.0,0.2367,310.74783158517675,107.44737141241785,13.347564722830706,4.1011067295765145,0.5555555555555556,1
304,-13.664921465968591,-58.75,0.2367,0.8644166802482178,44.54957392386859,2.4525910384974634,0.28326836519819865,0.0,0
305,-12.72251308900524,-58.75,0.2367,0.4119973746262371,80.47137141111307,4.8885840571037384,0.14390453701536637,0.0,0
306,-11.780104712041888,-58.75,0.2367,0.19637581475495136,82.39239425776759,5.852328438542328,0.02458571947780404,0.0,0
307,-10.837696335078537,-58.75,0.2367,0.3031706214329337,84.3876981982612,7.194916083537029,0.09151964075226551,0.0,0
308,-9.895287958115185,-58.75,0.2367,0.5090262058441745,87.5197173084598,8.88794235613387,0.20943712608796722,0.0,0
309,-8.952879581151834,-58.75,0.2367,0.7491486652386679,86.87003609840758,10.454606047156416,0.3039502557446908,0.0,0
310,-8.010471204188482,-58.75,0.2367,1.5919607969696852,88.02345634088852,12.779415624238345,0.5683906787780608,0.0,0
311,-7.0680628272251305,-58.75,0.2367,5.4193040061373425,93.47541208087932,16.403255195313417,1.4640434266673448,1.0,0
312,-6.12565445026178,-58.75,0.2367,14.416397509445119,91.24963605136145,19.253260079282242,3.9626427325512714,0.5,2
313,-5.183246073298429,-58.75,0.2367,27.195822019918136,92.10251447511837,23.020862621210487,7.155659164584433,0.4842105263157895,6
314,-4.2408376963350785,-58.75,0.2367,42.970699541457556,100.39432831224985,29.26385110570808,9.857584841366732,0.3793103448275862,41
315,-3.298429319371728,-58.75,0.2367,68.26835953767747,110.31551057472825,36.195847704870104,12.730300351784242,0.35111876075731496,116
316,-2.356020942408377,-58.75,0.2367,85.20687048765444,104.33434495877009,38.62171921369033,13.774851886189495,0.38165266106442575,168
317,-1.4136125654450262,-58.75,0.2367,141.51472795939213,106.77673180354759,44.55472063303755,21.287532659649404,0.37248714352501167,221
318,-0.4712041884816754,-58.75,0.2367,227.45805510853015,108.43356607016176,49.708048618712134,31.709423429280836,0.3909382518043304,239
319,0.4712041884816754,-58.75,0.2367,315.4125746955738,107.90317256993148,53.06979135008451,37.686865476253914,0.4050877192982456,191
320,-13.664921465968591,-57.5,0.2367,0.4748693040879438,59.48516170552466,3.1811853578030544,0.13754924861306494,0.0,0
321,-12.72251308900524,-57.5,0.2367,0.09212916831560555,83.8116926047951,5.337052696607212,0.011151780999926265,0.0,0
322,-11.780104712041888,-57.5,0.2367,0.18810325013632115,82.3742781492183,6.112223685244988,0.033832433439957725,0.0,0
323,-10.837696335078537,-57.5,0.2367,0.33363037535440276,84.42457613360602,7.552377171007488,0.0961869830632512,0.0,0
324,-9.895287958115185,-57.5,0.2367,0.44310230137860573,89.62030779628549,9.586111367831306,0.13434729901837567,0.0,0
325,-8.952879581151834,-57.5,0.2367,0.5079927542060905,90.25792370201088,11.382315530878722,0.1777521438801556,0.0,0
326,-8.010471204188482,-57.5,0.2367,0.9759910946671381,88.67075194604695,13.27693686798442,0.3835959862540386,0.0,0
327,-7.0680628272251305,-57.5,0.2367,3.8375012481157675,94.5371608104324,17.302329481051167,1.2638849879825165,1.0,0
328,-6.12565445026178,-57.5,0.2367,10.774185985638985,98.96859183849301,21.736377013596318,2.668652783793251,0.45555555555555555,0
329,-5.183246073298429,-57.5,0.2367,17.605849001825753,100.33568755898159,25.730782244897206,4.443534017948908,0.4646153846153846,3
330,-4.2408376963350785,-57.5,0.2367,30.63890982163891,96.66580253164284,28.84654999171013,7.180491581567476,0.4326241134751773,19
331,-3.298429319371728,-57.5,0.2367,49.25620900994942,103.62039783736691,35.285650948994856,8.8349576257362,0.36358024691358026,65
332,-2.356020942408377,-57.5,0.2367,77.39017836921825,108.52550745941699,40.94254088072875,10.355279410590905,0.3705311542390194,113
333,-1.4136125654450262,-57.5,0.2367,112.1424634023831,108.70435367018217,46.32637250546967,15.320366933636537,0.3859717868338558,118
334,-0.4712041884816754,-57.5,0.2367,174.51932802624071,111.61580924817827,53.0398948059848,22.629988876197615,0.39327731092436974,132
335,0.4712041884816754,-57.5,0.2367,252.96576262836328,112.30285332072526,56.442330378431606,29.31670747330775,0.4030281182408075,114
336,1.4136125654450262,-57.5,0.2367,302.7654585971238,111.84619957435643,52.2429781894251,27.117851871893812,0.4318824194460147,92
337,-13.664921465968591,-56.25,0.2367,0.34797844587171756,57.6375911894138,3.279184081025866,0.10035534925763101,0.0,0
338,-12.72251308900524,-56.25,0.2367,0.19076072254559526,73.15131626062794,4.870958093567252,0.019406302116611894,0.0,0
339,-11.780104712041888,-56.25,0.2367,0.21031861757495163,79.4395105575677,6.2496560889563835,0.03106369508546897,0.0,0
340,-10.837696335078537,-56.25,0.2367,0.37645235340970523,83.96265446324833,7.855949088111526,0.07955371412148093,0.0,0
341,-9.895287958115185,-56.25,0.2367,0.4387180715824849,86.11282223195303,9.524144501277117,0.09626231770956416,0.0,0
342,-8.952879581151834,-56.25,0.2367,0.5761190972843518,88.67067743616644,11.733049002764334,0.1712290341324842,0.0,0
343,-8.010471204188482,-56.25,0.2367,0.9799533472928148,94.36125428241212,14.928965518125036,0.33762935929642823,0.0,0
344,-7.0680628272251305,-56.25,0.2367,2.9050082190129283,97.2248147096252,18.69907315502589,1.0801215437856353,0.6666666666666666,0
345,-6.12565445026178,-56.25,0.2367,6.20682130612762,101.32838628022,23.313445079546042,1.812796165189713,0.5138888888888888,0
346,-5.183246073298429,-56.25,0.2367,12.29741350545637,99.15572903759312,26.370493093233787,2.759744977027008,0.45666666666666667,2
347,-4.2408376963350785,-56.25,0.2367,22.096288194105867,96.14409956149757,29.281560342811858,4.4246269522159025,0.4573643410852713,6
348,-3.298429319371728,-56.25,0.2367,40.83735814449366,97.89846392988693,34.17999289441248,6.929941554603943,0.3889300259163273,34
349,-2.356020942408377,-56.25,0.2367,68.16498006706709,111.97519215289503,42.92242853881513,7.550616929344917,0.36292134831460676,64
350,-1.4136125654450262,-56.25,0.2367,80.83562112492423,108.69258677470498,46.51586248285051,7.985009183362525,0.40806962025316457,57
351,-0.4712041884816754,-56.25,0.2367,113.49520304586322,109.11247968615498,51.84043933292387,10.58459823994023,0.4112280701754386,57
352,0.4712041884816754,-56.25,0.2367,166.1809521248557,110.47152177023236,55.84617202136146,14.293570284504126,0.414498933901919,52
353,1.4136125654450262,-56.25,0.2367,210.31675346221618,111.67684650543379,53.22432001843116,15.889417469958076,0.43761755485893417,51
354,-14.607329842931941,-55.0,0.2367,0.6749547819744731,59.6988483183668,3.1319582159046795,0.14872415374441275,0.0,0
355,-13.664921465968591,-55.0,0.2367,0.22130207236744942,61.88443864375586,3.6895405275062148,0.012239018346070852,0.0,0
356,-12.72251308900524,-55.0,0.2367,0.20436746430129835,75.51770328660496,5.140288907139627,0.015206762927107813,0.0,0
357,-11.780104712041888,-55.0,0.2367,0.2514346516009732,76.70603196602315,6.309484570819948,0.035164844746793544,0.0,0
358,-10.837696335078537,-55.0,0.2367,0.36787394415279195,80.69489731220528,7.957280506255033,0.060122000107730285,0.0,0
359,-9.895287958115185,-55.0,0.2367,0.44354617011064146,83.45478471368551,9.788641528388391,0.08111825068901236,0.0,0
360,-8.952879581151834,-55.0,0.2367,0.7511402475244376,88.96247345139273,12.339432249912118,0.1885104110257966,0.0,0
361,-8.010471204188482,-55.0,0.2367,1.1971158263185528,95.41323585261125,16.154138019282037,0.40561943690381985,0.0,0
362,-7.0680628272251305,-55.0,0.2367,2.6593763061840927,95.87314111995511,19.308052925303986,0.8664178520308904,0.0,0
363,-6.12565445026178,-55.0,0.2367,4.7590898124623155,97.4661863950314,23.23291483774479,1.3831180058627475,0.6666666666666666,0
364,-5.183246073298429,-55.0,0.2367,9.50056408878395,93.58820272085723,25.934913727050887,1.717122935770792,0.5036764705882353,0
365,-4.2408376963350785,-55.0,0.2367,19.935694497182695,95.85854317119811,29.958492713380814,2.8913336345443357,0.45374653098982426,3
366,-3.298429319371728,-55.0,0.2367,35.53483801443225,101.94603990297765,35.933918052337,4.586267629640832,0.3917427701674277,12
367,-2.356020942408377,-55.0,0.2367,69.2302928638093,105.44895877072122,40.347369348234615,5.304503957321139,0.371825715049452,35
368,-1.4136125654450262,-55.0,0.2367,77.09349978037716,101.28056907327846,44.26179456195138,5.171941710045609,0.4106288448393712,28
369,-0.4712041884816754,-55.0,0.2367,109.96122738540419,102.37067216774449,49.27211776684725,6.807186430593389,0.427536231884058,26
370,0.4712041884816754,-55.0,0.2367,141.08644437797352,103.96649931266438,52.25275255144612,7.873133479176221,0.4211469534050179,23
371,1.4136125654450262,-55.0,0.2367,162.46304683290873,102.62091320066247,48.99074469094375,7.9750133730208015,0.4411764705882353,21
372,2.356020942408377,-55.0,0.2367,193.51328669959003,107.83532451081555,38.41596802096645,7.51575985547057,0.4486521181001284,14
373,-14.607329842931941,-53.75,0.2367,0.24488351678953507,56.044226610974874,3.1791934702633253,0.025076671063101602,0.0,0
374,-13.664921465968591,-53.75,0.2367,0.1659228941710969,73.64187780185603,4.511599334677792,0.009604207481942472,0.0,0
375,-12.72251308900524,-53.75,0.2367,0.17712270358651552,82.1539510495495,5.881659056151452,0.015047177934098536,0.0,0
376,-11.780104712041888,-53.75,0.2367,0.20572134925233715,83.89287504076492,7.193718072356442,0.028449761076265564,0.0,0
377,-10.837696335078537,-53.75,0.2367,0.3370839371850671,83.77985945669934,8.75963624713174,0.05104101745227794,0.0,0
378,-9.895287958115185,-53.75,0.2367,0.450974002754185,85.64510603144299,10.652790941212226,0.07541287907481647,0.0,0
379,-8.952879581151834,-53.75,0.2367,0.7817387886838036,88.22655468480662,13.157847639905889,0.16809312746883023,0.0,0
380,-8.010471204188482,-53.75,0.2367,1.1265894365145575,91.16249225917272,16.295302639832098,0.3104801947265602,0.0,0
381,-7.0680628272251305,-53.75,0.2367,2.1156531692478726,95.64112737891264,20.1019731463387,0.5555208140738981,0.0,0
382,-6.12565445026178,-53.75,0.2367,3.970064166433663,98.1623947742628,24.056879955168675,0.8583149704622371,0.5833333333333334,0
383,-5.183246073298429,-53.75,0.2367,8.189521097115996,97.02934733417351,27.317526972723147,1.1539395742738525,0.5,0
384,-4.2408376963350785,-53.75,0.2367,19.498834286394096,95.78704939282034,30.720305591448668,1.9022539345261062,0.4502415458937198,3
385,-3.298429319371728,-53.75,0.2367,37.30338022929912,96.6968887578696,34.87443903107845,3.053337990444011,0.41044776119402987,13
386,-2.356020942408377,-53.75,0.2367,59.96689590537137,102.55942645599134,40.67775673911733,3.577226024487218,0.38267355134825015,18
387,-1.4136125654450262,-53.75,0.2367,96.81090809649676,102.77574005682254,45.26299921229424,4.316870783146054,0.4070175438596491,13
388,-0.4712041884816754,-53.75,0.2367,123.97957341850642,100.23536523047369,48.024285871920036,4.572858150743684,0.4344988344988345,9
389,0.4712041884816754,-53.75,0.2367,135.74106457795864,94.90205420879647,47.43989787531441,4.315439337551333,0.4357769423558897,6
390,1.4136125654450262,-53.75,0.2367,138.24440305589633,93.36354666156694,43.8665696403454,2.5555738588429695,0.45410628019323673,3
391,2.356020942408377,-53.75,0.2367,142.30798349195538,97.17833745467942,35.866252559226076,2.024186395373474,0.45,1
392,-13.664921465968591,-52.5,0.2367,0.14513131307419544,64.06151594419498,4.249907604050597,0.007982705175141507,0.0,0
393,-12.72251308900524,-52.5,0.2367,0.1777765131187457,77.32835498987697,5.958182163050255,0.013670618059208994,0.0,0
394,-11.780104712041888,-52.5,0.2367,0.21385728680511057,81.22405573376454,7.403600952963607,0.024947743172469623,0.0,0
395,-10.837696335078537,-52.5,0.2367,0.3166709206879399,82.69387381500565,9.088896474903263,0.03493587938620184,0.0,0
396,-9.895287958115185,-52.5,0.2367,0.4794973556235022,87.70936255634297,11.71578136571203,0.05681754246462868,0.0,0
397,-8.952879581151834,-52.5,0.2367,0.7471876696792388,89.56514170859009,14.28955259144142,0.11842525464854088,0.0,0
398,-8.010471204188482,-52.5,0.2367,1.102938865734879,93.5614141478436,17.665385237440866,0.21058015012614323,0.0,0
399,-7.0680628272251305,-52.5,0.2367,1.7815092168337592,94.86659581947606,20.879262867543986,0.37327761778497737,1.0,0
400,-6.12565445026178,-52.5,0.2367,3.466426255980244,93.97366197779775,23.72496657825133,0.5819573838721492,1.0,0
401,-5.183246073298429,-52.5,0.2367,6.912217773067413,95.06445129867643,27.268871947332485,0.842369202170599,0.4852941176470588,0
402,-4.2408376963350785,-52.5,0.2367,21.28436969856316,97.50934114737902,31.771026090309284,1.6390481466008548,0.45505050505050504,3
403,-3.298429319371728,-52.5,0.2367,38.159802068096496,98.10274605522864,35.731400937282494,2.351660672611113,0.4256410256410256,9
404,-2.356020942408377,-52.5,0.2367,67.56277468213592,104.1355745686451,41.841657155478096,2.6000659123634167,0.39686841312857574,12
405,-1.4136125654450262,-52.5,0.2367,111.97918438813585,108.94801656191703,47.62291213720906,2.2827188413044017,0.4041139240506329,5
406,-0.4712041884816754,-52.5,0.2367,144.56257591646425,104.0395374619402,49.81441766818463,1.9734168838922161,0.41730382293762575,3
407,0.4712041884816754,-52.5,0.2367,154.21468292658574,101.34355382644571,50.09782189381904,1.6914937525970213,0.41935483870967744,1
408,-8.952879581151834,-51.25,0.2367,0.5364074711858425,87.6823024568148,15.037527152576356,0.05436920802840835,0.0,0
409,-8.010471204188482,-51.25,0.2367,0.9030154924854921,91.00555876619183,18.2810195092651,0.09194138297226587,0.0,0
410,-7.0680628272251305,-51.25,0.2367,1.6025679033405686,94.35441518377047,21.81738087768611,0.18107197281375478,0.0,0
411,-5.183246073298429,-51.25,0.2367,6.6542701033835785,101.6533745219931,30.098155921356437,0.4196093506127389,0.4839080459770115,0
412,-4.2408376963350785,-51.25,0.2367,20.01510842036738,104.79540582862683,34.93051421677438,1.0660663442557219,0.42203389830508475,1
413,-3.298429319371728,-51.25,0.2367,38.5259709056143,96.90663921064697,36.20598018824349,1.6760663467676005,0.4349718381976446,3
414,-2.356020942408377,-51.25,0.2367,66.58633151475098,101.93809607473668,41.81963907276813,1.309678429559829,0.41910403554239173,3
415,-3.298429319371728,-50.0,0.2367,34.29272185067429,97.89617287286092,37.5074103676211,0.6487487169493152,0.4365079365079365,1
0,-6.12565445026178,-78.75,1.1514,14.047512317149753,57.592816306860186,0.7338849333015378,7.070298590225542,0.0,0
1,-5.183246073298429,-78.75,1.1514,28.670544777533497,68.95296754839364,1.1751964669623538,14.177061221152208,0.0,0
2,-4.2408376963350785,-78.75,1.1514,53.07930168959748,71.56274609675165,1.558308316892608,27.093359032475778,0.0,1
3,-3.298429319371728,-78.75,1.1514,55.83068364090057,63.66838066081982,1.8774982486089706,31.71067307160435,0.0,1
4,-2.356020942408377,-78.75,1.1514,61.31092602493577,55.8192339449306,2.2276231483158324,35.25399709442764,0.0,3
5,-1.4136125654450262,-78.75,1.1514,73.62907554129038,49.41913939794176,2.3206470127414844,37.2013170770401,0.0,3
6,-8.952879581151834,-77.5,1.1514,13.22463265346344,57.49991068179952,0.7438323483455606,5.023776706308699,0.0,0
7,-8.010471204188482,-77.5,1.1514,14.922294125356867,47.07260444010899,1.2119397164725456,6.9557648887470025,0.0,0
8,-7.0680628272251305,-77.5,1.1514,21.197134260566354,53.2572036649799,1.715556794006727,11.213490623347965,0.0,0
9,-6.12565445026178,-77.5,1.1514,24.351076150890748,67.55786904323031,2.5224449959381565,15.452591936953974,0.0,0
10,-5.183246073298429,-77.5,1.1514,41.25149486110782,77.2359303983103,3.434101987289466,18.389304205782445,0.0,0
11,-4.2408376963350785,-77.5,1.1514,70.55152055631171,84.73742132759071,5.078285607021923,34.112269323678525,0.0,1
12,-3.298429319371728,-77.5,1.1514,112.39089558448438,80.39093526444049,6.406422854041189,54.779323902899485,0.0,3
13,-2.356020942408377,-77.5,1.1514,147.74262204216402,73.6835214070743,7.140401721995667,65.59813190132559,0.0,3
14,-1.4136125654450262,-77.5,1.1514,169.9994907607076,64.72863560949918,5.732415403458826,66.49416509604302,0.0,5
15,-0.4712041884816754,-77.5,1.1514,155.61929567361625,54.6018933520827,3.474271380157649,63.381158269907495,0.0,5
16,0.4712041884816754,-77.5,1.1514,105.96517762082074,56.582565220305696,2.6946030071716756,46.95252916938751,0.0,5
17,-10.837696335078537,-76.25,1.1514,10.675158873564412,42.50791755723185,0.5402740028543348,4.159638752398237,0.0,0
18,-9.895287958115185,-76.25,1.1514,26.257176424557976,48.82306285275263,1.5788051996666033,10.561033043457368,0.0,0
19,-8.952879581151834,-76.25,1.1514,58.99754547396433,57.737405802472495,3.93671341158992,27.55297891773788,0.0,2
20,-8.010471204188482,-76.25,1.1514,47.7895623166248,69.69748635194264,6.018640793034919,23.378771264651828,0.0,1
21,-7.0680628272251305,-76.25,1.1514,44.93293016510658,71.59593595017213,6.157906399596237,20.465799191073987,0.0,0
22,-6.12565445026178,-76.25,1.1514,45.38623258205226,80.30568143556593,7.077356169514179,22.294330539689433,0.0,0
23,-5.183246073298429,-76.25,1.1514,48.69321664876145,88.79296122584492,8.027546512002246,26.362104930262714,0.0,0
24,-4.2408376963350785,-76.25,1.1514,58.860355089170454,89.8231527893222,9.38815136925343,35.55479635251194,0.0,1
25,-3.298429319371728,-76.25,1.1514,74.7496016002535,93.58956507610856,11.301356101125835,43.49173946221743,0.0,1
26,-2.356020942408377,-76.25,1.1514,91.52477087796247,94.58693370921537,12.720592835627967,43.27394451553255,0.0,3
27,-1.4136125654450262,-76.25,1.1514,108.00182600789992,95.48771702771774,12.753429154167993,44.131804180590514,0.0,3
28,-0.4712041884816754,-76.25,1.1514,136.93271843146636,92.84225909461384,11.442272423601036,47.56602532951777,0.0,3
29,0.4712041884816754,-76.25,1.1514,220.74815347087488,73.23478247315506,7.509986903177549,68.48579496499602,0.08333333333333333,8
30,1.4136125654450262,-76.25,1.1514,219.9926229093623,56.76215214509284,2.871535136121323,62.11771008224834,0.3333333333333333,9
31,-13.664921465968591,-75.0,1.1514,1.2478293842579906,13.014656429707435,0.21287652630153528,0.39153373945064585,0.0,0
32,-12.72251308900524,-75.0,1.1514,11.393504010854445,38.448391745769186,0.9019961543692055,4.704093070951769,0.0,0
33,-11.780104712041888,-75.0,1.1514,27.375019739785422,47.166057261347305,1.9577074364500833,13.334645231428148,0.0,0
34,-10.837696335078537,-75.0,1.1514,66.64975225376736,56.77606537617976,5.732851384820616,33.70192424887284,0.0,4
35,-9.895287958115185,-75.0,1.1514,42.294165034152954,73.25298250943888,9.384466939346785,17.594859118326713,0.0,0
36,-8.952879581151834,-75.0,1.1514,24.073949764547546,82.49262357072439,10.397933307376968,10.409541116758628,0.0,0
37,-8.010471204188482,-75.0,1.1514,22.099269565406118,83.33804043737473,9.624048804420903,9.358638785216137,0.0,0
38,-7.0680628272251305,-75.0,1.1514,27.797550260101538,84.51119698147522,9.13000039789547,13.476192088615193,0.0,0
39,-6.12565445026178,-75.0,1.1514,41.16244341454592,88.107924425276,9.531017638398009,22.874674304444852,0.0,0
40,-5.183246073298429,-75.0,1.1514,64.33471774150523,88.51997146673966,10.685885613148484,40.976995091757246,0.0,1
41,-4.2408376963350785,-75.0,1.1514,91.02754921340359,87.29664850136032,11.645641704129366,63.035859527145924,0.0,3
42,-3.298429319371728,-75.0,1.1514,111.59557554741704,87.26182173297275,13.566177247675853,71.22777819957696,0.0,3
43,-2.356020942408377,-75.0,1.1514,138.70059029737115,89.37422745890217,15.012632095764694,73.2108472924049,0.16666666666666666,6
44,-1.4136125654450262,-75.0,1.1514,156.99616120937634,89.21347333467565,15.238812303093955,72.11252149279,0.1,11
45,-0.4712041884816754,-75.0,1.1514,156.9127508820739,93.65318753232714,15.410326125306627,63.65138027328721,0.06666666666666667,8
46,0.4712041884816754,-75.0,1.1514,151.97417615512012,97.74010963359615,14.280415617723392,47.76961738747772,0.25,3
47,1.4136125654450262,-75.0,1.1514,193.8653511788179,80.99009364421363,9.423855763322205,50.191983946998164,0.25,9
48,2.356020942408377,-75.0,1.1514,247.29550927204158,67.37137452524621,4.053082112894832,54.15595480632078,0.5,6
49,-14.607329842931941,-73.75,1.1514,2.1331793433250565,23.30565857786496,1.0340314596058333,0.8644441149341526,0.0,0
50,-13.664921465968591,-73.75,1.1514,15.8686327500169,45.8197526303411,2.4528689765403624,5.451994810058853,0.0,0
51,-12.72251308900524,-73.75,1.1514,41.27253708745791,54.843140613375,4.002188855712589,12.428428754549392,0.0,0
52,-11.780104712041888,-73.75,1.1514,53.96572455508216,65.83555584016722,9.763364814390416,31.45170385947771,0.0,2
53,-10.837696335078537,-73.75,1.1514,26.425060527204202,75.82530458254041,11.490629681896154,11.054605447845738,0.0,0
54,-9.895287958115185,-73.75,1.1514,21.978367982077806,80.79157518659486,11.45233999314905,9.564270101184073,0.0,0
55,-8.952879581151834,-73.75,1.1514,19.98217934072532,80.5727193938219,10.382078923922242,9.44040142857839,0.0,0
56,-8.010471204188482,-73.75,1.1514,26.55341323961461,81.64935401800903,9.958583862357656,13.369815035839501,0.0,0
57,-7.0680628272251305,-73.75,1.1514,36.62475869380829,83.36335456813686,10.03373881033691,20.199437749746288,0.0,0
58,-6.12565445026178,-73.75,1.1514,48.18140738730447,84.89921332526137,10.910402589563096,30.501227167435232,0.0,0
59,-5.183246073298429,-73.75,1.1514,63.59076999964509,88.81703304068651,12.502581708195272,40.26144831092818,0.0,1
60,-4.2408376963350785,-73.75,1.1514,83.48992735027034,91.37748505803756,14.504356246704905,48.75746860088363,0.0,3
61,-3.298429319371728,-73.75,1.1514,105.68984955872068,91.40732749103336,16.122515829162257,51.75915063598002,0.0,3
62,-2.356020942408377,-73.75,1.1514,131.76477056546176,90.91589961724821,17.930148589218607,55.97029409416609,0.16666666666666666,3
63,-1.4136125654450262,-73.75,1.1514,167.28254372813404,91.75767882697983,18.719986050252075,64.12373775291155,0.15,8
64,-0.4712041884816754,-73.75,1.1514,191.82510768517713,90.99395162455039,18.41547544836532,68.4597487291615,0.2,16
65,0.4712041884816754,-73.75,1.1514,209.38320062155017,91.71506090409821,17.487270171901994,64.90153380736065,0.1388888888888889,16
66,1.4136125654450262,-73.75,1.1514,226.06944318637312,93.7193566870701,14.569274981618012,54.36172735573302,0.21428571428571427,16
67,-14.607329842931941,-72.5,1.1514,5.269905171392901,27.586857037385926,1.6825986513658382,1.3518311053876004,0.0,0
68,-13.664921465968591,-72.5,1.1514,18.24354944328953,52.1540368872229,4.241738627006278,5.653451924182759,0.0,0
69,-12.72251308900524,-72.5,1.1514,28.254336552355397,64.081253039476,8.375953467673497,11.786057140775007,0.0,1
70,-11.780104712041888,-72.5,1.1514,28.44718862350653,71.77344337193063,10.408700400439022,9.136139397431972,0.0,0
71,-10.837696335078537,-72.5,1.1514,18.959883299236196,74.84265064500505,10.068111075159093,6.876840807167163,0.0,0
72,-9.895287958115185,-72.5,1.1514,18.243604046118115,75.80989525245968,9.559582046851126,7.323553623663094,0.0,0
73,-8.952879581151834,-72.5,1.1514,18.562974164864407,79.21546139783459,9.79317892567393,7.6244786645622,0.0,0
74,-8.010471204188482,-72.5,1.1514,21.09079118481321,82.67695358139463,10.298777851698123,9.640278275606075,0.0,0
75,-7.0680628272251305,-72.5,1.1514,29.817780161566283,84.59732791234273,10.976089334065168,13.863356405400326,0.0,0
76,-6.12565445026178,-72.5,1.1514,40.748027940222485,85.3057665831875,11.870679900420182,19.480674990691135,0.0,0
77,-5.183246073298429,-72.5,1.1514,57.81329669055551,87.85707624134375,13.993625794971063,29.039400495947515,0.0,0
78,-4.2408376963350785,-72.5,1.1514,82.19576726229333,90.41964367293986,16.302395354606585,39.90791103035221,0.0,3
79,-3.298429319371728,-72.5,1.1514,101.96361240149623,94.55342861503595,18.946010528062057,42.32975722810734,0.0,3
80,-2.356020942408377,-72.5,1.1514,137.65878737171835,94.31542644684669,20.74282040319804,50.165631698325015,0.1,6
81,-1.4136125654450262,-72.5,1.1514,171.8093579488749,95.39059915055986,22.23339827262248,56.003423375508596,0.2,6
82,-0.4712041884816754,-72.5,1.1514,198.16192066202183,93.80664851283655,21.45441398908515,61.672389801726496,0.2,8
83,0.4712041884816754,-72.5,1.1514,237.3110269809178,91.46837483800482,20.362455555276828,67.1410399322167,0.2571428571428571,22
84,1.4136125654450262,-72.5,1.1514,287.4762243245936,93.62479630930466,17.103167193447245,71.12906966166607,0.3,30
85,-14.607329842931941,-71.25,1.1514,5.872861096814298,23.76360461676086,1.770945802551521,2.0616029938886795,0.0,0
86,-13.664921465968591,-71.25,1.1514,23.283708619210493,54.84261436082306,5.396508871138255,5.276591377903855,0.0,0
87,-12.72251308900524,-71.25,1.1514,32.99217730911903,61.29064485357958,8.422279092884722,13.89033223104502,0.0,1
88,-11.780104712041888,-71.25,1.1514,23.730795823526325,71.81313459746889,8.994827810571135,7.231953085654294,0.0,0
89,-10.837696335078537,-71.25,1.1514,17.26812319206116,75.74672581977211,8.792337831183623,6.229742433174921,0.0,0
90,-9.895287958115185,-71.25,1.1514,16.880217896656536,79.6151258746977,9.411663290227063,5.86788315165517,0.0,0
91,-8.952879581151834,-71.25,1.1514,16.901883336124047,82.2049567560316,9.884429497626552,5.715139983146891,0.0,0
92,-8.010471204188482,-71.25,1.1514,20.345620337171297,83.22691026289249,10.51549968433954,6.999409710545035,0.0,0
93,-7.0680628272251305,-71.25,1.1514,27.058799639405198,85.26408606878249,11.616621012739856,9.098237580097596,0.0,0
94,-6.12565445026178,-71.25,1.1514,38.265275331752655,86.86044769361615,12.921907765339501,15.553085262094275,0.0,0
95,-5.183246073298429,-71.25,1.1514,54.36663061334529,89.09750655584503,15.554494748282742,23.72094105003152,0.0,0
96,-4.2408376963350785,-71.25,1.1514,77.0670156979966,92.27537459257292,17.944814530448653,31.85731416987113,0.0,1
97,-3.298429319371728,-71.25,1.1514,98.62203303826509,94.50350887316745,20.677163836751774,36.92559357736202,0.0,3
98,-2.356020942408377,-71.25,1.1514,134.7981199691341,96.6045205516275,23.003579413389907,44.62373472923304,0.5,3
99,-1.4136125654450262,-71.25,1.1514,168.65513319340553,97.75231663399609,24.953794979817367,49.96381836164316,0.16666666666666666,6
100,-0.4712041884816754,-71.25,1.1514,204.34558404488985,96.90984050306724,25.08633208961753,56.170222049765385,0.23333333333333334,6
101,0.4712041884816754,-71.25,1.1514,251.77931096434068,95.82024714356521,23.871481931844404,62.43070350838825,0.25,12
102,1.4136125654450262,-71.25,1.1514,304.958960734497,93.84291846421547,19.48712617468645,68.57986499835798,0.2777777777777778,28
103,-13.664921465968591,-70.0,1.1514,40.33825713802446,51.11117435750202,5.4729231118161765,13.716254454401017,0.0,0
104,-12.72251308900524,-70.0,1.1514,29.859343632311614,69.59571803512517,8.086912004440666,8.561305164861814,0.0,0
105,-11.780104712041888,-70.0,1.1514,16.528659920946048,75.46028356970055,7.875711650103182,5.389926010336795,0.0,0
106,-10.837696335078537,-70.0,1.1514,14.35563069256429,77.162819581863,8.061868585573563,5.077802948064514,0.0,0
107,-9.895287958115185,-70.0,1.1514,14.023769952687127,81.18465124396607,9.092637978203248,4.212498403864765,0.0,0
108,-8.952879581151834,-70.0,1.1514,15.165177050131922,83.05254753999179,9.763591902441117,4.404926118874361,0.0,0
109,-8.010471204188482,-70.0,1.1514,16.809917884995304,83.61950279970188,10.470996327727772,4.9715518471043385,0.0,0
110,-7.0680628272251305,-70.0,1.1514,22.047341470941618,85.76780520466855,11.894332766056587,7.092461502799212,0.0,0
111,-6.12565445026178,-70.0,1.1514,31.604098181363042,87.27187853161013,13.778292352908014,12.532920521265506,0.0,0
112,-5.183246073298429,-70.0,1.1514,51.47260654522459,89.86650209873915,16.574508993022643,21.170972601410753,0.0,0
113,-4.2408376963350785,-70.0,1.1514,68.45951406778372,95.16527767293155,19.76891454974311,26.50375740663543,0.0,0
114,-3.298429319371728,-70.0,1.1514,97.58649631271489,95.24408170982497,22.431984397513943,34.465994482016455,0.0,3
115,-2.356020942408377,-70.0,1.1514,130.46992299861677,97.56936218007468,25.816953075166666,40.06294165373261,0.16666666666666666,3
116,-1.4136125654450262,-70.0,1.1514,164.361834271011,98.38520078512374,26.889667813578853,44.677564996057185,0.25,6
117,-0.4712041884816754,-70.0,1.1514,209.06788836687412,98.1880866564461,27.060105019923633,51.86572323268898,0.2,6
118,0.4712041884816754,-70.0,1.1514,262.7549052063205,97.78759316483047,26.008690054734828,57.9104773525941,0.2361111111111111,16
119,1.4136125654450262,-70.0,1.1514,311.8493088169656,94.91653562290594,20.820374785013417,62.762240675648705,0.32222222222222224,39
120,-15.549738219895294,-68.75,1.1514,21.347902473419534,69.31753279524855,5.2048099109271755,12.487269799234959,0.0,0
121,-14.607329842931941,-68.75,1.1514,38.708888087069155,51.04965639678994,4.877363947923311,13.269772703924803,0.0,0
122,-13.664921465968591,-68.75,1.1514,46.50558551311459,60.15130763466004,6.227562630432017,13.903348029927606,0.0,0
123,-12.72251308900524,-68.75,1.1514,17.819303621558397,77.2098623245256,7.5334605663425975,5.670307522063148,0.0,0
124,-11.780104712041888,-68.75,1.1514,12.950280354552898,77.39068652823335,7.180216958883265,4.476124778266387,0.0,0
125,-10.837696335078537,-68.75,1.1514,13.23479682597276,77.5246361354948,7.5766105473774825,4.494087071656814,0.0,0
126,-9.895287958115185,-68.75,1.1514,13.171739714451391,82.50581123807933,8.614823834888707,3.3575816997300842,0.0,0
127,-8.952879581151834,-68.75,1.1514,12.478588122661154,85.05436830542749,9.800325982033293,3.402620212542149,0.0,0
128,-8.010471204188482,-68.75,1.1514,14.265410779284931,83.77266750874696,10.527537737626297,3.885039679054887,0.0,0
129,-7.0680628272251305,-68.75,1.1514,19.27247252456855,85.64870312518906,12.219385951821316,5.944313800854486,0.0,0
130,-6.12565445026178,-68.75,1.1514,29.49348565060949,88.75988089770544,14.685605941699581,10.26367933668963,0.0,0
131,-5.183246073298429,-68.75,1.1514,50.73715102352942,90.01924295327626,17.40117445233467,17.492629758897138,0.0,0
132,-4.2408376963350785,-68.75,1.1514,69.19480147303265,92.32632060156902,20.755009437447573,24.8431000392438,0.0,1
133,-3.298429319371728,-68.75,1.1514,95.31268490902917,97.33797140041133,24.054782472094995,28.88336517615881,0.0,3
134,-2.356020942408377,-68.75,1.1514,136.58088446344138,96.82453718036413,26.980727681858394,37.07412146014504,0.0,3
135,-1.4136125654450262,-68.75,1.1514,174.33429322594765,98.86623413767666,28.806432314099645,44.22332773599564,0.25,6
136,-0.4712041884816754,-68.75,1.1514,215.73528819628706,100.39868849184131,29.665529994389765,50.78235452379698,0.2,6
137,0.4712041884816754,-68.75,1.1514,270.7469215799915,97.8553087610635,28.433789992828515,58.90142720844767,0.23636363636363636,21
138,1.4136125654450262,-68.75,1.1514,347.7915296487163,95.59252555118292,24.16191734143924,67.10873551056386,0.2548076923076923,54
139,2.356020942408377,-68.75,1.1514,405.95120379543005,91.91943008860108,15.428962369209152,61.688111085763225,0.4142857142857143,43
140,-16.492146596858646,-67.5,1.1514,29.887412441107422,58.23460280531435,3.8047463397847614,16.14673320782533,0.0,0
141,-15.549738219895294,-67.5,1.1514,51.443164128638365,54.08068049931899,4.899684963278872,23.869215590064776,0.0,0
142,-14.607329842931941,-67.5,1.1514,36.657470335358475,66.6172940263641,6.2714141915188435,9.23760962678871,0.0,0
143,-13.664921465968591,-67.5,1.1514,19.93319522802509,74.87613189790864,6.2020154167253825,5.661721336006801,0.0,0
144,-12.72251308900524,-67.5,1.1514,13.072841033301913,74.61896673456067,5.926061894287693,4.244337109851767,0.0,0
145,-11.780104712041888,-67.5,1.1514,10.510485606479248,77.31698376999702,6.390320392832591,3.7444898256317805,0.0,0
146,-10.837696335078537,-67.5,1.1514,9.911516561672233,81.51548383582849,7.391154544792598,3.029282314804666,0.0,0
147,-9.895287958115185,-67.5,1.1514,9.903964492439053,81.07759839913342,8.167291136158576,2.513185930482864,0.0,0
148,-8.952879581151834,-67.5,1.1514,9.981439841483725,84.34282711765263,9.400204805512125,2.999030550594671,0.0,0
149,-8.010471204188482,-67.5,1.1514,12.512406353208128,84.44658977212384,10.608252679625815,3.510559543760551,0.0,0
150,-7.0680628272251305,-67.5,1.1514,15.264195913246379,84.85035395045998,12.432464419959194,4.990652616831303,0.0,0
151,-6.12565445026178,-67.5,1.1514,26.459149026520954,87.54277770000044,14.985781861345863,9.119126302268976,0.0,0
152,-5.183246073298429,-67.5,1.1514,48.575074011031646,91.84288595162798,18.31173495398825,16.065430331077263,0.0,0
153,-4.2408376963350785,-67.5,1.1514,75.75185520797773,92.91764592780964,21.920229881026483,25.04401330534983,0.0,1
154,-3.298429319371728,-67.5,1.1514,98.21719052716217,96.05757762270514,25.088851489741916,28.100705500920785,0.0,3
155,-2.356020942408377,-67.5,1.1514,141.32069980969845,99.37310802284628,29.03580439264058,36.996423226675844,0.0,3
156,-1.4136125654450262,-67.5,1.1514,176.77856885203354,99.02666496665915,30.689703517759405,42.37462383977698,0.25,6
157,-0.4712041884816754,-67.5,1.1514,221.18714209553832,99.32077344419667,31.767176841953532,50.4496875653504,0.2,6
158,0.4712041884816754,-67.5,1.1514,269.29930417002225,99.34909200004768,31.217780218037475,56.25139603302258,0.2818181818181818,22
159,1.4136125654450262,-67.5,1.1514,366.30637888212846,94.856525088544,28.013849075974495,69.51114365830551,0.2740740740740741,63
160,2.356020942408377,-67.5,1.1514,485.6887942137473,90.03269463879406,20.554722626110784,68.69073573608937,0.3067226890756303,90
161,-18.376963350785346,-66.25,1.1514,10.341712017122568,51.18913449333377,1.5170571113872497,5.118830634277179,0.0,0
162,-17.434554973821996,-66.25,1.1514,22.738237047061748,60.061258727218956,2.803319697498478,8.644529248056456,0.0,0
163,-16.492146596858646,-66.25,1.1514,55.16512623073699,50.26400694870972,3.5534296838136297,28.774793934653665,0.0,0
164,-15.549738219895294,-66.25,1.1514,35.106331963642944,67.40024676997564,5.052181790165742,11.663534976501065,0.0,0
165,-14.607329842931941,-66.25,1.1514,17.948530219578327,70.62565532047302,4.919657881026891,5.895803579299854,0.0,0
166,-13.664921465968591,-66.25,1.1514,11.700458610045322,38.72123473251122,2.754845592696194,4.288112093613752,0.0,0
167,-12.72251308900524,-66.25,1.1514,9.000040236308145,82.22160284640267,5.662426063169791,3.621948343430203,0.0,0
168,-11.780104712041888,-66.25,1.1514,7.74904483224846,79.58175787178334,5.98630366886614,2.344005595158956,0.0,0
169,-10.837696335078537,-66.25,1.1514,6.6734325389703795,86.27437041839585,7.346058332632666,1.5944467509192655,0.0,0
170,-9.895287958115185,-66.25,1.1514,6.6104160172137725,84.45828652678756,8.178594700921739,1.737774014329736,0.0,0
171,-8.952879581151834,-66.25,1.1514,7.745632136412013,84.40366514230845,9.414716887390686,2.7581595784195114,0.0,0
172,-8.010471204188482,-66.25,1.1514,10.164276657945837,85.97483659686986,10.860470637488124,3.2548517947120192,0.0,0
173,-7.0680628272251305,-66.25,1.1514,13.863633477063123,84.56609129119897,12.519265929584872,4.25983998587505,0.0,0
174,-6.12565445026178,-66.25,1.1514,24.562360736914,86.71752995549468,15.169346021296436,8.641381258129305,0.0,0
175,-5.183246073298429,-66.25,1.1514,45.47582955281372,90.42233163927449,18.775951688029156,15.256270447945287,0.0,0
176,-4.2408376963350785,-66.25,1.1514,71.13522428746066,94.58561966515845,23.16782181002363,21.656459711632085,0.0,0
177,-3.298429319371728,-66.25,1.1514,103.96686284862031,96.98003830300877,26.97528039509674,29.48753121841386,0.0,3
178,-2.356020942408377,-66.25,1.1514,139.3399998976426,102.33184480341151,30.55180297724016,34.9365785140538,0.0,3
179,-1.4136125654450262,-66.25,1.1514,174.96828044684753,100.95557658030884,32.45898144302485,40.00606082972454,0.25,6
180,-0.4712041884816754,-66.25,1.1514,222.58566470342143,101.9193644542247,34.036607409585756,44.988943877589776,0.16666666666666666,6
181,0.4712041884816754,-66.25,1.1514,272.9806602927101,99.48465868073981,34.01901704216277,51.14808088032161,0.28888888888888886,13
182,1.4136125654450262,-66.25,1.1514,349.784190649396,97.5443955748051,31.5781370205148,59.6448778082218,0.30416666666666664,45
183,2.356020942408377,-66.25,1.1514,467.53132352628654,96.10539645625977,24.60073558346998,59.78542809148138,0.3125,76
184,-18.376963350785346,-65.0,1.1514,16.661091805039263,49.130360139270124,1.4593747499410121,8.712114026910632,0.0,0
185,-17.434554973821996,-65.0,1.1514,34.41653610229008,52.869150231272215,2.5376579813946174,19.721813198111413,0.0,0
186,-16.492146596858646,-65.0,1.1514,32.56682973037179,64.67468073955388,3.716896293215548,17.92927187780562,0.0,0
187,-15.549738219895294,-65.0,1.1514,16.662910908032025,48.71849792834837,2.772268820361446,8.780725780034471,0.0,0
188,-14.607329842931941,-65.0,1.1514,10.28044769875469,57.99382871162379,3.426463336902505,5.510676298465216,0.0,0
189,-13.664921465968591,-65.0,1.1514,5.910936240467477,49.92194074293366,3.0321263036582304,2.760417457694361,0.0,0
190,-12.72251308900524,-65.0,1.1514,4.540545536849288,59.80291565632797,3.8557230957327397,1.621154675458866,0.0,0
191,-11.780104712041888,-65.0,1.1514,4.807847652680456,78.96659904916305,5.561654683967272,1.2991196820020925,0.0,0
192,-10.837696335078537,-65.0,1.1514,4.808084196965091,83.56318741949508,6.810416289455855,0.7669404071650769,0.0,0
193,-9.895287958115185,-65.0,1.1514,5.899634589050106,86.16804349090671,8.197810843983683,1.4539093068593767,0.0,0
194,-8.952879581151834,-65.0,1.1514,6.532870732601263,87.27699382114224,9.67115476749882,2.04866616788416,0.0,0
195,-8.010471204188482,-65.0,1.1514,7.996974312294327,87.72979537840001,11.292256665111701,2.522829095992262,0.0,0
196,-7.0680628272251305,-65.0,1.1514,12.793528810628391,88.97014593385393,13.506532916074654,4.20263683289868,0.0,0
197,-6.12565445026178,-65.0,1.1514,25.412799966708313,89.49902671534801,16.174164808160487,8.72040818793618,0.0,0
198,-5.183246073298429,-65.0,1.1514,46.68699610528581,91.69177785515785,19.746490439473675,15.159669744196659,0.0,0
199,-4.2408376963350785,-65.0,1.1514,74.39781310582887,95.89540632558055,24.598819470392186,23.635785180008433,0.0,0
200,-3.298429319371728,-65.0,1.1514,98.78167734444307,100.39304826990701,28.51012270923172,26.648818640624004,0.0,1
201,-2.356020942408377,-65.0,1.1514,129.0628741460049,101.63627088972135,31.371112217871545,30.287791241530844,0.0,3
202,-1.4136125654450262,-65.0,1.1514,183.46769902567232,101.95572815980995,34.37515748162138,38.90542964357416,0.2,9
203,-0.4712041884816754,-65.0,1.1514,232.45197837051916,102.01955339260167,35.72377391212207,42.41911124454077,0.2,9
204,0.4712041884816754,-65.0,1.1514,300.76031014424876,99.71740096370922,37.4553571207784,50.429756122813636,0.27564102564102566,26
205,1.4136125654450262,-65.0,1.1514,367.4263946933678,100.70629934314638,35.542646130014916,53.94577387796363,0.29044117647058826,49
206,-20.261780104712045,-63.75,1.1514,11.550464453090864,47.81310546808527,0.7736937376133117,3.0641841107250585,0.0,0
207,-19.319371727748695,-63.75,1.1514,13.56005011223316,47.55766392328951,1.4631899478974961,6.027543412284718,0.0,0
208,-18.376963350785346,-63.75,1.1514,16.17011443362879,41.968567736767,1.6246024991933623,6.535749321134953,0.0,0
209,-17.434554973821996,-63.75,1.1514,23.38874689651025,45.71027002239134,2.1212332843979853,10.023835075811157,0.0,0
210,-16.492146596858646,-63.75,1.1514,15.497368912198098,51.39792096495512,2.544221529854055,7.976907675900312,0.0,0
211,-15.549738219895294,-63.75,1.1514,10.502820760875519,66.1879392794799,3.2338979990583607,4.500669574911317,0.0,0
212,-14.607329842931941,-63.75,1.1514,6.106247909683921,71.37898316112114,3.6022632666196945,3.2513829244631554,0.0,0
213,-13.664921465968591,-63.75,1.1514,3.5155076710771573,61.64020349067869,3.3435772789439246,1.5485568883114404,0.0,0
214,-12.72251308900524,-63.75,1.1514,2.753454721408786,77.02264751162147,4.600853904050695,0.8599986805363644,0.0,0
215,-11.780104712041888,-63.75,1.1514,2.5341829491348014,74.13993696856778,4.89592536800354,0.4491865153699558,0.0,0
216,-10.837696335078537,-63.75,1.1514,3.1839221830158295,73.9022120986192,5.70432035635463,0.44373850576053586,0.0,0
217,-9.895287958115185,-63.75,1.1514,4.160389040193086,86.5846505339141,8.059776700114318,0.6314798472951989,0.0,0
218,-8.952879581151834,-63.75,1.1514,6.294418825857024,88.58476536726812,9.823437948943218,1.4292904056889584,0.0,0
219,-8.010471204188482,-63.75,1.1514,9.691892901664485,88.0564127949765,11.634021467269466,2.69198848254078,0.0,0
220,-7.0680628272251305,-63.75,1.1514,13.77300997656774,88.7282017985126,13.909256091582975,4.219731461470825,0.0,0
221,-6.12565445026178,-63.75,1.1514,23.276530332499185,92.51830781868193,17.334900114716117,7.572073674379416,0.0,0
222,-5.183246073298429,-63.75,1.1514,47.27141054219215,93.87808411032893,21.061154526628048,14.607583130220682,0.0,0
223,-4.2408376963350785,-63.75,1.1514,66.56457699430152,99.74077821476385,25.94379185972139,20.97365876577025,0.0,0
224,-3.298429319371728,-63.75,1.1514,92.22848059321285,99.04617964028148,29.52393435377643,23.92101267533366,0.0,1
225,-2.356020942408377,-63.75,1.1514,140.9677670316723,99.08497693191748,32.52006629384274,30.138168856082928,0.0,3
226,-1.4136125654450262,-63.75,1.1514,203.66186561075045,103.36057420674479,36.78517769557614,39.82706134324431,0.2,12
227,-0.4712041884816754,-63.75,1.1514,243.5215007018749,104.10811445588479,38.806604972858125,42.3141291939984,0.1527777777777778,17
228,0.4712041884816754,-63.75,1.1514,329.8196671690502,102.49482539162273,40.3312511334483,50.75345047497826,0.23529411764705882,51
229,1.4136125654450262,-63.75,1.1514,404.3146278620105,101.01125097280601,37.710966114561664,53.177734401316265,0.2727272727272727,87
230,3.298429319371728,-63.75,1.1514,453.4594347354141,103.46030645188875,13.520035116755507,42.941571452030445,0.3090909090909091,40
231,-19.319371727748695,-62.5,1.1514,10.62057997558792,33.55412151577184,1.0261969949537735,4.550874770258371,0.0,0
232,-18.376963350785346,-62.5,1.1514,11.601333820282651,31.644434706613538,1.1284860919026745,4.100014660832135,0.0,0
233,-17.434554973821996,-62.5,1.1514,12.563793835343573,30.279106745219906,1.1353277111340674,5.11986436701523,0.0,0
234,-16.492146596858646,-62.5,1.1514,9.888605865146596,45.62328626299859,1.9053915113034545,4.355376669672445,0.0,0
235,-15.549738219895294,-62.5,1.1514,7.218726750082429,40.917700277677795,1.8896593600667908,2.8435780037255505,0.0,0
236,-14.607329842931941,-62.5,1.1514,4.813308054739084,57.87797434197273,2.729909953452114,1.750241016416822,0.0,0
237,-13.664921465968591,-62.5,1.1514,4.188087308646368,76.01077527331654,3.8736615328719073,1.5718679089025573,0.0,0
238,-12.72251308900524,-62.5,1.1514,2.5968063485566555,79.50088880636031,4.562919853024119,0.6358648789488222,0.0,0
239,-11.780104712041888,-62.5,1.1514,1.7928445290648345,70.76487793587148,4.537842640828449,0.32491956173994324,0.0,0
240,-10.837696335078537,-62.5,1.1514,2.2463852294612323,74.02484374382766,5.756129132501848,0.35146862169354054,0.0,0
241,-9.895287958115185,-62.5,1.1514,3.9045369778889203,76.09962891874602,7.3593274125086845,0.8050039234680159,0.0,0
242,-8.952879581151834,-62.5,1.1514,6.084085212419355,89.06809492385946,9.88252341511303,1.5416231090279569,0.0,0
243,-8.010471204188482,-62.5,1.1514,9.552724265500384,90.22390379657736,12.088416515533012,2.3321910140153164,0.0,0
244,-7.0680628272251305,-62.5,1.1514,12.895116038357486,92.17480521532707,14.67538020974345,3.6414275654866195,0.0,0
245,-6.12565445026178,-62.5,1.1514,23.46184449624603,93.024308597669,17.83340569653694,7.091974460125925,0.0,0
246,-5.183246073298429,-62.5,1.1514,40.088904276896464,96.18073547724634,21.919655119015356,11.797060523433029,0.0,0
247,-4.2408376963350785,-62.5,1.1514,61.806425237681935,102.31344666215591,27.204429386937072,18.09568387358315,0.0,0
248,-3.298429319371728,-62.5,1.1514,89.6740061571281,99.40759809804149,30.435066548820146,20.46076534405748,0.0,1
249,-2.356020942408377,-62.5,1.1514,146.65994627607148,101.54515048430767,35.23655219279997,30.421762130807718,0.0,3
250,-1.4136125654450262,-62.5,1.1514,197.2554200386486,106.03922758426052,39.54637620118511,38.60621959963784,0.19047619047619047,16
251,-0.4712041884816754,-62.5,1.1514,261.4803957671961,104.44814192218473,42.12345731603697,45.030487311117845,0.2222222222222222,26
252,0.4712041884816754,-62.5,1.1514,376.3930832076221,99.71972836807254,41.50758709682562,52.57860641075027,0.23391812865497075,82
253,1.4136125654450262,-62.5,1.1514,463.13632647870236,99.5635516155744,40.350374021697725,52.041313194327195,0.24,95
254,2.356020942408377,-62.5,1.1514,513.3451739162774,100.80121385108214,29.9520468319241,46.57971767332415,0.2543859649122807,53
255,3.298429319371728,-62.5,1.1514,472.27972165354004,105.6438676835387,23.138750901104608,38.435857319118725,0.32142857142857145,17
256,-18.376963350785346,-61.25,1.1514,11.883158129839236,39.530790713470196,1.1612812297460169,6.3606057877340145,0.0,0
257,-17.434554973821996,-61.25,1.1514,10.40462576392485,42.29710711653752,1.4407070255824135,6.101840705723122,0.0,0
258,-16.492146596858646,-61.25,1.1514,7.41130574598691,41.072635284945136,1.5714204845666744,3.8324041962864994,0.0,0
259,-15.549738219895294,-61.25,1.1514,6.028607757842841,43.93450856274285,1.9023592288458466,2.280864925532852,0.0,0
260,-14.607329842931941,-61.25,1.1514,5.140577969712739,71.11444813606795,3.110473634323511,1.7907944661720077,0.0,0
261,-13.664921465968591,-61.25,1.1514,3.6647366908463184,77.95965855242684,3.9385215862202103,1.044938588853789,0.0,0
262,-12.72251308900524,-61.25,1.1514,1.4679741900080014,73.80496249330463,4.292340851579593,0.43855766997054857,0.0,0
263,-11.780104712041888,-61.25,1.1514,0.8831915007827711,72.97200329834595,4.886605880466975,0.21115980649928015,0.0,0
264,-10.837696335078537,-61.25,1.1514,1.4937755257550926,85.33238947740756,6.7716674549107845,0.3910175906682698,0.0,0
265,-9.895287958115185,-61.25,1.1514,2.172572505976708,90.88890923419967,8.687150489342494,0.6108163642265199,0.0,0
266,-8.952879581151834,-61.25,1.1514,3.700070467947898,89.2428312334232,10.122933366599998,0.9643693131566321,0.0,0
267,-8.010471204188482,-61.25,1.1514,6.7377207949318905,90.24898179341108,12.298015403570194,1.7388284333112543,0.0,0
268,-7.0680628272251305,-61.25,1.1514,11.610858291356847,91.23512202640995,15.126667294202317,3.053624558956812,0.0,0
269,-6.12565445026178,-61.25,1.1514,21.591161171912642,94.45982717676088,18.720689542518627,6.074636159652973,0.0,0
270,-5.183246073298429,-61.25,1.1514,36.34395137824228,95.80269189435057,22.468102058465384,11.233085226047379,0.0,0
271,-4.2408376963350785,-61.25,1.1514,60.53503238506072,98.71347953157965,27.32167791849475,16.303749727304204,0.0,0
272,-3.298429319371728,-61.25,1.1514,84.02703781902005,104.0367126086494,32.75800075148284,19.20063337508833,0.0,1
273,-2.356020942408377,-61.25,1.1514,120.08068583571608,104.50513024872635,37.70660811121513,25.355282298204006,0.0,3
274,-1.4136125654450262,-61.25,1.1514,173.83057955186922,104.86342340125702,41.67299581685241,33.11149531649806,0.2,11
275,-0.4712041884816754,-61.25,1.1514,269.0365593309397,104.25146849564044,44.1446822494202,43.51699947892423,0.24242424242424243,40
276,0.4712041884816754,-61.25,1.1514,383.13788875437467,100.38447846280178,44.467569833514276,51.21194390570428,0.23160173160173161,98
277,1.4136125654450262,-61.25,1.1514,464.45097877998944,100.04138441043324,44.51119015406546,48.44299736283965,0.22833333333333333,81
278,2.356020942408377,-61.25,1.1514,490.029204847192,104.8307243763702,41.00235552554952,37.14334844316516,0.27450980392156865,34
279,3.298429319371728,-61.25,1.1514,414.95460722091593,112.22240288421744,34.41988258873921,24.56839037990541,0.375,9
280,4.2408376963350785,-61.25,1.1514,274.2187099660782,111.27755504159722,16.49338940228689,13.201130393202538,0.4,5
281,-15.549738219895294,-60.0,1.1514,5.466472897875433,36.384382748947246,1.5172213842374147,1.5479294784489874,0.0,0
282,-14.607329842931941,-60.0,1.1514,3.8244843976762914,71.24577733251499,3.1899257863496673,1.0022556307999815,0.0,0
283,-13.664921465968591,-60.0,1.1514,1.602595240521508,74.53940540319309,3.7836040721224564,0.4386615812139856,0.0,0
284,-12.72251308900524,-60.0,1.1514,0.5923841139052144,78.96567449643044,4.694441782788577,0.14201054638987728,0.0,0
285,-11.780104712041888,-60.0,1.1514,0.515452208050443,84.38019367342349,5.7502314983546965,0.13850954247573527,0.0,0
286,-10.837696335078537,-60.0,1.1514,0.5859900018432161,88.40237664466258,7.2376882215535,0.11064236768671508,0.0,0
287,-9.895287958115185,-60.0,1.1514,0.9092277073012637,90.32093652407639,8.967615725312498,0.25733698646960196,0.0,0
288,-8.952879581151834,-60.0,1.1514,1.3287714463716545,91.97314174845815,10.756011482176543,0.4391092338381553,0.0,0
289,-8.010471204188482,-60.0,1.1514,2.910419452138517,96.13538710749708,13.387724323363507,0.8187323736662925,0.0,0
290,-7.0680628272251305,-60.0,1.1514,8.087095987085275,94.78188088280149,16.09761505624438,2.518615513990662,0.0,0
291,-6.12565445026178,-60.0,1.1514,16.526216900436086,93.85530528787058,19.182676070777454,5.005488148215069,0.0,0
292,-5.183246073298429,-60.0,1.1514,31.859627503472005,97.37355573044624,23.533531776394344,9.280766202480477,0.0,0
293,-4.2408376963350785,-60.0,1.1514,51.02352734758345,100.96715125255287,28.765110500669284,13.585416181133002,0.0,0
294,-3.298429319371728,-60.0,1.1514,75.34979446487343,108.58135290560313,34.960997645702555,16.02715095917561,0.0,0
295,-2.356020942408377,-60.0,1.1514,98.61648910067237,103.3449904754525,38.33969378645999,19.441787638523333,0.0,2
296,-1.4136125654450262,-60.0,1.1514,154.49417038080128,104.52693073020782,43.00114014920858,26.60021005491212,0.2,8
297,-0.4712041884816754,-60.0,1.1514,251.1007969552294,106.09247873187996,46.83302548908694,36.914998133737555,0.26282051282051283,37
298,0.4712041884816754,-60.0,1.1514,346.0242279177754,105.39390946127241,49.184926472227225,42.65407855386689,0.24047619047619048,63
299,1.4136125654450262,-60.0,1.1514,418.7994403342983,104.33179310930427,50.063932932799275,35.883162440735695,0.2318840579710145,51
300,2.356020942408377,-60.0,1.1514,457.98063976854684,102.17420269647846,45.34519599444023,23.224214058679056,0.3125,23
301,3.298429319371728,-60.0,1.1514,420.60749315838166,112.88714723079465,43.52805314722779,13.674139994885936,0.35454545454545455,3
302,4.2408376963350785,-60.0,1.1514,325.71736744099326,105.29736249387497,28.818201841504074,6.886506496082039,0.38095238095238093,1
303,5.183246073298429,-60.0,1.1514,310.74783158517675,107.44737141241785,13.347564722830706,4.1011067295765145,0.5,1
304,-13.664921465968591,-58.75,1.1514,0.8644166802482178,44.54957392386859,2.4525910384974634,0.28326836519819865,0.0,0
305,-12.72251308900524,-58.75,1.1514,0.4119973746262371,80.47137141111307,4.8885840571037384,0.14390453701536637,0.0,0
306,-11.780104712041888,-58.75,1.1514,0.19637581475495136,82.39239425776759,5.852328438542328,0.02458571947780404,0.0,0
307,-10.837696335078537,-58.75,1.1514,0.3031706214329337,84.3876981982612,7.194916083537029,0.09151964075226551,0.0,0
308,-9.895287958115185,-58.75,1.1514,0.5090262058441745,87.5197173084598,8.88794235613387,0.20943712608796722,0.0,0
309,-8.952879581151834,-58.75,1.1514,0.7491486652386679,86.87003609840758,10.454606047156416,0.3039502557446908,0.0,0
310,-8.010471204188482,-58.75,1.1514,1.5919607969696852,88.02345634088852,12.779415624238345,0.5683906787780608,0.0,0
311,-7.0680628272251305,-58.75,1.1514,5.4193040061373425,93.47541208087932,16.403255195313417,1.4640434266673448,0.0,0
312,-6.12565445026178,-58.75,1.1514,14.416397509445119,91.24963605136145,19.253260079282242,3.9626427325512714,0.0,0
313,-5.183246073298429,-58.75,1.1514,27.195822019918136,92.10251447511837,23.020862621210487,7.155659164584433,0.0,0
314,-4.2408376963350785,-58.75,1.1514,42.970699541457556,100.39432831224985,29.26385110570808,9.857584841366732,0.0,0
315,-3.298429319371728,-58.75,1.1514,68.26835953767747,110.31551057472825,36.195847704870104,12.730300351784242,0.0,0
316,-2.356020942408377,-58.75,1.1514,85.20687048765444,104.33434495877009,38.62171921369033,13.774851886189495,0.0,0
317,-1.4136125654450262,-58.75,1.1514,141.51472795939213,106.77673180354759,44.55472063303755,21.287532659649404,0.16666666666666666,7
318,-0.4712041884816754,-58.75,1.1514,227.45805510853015,108.43356607016176,49.708048618712134,31.709423429280836,0.25274725274725274,30
319,0.4712041884816754,-58.75,1.1514,315.4125746955738,107.90317256993148,53.06979135008451,37.686865476253914,0.24285714285714285,40
320,-13.664921465968591,-57.5,1.1514,0.4748693040879438,59.48516170552466,3.1811853578030544,0.13754924861306494,0.0,0
321,-12.72251308900524,-57.5,1.1514,0.09212916831560555,83.8116926047951,5.337052696607212,0.011151780999926265,0.0,0
322,-11.780104712041888,-57.5,1.1514,0.18810325013632115,82.3742781492183,6.112223685244988,0.033832433439957725,0.0,0
323,-10.837696335078537,-57.5,1.1514,0.33363037535440276,84.42457613360602,7.552377171007488,0.0961869830632512,0.0,0
324,-9.895287958115185,-57.5,1.1514,0.44310230137860573,89.62030779628549,9.586111367831306,0.13434729901837567,0.0,0
325,-8.952879581151834,-57.5,1.1514,0.5079927542060905,90.25792370201088,11.382315530878722,0.1777521438801556,0.0,0
326,-8.010471204188482,-57.5,1.1514,0.9759910946671381,88.67075194604695,13.27693686798442,0.3835959862540386,0.0,0
327,-7.0680628272251305,-57.5,1.1514,3.8375012481157675,94.5371608104324,17.302329481051167,1.2638849879825165,0.0,0
328,-6.12565445026178,-57.5,1.1514,10.774185985638985,98.96859183849301,21.736377013596318,2.668652783793251,0.0,0
329,-5.183246073298429,-57.5,1.1514,17.605849001825753,100.33568755898159,25.730782244897206,4.443534017948908,0.0,0
330,-4.2408376963350785,-57.5,1.1514,30.63890982163891,96.66580253164284,28.84654999171013,7.180491581567476,0.0,0
331,-3.298429319371728,-57.5,1.1514,49.25620900994942,103.62039783736691,35.285650948994856,8.8349576257362,0.0,0
332,-2.356020942408377,-57.5,1.1514,77.39017836921825,108.52550745941699,40.94254088072875,10.355279410590905,0.0,0
333,-1.4136125654450262,-57.5,1.1514,112.1424634023831,108.70435367018217,46.32637250546967,15.320366933636537,0.3333333333333333,2
334,-0.4712041884816754,-57.5,1.1514,174.51932802624071,111.61580924817827,53.0398948059848,22.629988876197615,0.25,12
335,0.4712041884816754,-57.5,1.1514,252.96576262836328,112.30285332072526,56.442330378431606,29.31670747330775,0.2807017543859649,21
336,1.4136125654450262,-57.5,1.1514,302.7654585971238,111.84619957435643,52.2429781894251,27.117851871893812,0.3006535947712418,16
337,-13.664921465968591,-56.25,1.1514,0.34797844587171756,57.6375911894138,3.279184081025866,0.10035534925763101,0.0,0
338,-12.72251308900524,-56.25,1.1514,0.19076072254559526,73.15131626062794,4.870958093567252,0.019406302116611894,0.0,0
339,-11.780104712041888,-56.25,1.1514,0.21031861757495163,79.4395105575677,6.2496560889563835,0.03106369508546897,0.0,0
340,-10.837696335078537,-56.25,1.1514,0.37645235340970523,83.96265446324833,7.855949088111526,0.07955371412148093,0.0,0
341,-9.895287958115185,-56.25,1.1514,0.4387180715824849,86.11282223195303,9.524144501277117,0.09626231770956416,0.0,0
342,-8.952879581151834,-56.25,1.1514,0.5761190972843518,88.67067743616644,11.733049002764334,0.1712290341324842,0.0,0
343,-8.010471204188482,-56.25,1.1514,0.9799533472928148,94.36125428241212,14.928965518125036,0.33762935929642823,0.0,0
344,-7.0680628272251305,-56.25,1.1514,2.9050082190129283,97.2248147096252,18.69907315502589,1.0801215437856353,0.0,0
345,-6.12565445026178,-56.25,1.1514,6.20682130612762,101.32838628022,23.313445079546042,1.812796165189713,0.0,0
346,-5.183246073298429,-56.25,1.1514,12.29741350545637,99.15572903759312,26.370493093233787,2.759744977027008,0.0,0
347,-4.2408376963350785,-56.25,1.1514,22.096288194105867,96.14409956149757,29.281560342811858,4.4246269522159025,0.0,0
348,-3.298429319371728,-56.25,1.1514,40.83735814449366,97.89846392988693,34.17999289441248,6.929941554603943,0.0,0
349,-2.356020942408377,-56.25,1.1514,68.16498006706709,111.97519215289503,42.92242853881513,7.550616929344917,0.0,0
350,-1.4136125654450262,-56.25,1.1514,80.83562112492423,108.69258677470498,46.51586248285051,7.985009183362525,0.16666666666666666,0
351,-0.4712041884816754,-56.25,1.1514,113.49520304586322,109.11247968615498,51.84043933292387,10.58459823994023,0.42857142857142855,2
352,0.4712041884816754,-56.25,1.1514,166.1809521248557,110.47152177023236,55.84617202136146,14.293570284504126,0.34065934065934067,8
353,1.4136125654450262,-56.25,1.1514,210.31675346221618,111.67684650543379,53.22432001843116,15.889417469958076,0.35714285714285715,7
354,-14.607329842931941,-55.0,1.1514,0.6749547819744731,59.6988483183668,3.1319582159046795,0.14872415374441275,0.0,0
355,-13.664921465968591,-55.0,1.1514,0.22130207236744942,61.88443864375586,3.6895405275062148,0.012239018346070852,0.0,0
356,-12.72251308900524,-55.0,1.1514,0.20436746430129835,75.51770328660496,5.140288907139627,0.015206762927107813,0.0,0
357,-11.780104712041888,-55.0,1.1514,0.2514346516009732,76.70603196602315,6.309484570819948,0.035164844746793544,0.0,0
358,-10.837696335078537,-55.0,1.1514,0.36787394415279195,80.69489731220528,7.957280506255033,0.060122000107730285,0.0,0
359,-9.895287958115185,-55.0,1.1514,0.44354617011064146,83.45478471368551,9.788641528388391,0.08111825068901236,0.0,0
360,-8.952879581151834,-55.0,1.1514,0.7511402475244376,88.96247345139273,12.339432249912118,0.1885104110257966,0.0,0
361,-8.010471204188482,-55.0,1.1514,1.1971158263185528,95.41323585261125,16.154138019282037,0.40561943690381985,0.0,0
362,-7.0680628272251305,-55.0,1.1514,2.6593763061840927,95.87314111995511,19.308052925303986,0.8664178520308904,0.0,0
363,-6.12565445026178,-55.0,1.1514,4.7590898124623155,97.4661863950314,23.23291483774479,1.3831180058627475,0.0,0
364,-5.183246073298429,-55.0,1.1514,9.50056408878395,93.58820272085723,25.934913727050887,1.717122935770792,0.0,0
365,-4.2408376963350785,-55.0,1.1514,19.935694497182695,95.85854317119811,29.958492713380814,2.8913336345443357,0.0,0
366,-3.298429319371728,-55.0,1.1514,35.53483801443225,101.94603990297765,35.933918052337,4.586267629640832,0.0,0
367,-2.356020942408377,-55.0,1.1514,69.2302928638093,105.44895877072122,40.347369348234615,5.304503957321139,0.0,0
368,-1.4136125654450262,-55.0,1.1514,77.09349978037716,101.28056907327846,44.26179456195138,5.171941710045609,0.0,0
369,-0.4712041884816754,-55.0,1.1514,109.96122738540419,102.37067216774449,49.27211776684725,6.807186430593389,0.35714285714285715,0
370,0.4712041884816754,-55.0,1.1514,141.08644437797352,103.96649931266438,52.25275255144612,7.873133479176221,0.358974358974359,4
371,1.4136125654450262,-55.0,1.1514,162.46304683290873,102.62091320066247,48.99074469094375,7.9750133730208015,0.37362637362637363,2
372,2.356020942408377,-55.0,1.1514,193.51328669959003,107.83532451081555,38.41596802096645,7.51575985547057,0.4444444444444444,2
373,-14.607329842931941,-53.75,1.1514,0.24488351678953507,56.044226610974874,3.1791934702633253,0.025076671063101602,0.0,0
374,-13.664921465968591,-53.75,1.1514,0.1659228941710969,73.64187780185603,4.511599334677792,0.009604207481942472,0.0,0
375,-12.72251308900524,-53.75,1.1514,0.17712270358651552,82.1539510495495,5.881659056151452,0.015047177934098536,0.0,0
376,-11.780104712041888,-53.75,1.1514,0.20572134925233715,83.89287504076492,7.193718072356442,0.028449761076265564,0.0,0
377,-10.837696335078537,-53.75,1.1514,0.3370839371850671,83.77985945669934,8.75963624713174,0.05104101745227794,0.0,0
378,-9.895287958115185,-53.75,1.1514,0.450974002754185,85.64510603144299,10.652790941212226,0.07541287907481647,0.0,0
379,-8.952879581151834,-53.75,1.1514,0.7817387886838036,88.22655468480662,13.157847639905889,0.16809312746883023,0.0,0
380,-8.010471204188482,-53.75,1.1514,1.1265894365145575,91.16249225917272,16.295302639832098,0.3104801947265602,0.0,0
381,-7.0680628272251305,-53.75,1.1514,2.1156531692478726,95.64112737891264,20.1019731463387,0.5555208140738981,0.0,0
382,-6.12565445026178,-53.75,1.1514,3.970064166433663,98.1623947742628,24.056879955168675,0.8583149704622371,0.0,0
383,-5.183246073298429,-53.75,1.1514,8.189521097115996,97.02934733417351,27.317526972723147,1.1539395742738525,0.0,0
384,-4.2408376963350785,-53.75,1.1514,19.498834286394096,95.78704939282034,30.720305591448668,1.9022539345261062,0.0,0
385,-3.298429319371728,-53.75,1.1514,37.30338022929912,96.6968887578696,34.87443903107845,3.053337990444011,0.0,0
386,-2.356020942408377,-53.75,1.1514,59.96689590537137,102.55942645599134,40.67775673911733,3.577226024487218,0.0,0
387,-1.4136125654450262,-53.75,1.1514,96.81090809649676,102.77574005682254,45.26299921229424,4.316870783146054,0.0,0
388,-0.4712041884816754,-53.75,1.1514,123.97957341850642,100.23536523047369,48.024285871920036,4.572858150743684,0.25,0
389,0.4712041884816754,-53.75,1.1514,135.74106457795864,94.90205420879647,47.43989787531441,4.315439337551333,0.48214285714285715,0
390,1.4136125654450262,-53.75,1.1514,138.24440305589633,93.36354666156694,43.8665696403454,2.5555738588429695,0.4444444444444444,0
391,2.356020942408377,-53.75,1.1514,142.30798349195538,97.17833745467942,35.866252559226076,2.024186395373474,0.4523809523809524,0
392,-13.664921465968591,-52.5,1.1514,0.14513131307419544,64.06151594419498,4.249907604050597,0.007982705175141507,0.0,0
393,-12.72251308900524,-52.5,1.1514,0.1777765131187457,77.32835498987697,5.958182163050255,0.013670618059208994,0.0,0
394,-11.780104712041888,-52.5,1.1514,0.21385728680511057,81.22405573376454,7.403600952963607,0.024947743172469623,0.0,0
395,-10.837696335078537,-52.5,1.1514,0.3166709206879399,82.69387381500565,9.088896474903263,0.03493587938620184,0.0,0
396,-9.895287958115185,-52.5,1.1514,0.4794973556235022,87.70936255634297,11.71578136571203,0.05681754246462868,0.0,0
397,-8.952879581151834,-52.5,1.1514,0.7471876696792388,89.56514170859009,14.28955259144142,0.11842525464854088,0.0,0
398,-8.010471204188482,-52.5,1.1514,1.102938865734879,93.5614141478436,17.665385237440866,0.21058015012614323,0.0,0
399,-7.0680628272251305,-52.5,1.1514,1.7815092168337592,94.86659581947606,20.879262867543986,0.37327761778497737,0.0,0
400,-6.12565445026178,-52.5,1.1514,3.466426255980244,93.97366197779775,23.72496657825133,0.5819573838721492,0.0,0
401,-5.183246073298429,-52.5,1.1514,6.912217773067413,95.06445129867643,27.268871947332485,0.842369202170599,0.0,0
402,-4.2408376963350785,-52.5,1.1514,21.28436969856316,97.50934114737902,31.771026090309284,1.6390481466008548,0.0,0
403,-3.298429319371728,-52.5,1.1514,38.159802068096496,98.10274605522864,35.731400937282494,2.351660672611113,0.0,0
404,-2.356020942408377,-52.5,1.1514,67.56277468213592,104.1355745686451,41.841657155478096,2.6000659123634167,0.0,0
405,-1.4136125654450262,-52.5,1.1514,111.97918438813585,108.94801656191703,47.62291213720906,2.2827188413044017,0.0,0
406,-0.4712041884816754,-52.5,1.1514,144.56257591646425,104.0395374619402,49.81441766818463,1.9734168838922161,0.0,0
407,0.4712041884816754,-52.5,1.1514,154.21468292658574,101.34355382644571,50.09782189381904,1.6914937525970213,0.4583333333333333,0
408,-8.952879581151834,-51.25,1.1514,0.5364074711858425,87.6823024568148,15.037527152576356,0.05436920802840835,0.0,0
409,-8.010471204188482,-51.25,1.1514,0.9030154924854921,91.00555876619183,18.2810195092651,0.09194138297226587,0.0,0
410,-7.0680628272251305,-51.25,1.1514,1.6025679033405686,94.35441518377047,21.81738087768611,0.18107197281375478,0.0,0
411,-5.183246073298429,-51.25,1.1514,6.6542701033835785,101.6533745219931,30.098155921356437,0.4196093506127389,0.0,0
412,-4.2408376963350785,-51.25,1.1514,20.01510842036738,104.79540582862683,34.93051421677438,1.0660663442557219,0.0,0
413,-3.298429319371728,-51.25,1.1514,38.5259709056143,96.90663921064697,36.20598018824349,1.6760663467676005,0.0,0
414,-2.356020942408377,-51.25,1.1514,66.58633151475098,101.93809607473668,41.81963907276813,1.309678429559829,0.0,0
415,-3.298429319371728,-50.0,1.1514,34.29272185067429,97.89617287286092,37.5074103676211,0.6487487169493152,0.0,0
0,-6.12565445026178,-78.75,3.112,14.047512317149753,57.592816306860186,0.7338849333015378,7.070298590225542,0.0,0
1,-5.183246073298429,-78.75,3.112,28.670544777533497,68.95296754839364,1.1751964669623538,14.177061221152208,0.0,0
2,-4.2408376963350785,-78.75,3.112,53.07930168959748,71.56274609675165,1.558308316892608,27.093359032475778,0.0,0
3,-3.298429319371728,-78.75,3.112,55.83068364090057,63.66838066081982,1.8774982486089706,31.71067307160435,0.0,0
4,-2.356020942408377,-78.75,3.112,61.31092602493577,55.8192339449306,2.2276231483158324,35.25399709442764,0.0,0
5,-1.4136125654450262,-78.75,3.112,73.62907554129038,49.41913939794176,2.3206470127414844,37.2013170770401,0.0,0
6,-8.952879581151834,-77.5,3.112,13.22463265346344,57.49991068179952,0.7438323483455606,5.023776706308699,0.0,0
7,-8.010471204188482,-77.5,3.112,14.922294125356867,47.07260444010899,1.2119397164725456,6.9557648887470025,0.0,0
8,-7.0680628272251305,-77.5,3.112,21.197134260566354,53.2572036649799,1.715556794006727,11.213490623347965,0.0,0
9,-6.12565445026178,-77.5,3.112,24.351076150890748,67.55786904323031,2.5224449959381565,15.452591936953974,0.0,0
10,-5.183246073298429,-77.5,3.112,41.25149486110782,77.2359303983103,3.434101987289466,18.389304205782445,0.0,0
11,-4.2408376963350785,-77.5,3.112,70.55152055631171,84.73742132759071,5.078285607021923,34.112269323678525,0.0,0
12,-3.298429319371728,-77.5,3.112,112.39089558448438,80.39093526444049,6.406422854041189,54.779323902899485,0.0,0
13,-2.356020942408377,-77.5,3.112,147.74262204216402,73.6835214070743,7.140401721995667,65.59813190132559,0.0,0
14,-1.4136125654450262,-77.5,3.112,169.9994907607076,64.72863560949918,5.732415403458826,66.49416509604302,0.0,0
15,-0.4712041884816754,-77.5,3.112,155.61929567361625,54.6018933520827,3.474271380157649,63.381158269907495,0.0,0
16,0.4712041884816754,-77.5,3.112,105.96517762082074,56.582565220305696,2.6946030071716756,46.95252916938751,0.0,0
17,-10.837696335078537,-76.25,3.112,10.675158873564412,42.50791755723185,0.5402740028543348,4.159638752398237,0.0,0
18,-9.895287958115185,-76.25,3.112,26.257176424557976,48.82306285275263,1.5788051996666033,10.561033043457368,0.0,0
19,-8.952879581151834,-76.25,3.112,58.99754547396433,57.737405802472495,3.93671341158992,27.55297891773788,0.0,0
20,-8.010471204188482,-76.25,3.112,47.7895623166248,69.69748635194264,6.018640793034919,23.378771264651828,0.0,0
21,-7.0680628272251305,-76.25,3.112,44.93293016510658,71.59593595017213,6.157906399596237,20.465799191073987,0.0,0
22,-6.12565445026178,-76.25,3.112,45.38623258205226,80.30568143556593,7.077356169514179,22.294330539689433,0.0,0
23,-5.183246073298429,-76.25,3.112,48.69321664876145,88.79296122584492,8.027546512002246,26.362104930262714,0.0,0
24,-4.2408376963350785,-76.25,3.112,58.860355089170454,89.8231527893222,9.38815136925343,35.55479635251194,0.0,0
25,-3.298429319371728,-76.25,3.112,74.7496016002535,93.58956507610856,11.301356101125835,43.49173946221743,0.0,0
26,-2.356020942408377,-76.25,3.112,91.52477087796247,94.58693370921537,12.720592835627967,43.27394451553255,0.0,0
27,-1.4136125654450262,-76.25,3.112,108.00182600789992,95.48771702771774,12.753429154167993,44.131804180590514,0.0,0
28,-0.4712041884816754,-76.25,3.112,136.93271843146636,92.84225909461384,11.442272423601036,47.56602532951777,0.0,0
29,0.4712041884816754,-76.25,3.112,220.74815347087488,73.23478247315506,7.509986903177549,68.48579496499602,0.0,0
30,1.4136125654450262,-76.25,3.112,219.9926229093623,56.76215214509284,2.871535136121323,62.11771008224834,0.0,0
31,-13.664921465968591,-75.0,3.112,1.2478293842579906,13.014656429707435,0.21287652630153528,0.39153373945064585,0.0,0
32,-12.72251308900524,-75.0,3.112,11.393504010854445,38.448391745769186,0.9019961543692055,4.704093070951769,0.0,0
33,-11.780104712041888,-75.0,3.112,27.375019739785422,47.166057261347305,1.9577074364500833,13.334645231428148,0.0,0
34,-10.837696335078537,-75.0,3.112,66.64975225376736,56.77606537617976,5.732851384820616,33.70192424887284,0.0,0
35,-9.895287958115185,-75.0,3.112,42.294165034152954,73.25298250943888,9.384466939346785,17.594859118326713,0.0,0
36,-8.952879581151834,-75.0,3.112,24.073949764547546,82.49262357072439,10.397933307376968,10.409541116758628,0.0,0
37,-8.010471204188482,-75.0,3.112,22.099269565406118,83.33804043737473,9.624048804420903,9.358638785216137,0.0,0
38,-7.0680628272251305,-75.0,3.112,27.797550260101538,84.51119698147522,9.13000039789547,13.476192088615193,0.0,0
39,-6.12565445026178,-75.0,3.112,41.16244341454592,88.107924425276,9.531017638398009,22.874674304444852,0.0,0
40,-5.183246073298429,-75.0,3.112,64.33471774150523,88.51997146673966,10.685885613148484,40.976995091757246,0.0,0
41,-4.2408376963350785,-75.0,3.112,91.02754921340359,87.29664850136032,11.645641704129366,63.035859527145924,0.0,0
42,-3.298429319371728,-75.0,3.112,111.59557554741704,87.26182173297275,13.566177247675853,71.22777819957696,0.0,0
43,-2.356020942408377,-75.0,3.112,138.70059029737115,89.37422745890217,15.012632095764694,73.2108472924049,0.0,0
44,-1.4136125654450262,-75.0,3.112,156.99616120937634,89.21347333467565,15.238812303093955,72.11252149279,0.0,0
45,-0.4712041884816754,-75.0,3.112,156.9127508820739,93.65318753232714,15.410326125306627,63.65138027328721,0.0,0
46,0.4712041884816754,-75.0,3.112,151.97417615512012,97.74010963359615,14.280415617723392,47.76961738747772,0.0,0
47,1.4136125654450262,-75.0,3.112,193.8653511788179,80.99009364421363,9.423855763322205,50.191983946998164,0.0,0
48,2.356020942408377,-75.0,3.112,247.29550927204158,67.37137452524621,4.053082112894832,54.15595480632078,0.0,0
49,-14.607329842931941,-73.75,3.112,2.1331793433250565,23.30565857786496,1.0340314596058333,0.8644441149341526,0.0,0
50,-13.664921465968591,-73.75,3.112,15.8686327500169,45.8197526303411,2.4528689765403624,5.451994810058853,0.0,0
51,-12.72251308900524,-73.75,3.112,41.27253708745791,54.843140613375,4.002188855712589,12.428428754549392,0.0,0
52,-11.780104712041888,-73.75,3.112,53.96572455508216,65.83555584016722,9.763364814390416,31.45170385947771,0.0,0
53,-10.837696335078537,-73.75,3.112,26.425060527204202,75.82530458254041,11.490629681896154,11.054605447845738,0.0,0
54,-9.895287958115185,-73.75,3.112,21.978367982077806,80.79157518659486,11.45233999314905,9.564270101184073,0.0,0
55,-8.952879581151834,-73.75,3.112,19.98217934072532,80.5727193938219,10.382078923922242,9.44040142857839,0.0,0
56,-8.010471204188482,-73.75,3.112,26.55341323961461,81.64935401800903,9.958583862357656,13.369815035839501,0.0,0
57,-7.0680628272251305,-73.75,3.112,36.62475869380829,83.36335456813686,10.03373881033691,20.199437749746288,0.0,0
58,-6.12565445026178,-73.75,3.112,48.18140738730447,84.89921332526137,10.910402589563096,30.501227167435232,0.0,0
59,-5.183246073298429,-73.75,3.112,63.59076999964509,88.81703304068651,12.502581708195272,40.26144831092818,0.0,0
60,-4.2408376963350785,-73.75,3.112,83.48992735027034,91.37748505803756,14.504356246704905,48.75746860088363,0.0,0
61,-3.298429319371728,-73.75,3.112,105.68984955872068,91.40732749103336,16.122515829162257,51.75915063598002,0.0,0
62,-2.356020942408377,-73.75,3.112,131.76477056546176,90.91589961724821,17.930148589218607,55.97029409416609,0.0,0
63,-1.4136125654450262,-73.75,3.112,167.28254372813404,91.75767882697983,18.719986050252075,64.12373775291155,0.0,0
64,-0.4712041884816754,-73.75,3.112,191.82510768517713,90.99395162455039,18.41547544836532,68.4597487291615,0.0,1
65,0.4712041884816754,-73.75,3.112,209.38320062155017,91.71506090409821,17.487270171901994,64.90153380736065,0.0,1
66,1.4136125654450262,-73.75,3.112,226.06944318637312,93.7193566870701,14.569274981618012,54.36172735573302,0.0,1
67,-14.607329842931941,-72.5,3.112,5.269905171392901,27.586857037385926,1.6825986513658382,1.3518311053876004,0.0,0
68,-13.664921465968591,-72.5,3.112,18.24354944328953,52.1540368872229,4.241738627006278,5.653451924182759,0.0,0
69,-12.72251308900524,-72.5,3.112,28.254336552355397,64.081253039476,8.375953467673497,11.786057140775007,0.0,0
70,-11.780104712041888,-72.5,3.112,28.44718862350653,71.77344337193063,10.408700400439022,9.136139397431972,0.0,0
71,-10.837696335078537,-72.5,3.112,18.959883299236196,74.84265064500505,10.068111075159093,6.876840807167163,0.0,0
72,-9.895287958115185,-72.5,3.112,18.243604046118115,75.80989525245968,9.559582046851126,7.323553623663094,0.0,0
73,-8.952879581151834,-72.5,3.112,18.562974164864407,79.21546139783459,9.79317892567393,7.6244786645622,0.0,0
74,-8.010471204188482,-72.5,3.112,21.09079118481321,82.67695358139463,10.298777851698123,9.640278275606075,0.0,0
75,-7.0680628272251305,-72.5,3.112,29.817780161566283,84.59732791234273,10.976089334065168,13.863356405400326,0.0,0
76,-6.12565445026178,-72.5,3.112,40.748027940222485,85.3057665831875,11.870679900420182,19.480674990691135,0.0,0
77,-5.183246073298429,-72.5,3.112,57.81329669055551,87.85707624134375,13.993625794971063,29.039400495947515,0.0,0
78,-4.2408376963350785,-72.5,3.112,82.19576726229333,90.41964367293986,16.302395354606585,39.90791103035221,0.0,0
79,-3.298429319371728,-72.5,3.112,101.96361240149623,94.55342861503595,18.946010528062057,42.32975722810734,0.0,0
80,-2.356020942408377,-72.5,3.112,137.65878737171835,94.31542644684669,20.74282040319804,50.165631698325015,0.0,0
81,-1.4136125654450262,-72.5,3.112,171.8093579488749,95.39059915055986,22.23339827262248,56.003423375508596,0.0,0
82,-0.4712041884816754,-72.5,3.112,198.16192066202183,93.80664851283655,21.45441398908515,61.672389801726496,0.0,1
83,0.4712041884816754,-72.5,3.112,237.3110269809178,91.46837483800482,20.362455555276828,67.1410399322167,0.0,1
84,1.4136125654450262,-72.5,3.112,287.4762243245936,93.62479630930466,17.103167193447245,71.12906966166607,0.0,3
85,-14.607329842931941,-71.25,3.112,5.872861096814298,23.76360461676086,1.770945802551521,2.0616029938886795,0.0,0
86,-13.664921465968591,-71.25,3.112,23.283708619210493,54.84261436082306,5.396508871138255,5.276591377903855,0.0,0
87,-12.72251308900524,-71.25,3.112,32.99217730911903,61.29064485357958,8.422279092884722,13.89033223104502,0.0,0
88,-11.780104712041888,-71.25,3.112,23.730795823526325,71.81313459746889,8.994827810571135,7.231953085654294,0.0,0
89,-10.837696335078537,-71.25,3.112,17.26812319206116,75.74672581977211,8.792337831183623,6.229742433174921,0.0,0
90,-9.895287958115185,-71.25,3.112,16.880217896656536,79.6151258746977,9.411663290227063,5.86788315165517,0.0,0
91,-8.952879581151834,-71.25,3.112,16.901883336124047,82.2049567560316,9.884429497626552,5.715139983146891,0.0,0
92,-8.010471204188482,-71.25,3.112,20.345620337171297,83.22691026289249,10.51549968433954,6.999409710545035,0.0,0
93,-7.0680628272251305,-71.25,3.112,27.058799639405198,85.26408606878249,11.616621012739856,9.098237580097596,0.0,0
94,-6.12565445026178,-71.25,3.112,38.265275331752655,86.86044769361615,12.921907765339501,15.553085262094275,0.0,0
95,-5.183246073298429,-71.25,3.112,54.36663061334529,89.09750655584503,15.554494748282742,23.72094105003152,0.0,0
96,-4.2408376963350785,-71.25,3.112,77.0670156979966,92.27537459257292,17.944814530448653,31.85731416987113,0.0,0
97,-3.298429319371728,-71.25,3.112,98.62203303826509,94.50350887316745,20.677163836751774,36.92559357736202,0.0,0
98,-2.356020942408377,-71.25,3.112,134.7981199691341,96.6045205516275,23.003579413389907,44.62373472923304,0.0,0
99,-1.4136125654450262,-71.25,3.112,168.65513319340553,97.75231663399609,24.953794979817367,49.96381836164316,0.0,0
100,-0.4712041884816754,-71.25,3.112,204.34558404488985,96.90984050306724,25.08633208961753,56.170222049765385,0.0,1
101,0.4712041884816754,-71.25,3.112,251.77931096434068,95.82024714356521,23.871481931844404,62.43070350838825,0.0,1
102,1.4136125654450262,-71.25,3.112,304.958960734497,93.84291846421547,19.48712617468645,68.57986499835798,0.0,3
103,-13.664921465968591,-70.0,3.112,40.33825713802446,51.11117435750202,5.4729231118161765,13.716254454401017,0.0,0
104,-12.72251308900524,-70.0,3.112,29.859343632311614,69.59571803512517,8.086912004440666,8.561305164861814,0.0,0
105,-11.780104712041888,-70.0,3.112,16.528659920946048,75.46028356970055,7.875711650103182,5.389926010336795,0.0,0
106,-10.837696335078537,-70.0,3.112,14.35563069256429,77.162819581863,8.061868585573563,5.077802948064514,0.0,0
107,-9.895287958115185,-70.0,3.112,14.023769952687127,81.18465124396607,9.092637978203248,4.212498403864765,0.0,0
108,-8.952879581151834,-70.0,3.112,15.165177050131922,83.05254753999179,9.763591902441117,4.404926118874361,0.0,0
109,-8.010471204188482,-70.0,3.112,16.809917884995304,83.61950279970188,10.470996327727772,4.9715518471043385,0.0,0
110,-7.0680628272251305,-70.0,3.112,22.047341470941618,85.76780520466855,11.894332766056587,7.092461502799212,0.0,0
111,-6.12565445026178,-70.0,3.112,31.604098181363042,87.27187853161013,13.778292352908014,12.532920521265506,0.0,0
112,-5.183246073298429,-70.0,3.112,51.47260654522459,89.86650209873915,16.574508993022643,21.170972601410753,0.0,0
113,-4.2408376963350785,-70.0,3.112,68.45951406778372,95.16527767293155,19.76891454974311,26.50375740663543,0.0,0
114,-3.298429319371728,-70.0,3.112,97.58649631271489,95.24408170982497,22.431984397513943,34.465994482016455,0.0,0
115,-2.356020942408377,-70.0,3.112,130.46992299861677,97.56936218007468,25.816953075166666,40.06294165373261,0.0,0
116,-1.4136125654450262,-70.0,3.112,164.361834271011,98.38520078512374,26.889667813578853,44.677564996057185,0.0,0
117,-0.4712041884816754,-70.0,3.112,209.06788836687412,98.1880866564461,27.060105019923633,51.86572323268898,0.0,1
118,0.4712041884816754,-70.0,3.112,262.7549052063205,97.78759316483047,26.008690054734828,57.9104773525941,0.0,1
119,1.4136125654450262,-70.0,3.112,311.8493088169656,94.91653562290594,20.820374785013417,62.762240675648705,0.0,3
120,-15.549738219895294,-68.75,3.112,21.347902473419534,69.31753279524855,5.2048099109271755,12.487269799234959,0.0,0
121,-14.607329842931941,-68.75,3.112,38.708888087069155,51.04965639678994,4.877363947923311,13.269772703924803,0.0,0
122,-13.664921465968591,-68.75,3.112,46.50558551311459,60.15130763466004,6.227562630432017,13.903348029927606,0.0,0
123,-12.72251308900524,-68.75,3.112,17.819303621558397,77.2098623245256,7.5334605663425975,5.670307522063148,0.0,0
124,-11.780104712041888,-68.75,3.112,12.950280354552898,77.39068652823335,7.180216958883265,4.476124778266387,0.0,0
125,-10.837696335078537,-68.75,3.112,13.23479682597276,77.5246361354948,7.5766105473774825,4.494087071656814,0.0,0
126,-9.895287958115185,-68.75,3.112,13.171739714451391,82.50581123807933,8.614823834888707,3.3575816997300842,0.0,0
127,-8.952879581151834,-68.75,3.112,12.478588122661154,85.05436830542749,9.800325982033293,3.402620212542149,0.0,0
128,-8.010471204188482,-68.75,3.112,14.265410779284931,83.77266750874696,10.527537737626297,3.885039679054887,0.0,0
129,-7.0680628272251305,-68.75,3.112,19.27247252456855,85.64870312518906,12.219385951821316,5.944313800854486,0.0,0
130,-6.12565445026178,-68.75,3.112,29.49348565060949,88.75988089770544,14.685605941699581,10.26367933668963,0.0,0
131,-5.183246073298429,-68.75,3.112,50.73715102352942,90.01924295327626,17.40117445233467,17.492629758897138,0.0,0
132,-4.2408376963350785,-68.75,3.112,69.19480147303265,92.32632060156902,20.755009437447573,24.8431000392438,0.0,0
133,-3.298429319371728,-68.75,3.112,95.31268490902917,97.33797140041133,24.054782472094995,28.88336517615881,0.0,0
134,-2.356020942408377,-68.75,3.112,136.58088446344138,96.82453718036413,26.980727681858394,37.07412146014504,0.0,0
135,-1.4136125654450262,-68.75,3.112,174.33429322594765,98.86623413767666,28.806432314099645,44.22332773599564,0.0,0
136,-0.4712041884816754,-68.75,3.112,215.73528819628706,100.39868849184131,29.665529994389765,50.78235452379698,0.0,1
137,0.4712041884816754,-68.75,3.112,270.7469215799915,97.8553087610635,28.433789992828515,58.90142720844767,0.0,1
138,1.4136125654450262,-68.75,3.112,347.7915296487163,95.59252555118292,24.16191734143924,67.10873551056386,0.0,3
139,2.356020942408377,-68.75,3.112,405.95120379543005,91.91943008860108,15.428962369209152,61.688111085763225,0.0,3
140,-16.492146596858646,-67.5,3.112,29.887412441107422,58.23460280531435,3.8047463397847614,16.14673320782533,0.0,0
141,-15.549738219895294,-67.5,3.112,51.443164128638365,54.08068049931899,4.899684963278872,23.869215590064776,0.0,0
142,-14.607329842931941,-67.5,3.112,36.657470335358475,66.6172940263641,6.2714141915188435,9.23760962678871,0.0,0
143,-13.664921465968591,-67.5,3.112,19.93319522802509,74.87613189790864,6.2020154167253825,5.661721336006801,0.0,0
144,-12.72251308900524,-67.5,3.112,13.072841033301913,74.61896673456067,5.926061894287693,4.244337109851767,0.0,0
145,-11.780104712041888,-67.5,3.112,10.510485606479248,77.31698376999702,6.390320392832591,3.7444898256317805,0.0,0
146,-10.837696335078537,-67.5,3.112,9.911516561672233,81.51548383582849,7.391154544792598,3.029282314804666,0.0,0
147,-9.895287958115185,-67.5,3.112,9.903964492439053,81.07759839913342,8.167291136158576,2.513185930482864,0.0,0
148,-8.952879581151834,-67.5,3.112,9.981439841483725,84.34282711765263,9.400204805512125,2.999030550594671,0.0,0
149,-8.010471204188482,-67.5,3.112,12.512406353208128,84.44658977212384,10.608252679625815,3.510559543760551,0.0,0
150,-7.0680628272251305,-67.5,3.112,15.264195913246379,84.85035395045998,12.432464419959194,4.990652616831303,0.0,0
151,-6.12565445026178,-67.5,3.112,26.459149026520954,87.54277770000044,14.985781861345863,9.119126302268976,0.0,0
152,-5.183246073298429,-67.5,3.112,48.575074011031646,91.84288595162798,18.31173495398825,16.065430331077263,0.0,0
153,-4.2408376963350785,-67.5,3.112,75.75185520797773,92.91764592780964,21.920229881026483,25.04401330534983,0.0,0
154,-3.298429319371728,-67.5,3.112,98.21719052716217,96.05757762270514,25.088851489741916,28.100705500920785,0.0,0
155,-2.356020942408377,-67.5,3.112,141.32069980969845,99.37310802284628,29.03580439264058,36.996423226675844,0.0,0
156,-1.4136125654450262,-67.5,3.112,176.77856885203354,99.02666496665915,30.689703517759405,42.37462383977698,0.0,0
157,-0.4712041884816754,-67.5,3.112,221.18714209553832,99.32077344419667,31.767176841953532,50.4496875653504,0.0,1
158,0.4712041884816754,-67.5,3.112,269.29930417002225,99.34909200004768,31.217780218037475,56.25139603302258,0.0,3
159,1.4136125654450262,-67.5,3.112,366.30637888212846,94.856525088544,28.013849075974495,69.51114365830551,0.0,3
160,2.356020942408377,-67.5,3.112,485.6887942137473,90.03269463879406,20.554722626110784,68.69073573608937,0.0,3
161,-18.376963350785346,-66.25,3.112,10.341712017122568,51.18913449333377,1.5170571113872497,5.118830634277179,0.0,0
162,-17.434554973821996,-66.25,3.112,22.738237047061748,60.061258727218956,2.803319697498478,8.644529248056456,0.0,0
163,-16.492146596858646,-66.25,3.112,55.16512623073699,50.26400694870972,3.5534296838136297,28.774793934653665,0.0,0
164,-15.549738219895294,-66.25,3.112,35.106331963642944,67.40024676997564,5.052181790165742,11.663534976501065,0.0,0
165,-14.607329842931941,-66.25,3.112,17.948530219578327,70.62565532047302,4.919657881026891,5.895803579299854,0.0,0
166,-13.664921465968591,-66.25,3.112,11.700458610045322,38.72123473251122,2.754845592696194,4.288112093613752,0.0,0
167,-12.72251308900524,-66.25,3.112,9.000040236308145,82.22160284640267,5.662426063169791,3.621948343430203,0.0,0
168,-11.780104712041888,-66.25,3.112,7.74904483224846,79.58175787178334,5.98630366886614,2.344005595158956,0.0,0
169,-10.837696335078537,-66.25,3.112,6.6734325389703795,86.27437041839585,7.346058332632666,1.5944467509192655,0.0,0
170,-9.895287958115185,-66.25,3.112,6.6104160172137725,84.45828652678756,8.178594700921739,1.737774014329736,0.0,0
171,-8.952879581151834,-66.25,3.112,7.745632136412013,84.40366514230845,9.414716887390686,2.7581595784195114,0.0,0
172,-8.010471204188482,-66.25,3.112,10.164276657945837,85.97483659686986,10.860470637488124,3.2548517947120192,0.0,0
173,-7.0680628272251305,-66.25,3.112,13.863633477063123,84.56609129119897,12.519265929584872,4.25983998587505,0.0,0
174,-6.12565445026178,-66.25,3.112,24.562360736914,86.71752995549468,15.169346021296436,8.641381258129305,0.0,0
175,-5.183246073298429,-66.25,3.112,45.47582955281372,90.42233163927449,18.775951688029156,15.256270447945287,0.0,0
176,-4.2408376963350785,-66.25,3.112,71.13522428746066,94.58561966515845,23.16782181002363,21.656459711632085,0.0,0
177,-3.298429319371728,-66.25,3.112,103.96686284862031,96.98003830300877,26.97528039509674,29.48753121841386,0.0,0
178,-2.356020942408377,-66.25,3.112,139.3399998976426,102.33184480341151,30.55180297724016,34.9365785140538,0.0,0
179,-1.4136125654450262,-66.25,3.112,174.96828044684753,100.95557658030884,32.45898144302485,40.00606082972454,0.0,0
180,-0.4712041884816754,-66.25,3.112,222.58566470342143,101.9193644542247,34.036607409585756,44.988943877589776,0.0,0
181,0.4712041884816754,-66.25,3.112,272.9806602927101,99.48465868073981,34.01901704216277,51.14808088032161,0.0,3
182,1.4136125654450262,-66.25,3.112,349.784190649396,97.5443955748051,31.5781370205148,59.6448778082218,0.0,3
183,2.356020942408377,-66.25,3.112,467.53132352628654,96.10539645625977,24.60073558346998,59.78542809148138,0.0,1
184,-18.376963350785346,-65.0,3.112,16.661091805039263,49.130360139270124,1.4593747499410121,8.712114026910632,0.0,0
185,-17.434554973821996,-65.0,3.112,34.41653610229008,52.869150231272215,2.5376579813946174,19.721813198111413,0.0,0
186,-16.492146596858646,-65.0,3.112,32.56682973037179,64.67468073955388,3.716896293215548,17.92927187780562,0.0,0
187,-15.549738219895294,-65.0,3.112,16.662910908032025,48.71849792834837,2.772268820361446,8.780725780034471,0.0,0
188,-14.607329842931941,-65.0,3.112,10.28044769875469,57.99382871162379,3.426463336902505,5.510676298465216,0.0,0
189,-13.664921465968591,-65.0,3.112,5.910936240467477,49.92194074293366,3.0321263036582304,2.760417457694361,0.0,0
190,-12.72251308900524,-65.0,3.112,4.540545536849288,59.80291565632797,3.8557230957327397,1.621154675458866,0.0,0
191,-11.780104712041888,-65.0,3.112,4.807847652680456,78.96659904916305,5.561654683967272,1.2991196820020925,0.0,0
192,-10.837696335078537,-65.0,3.112,4.808084196965091,83.56318741949508,6.810416289455855,0.7669404071650769,0.0,0
193,-9.895287958115185,-65.0,3.112,5.899634589050106,86.16804349090671,8.197810843983683,1.4539093068593767,0.0,0
194,-8.952879581151834,-65.0,3.112,6.532870732601263,87.27699382114224,9.67115476749882,2.04866616788416,0.0,0
195,-8.010471204188482,-65.0,3.112,7.996974312294327,87.72979537840001,11.292256665111701,2.522829095992262,0.0,0
196,-7.0680628272251305,-65.0,3.112,12.793528810628391,88.97014593385393,13.506532916074654,4.20263683289868,0.0,0
197,-6.12565445026178,-65.0,3.112,25.412799966708313,89.49902671534801,16.174164808160487,8.72040818793618,0.0,0
198,-5.183246073298429,-65.0,3.112,46.68699610528581,91.69177785515785,19.746490439473675,15.159669744196659,0.0,0
199,-4.2408376963350785,-65.0,3.112,74.39781310582887,95.89540632558055,24.598819470392186,23.635785180008433,0.0,0
200,-3.298429319371728,-65.0,3.112,98.78167734444307,100.39304826990701,28.51012270923172,26.648818640624004,0.0,0
201,-2.356020942408377,-65.0,3.112,129.0628741460049,101.63627088972135,31.371112217871545,30.287791241530844,0.0,0
202,-1.4136125654450262,-65.0,3.112,183.46769902567232,101.95572815980995,34.37515748162138,38.90542964357416,0.0,0
203,-0.4712041884816754,-65.0,3.112,232.45197837051916,102.01955339260167,35.72377391212207,42.41911124454077,0.0,0
204,0.4712041884816754,-65.0,3.112,300.76031014424876,99.71740096370922,37.4553571207784,50.429756122813636,0.0,3
205,1.4136125654450262,-65.0,3.112,367.4263946933678,100.70629934314638,35.542646130014916,53.94577387796363,0.0,3
206,-20.261780104712045,-63.75,3.112,11.550464453090864,47.81310546808527,0.7736937376133117,3.0641841107250585,0.0,0
207,-19.319371727748695,-63.75,3.112,13.56005011223316,47.55766392328951,1.4631899478974961,6.027543412284718,0.0,0
208,-18.376963350785346,-63.75,3.112,16.17011443362879,41.968567736767,1.6246024991933623,6.535749321134953,0.0,0
209,-17.434554973821996,-63.75,3.112,23.38874689651025,45.71027002239134,2.1212332843979853,10.023835075811157,0.0,0
210,-16.492146596858646,-63.75,3.112,15.497368912198098,51.39792096495512,2.544221529854055,7.976907675900312,0.0,0
211,-15.549738219895294,-63.75,3.112,10.502820760875519,66.1879392794799,3.2338979990583607,4.500669574911317,0.0,0
212,-14.607329842931941,-63.75,3.112,6.106247909683921,71.37898316112114,3.6022632666196945,3.2513829244631554,0.0,0
213,-13.664921465968591,-63.75,3.112,3.5155076710771573,61.64020349067869,3.3435772789439246,1.5485568883114404,0.0,0
214,-12.72251308900524,-63.75,3.112,2.753454721408786,77.02264751162147,4.600853904050695,0.8599986805363644,0.0,0
215,-11.780104712041888,-63.75,3.112,2.5341829491348014,74.13993696856778,4.89592536800354,0.4491865153699558,0.0,0
216,-10.837696335078537,-63.75,3.112,3.1839221830158295,73.9022120986192,5.70432035635463,0.44373850576053586,0.0,0
217,-9.895287958115185,-63.75,3.112,4.160389040193086,86.5846505339141,8.059776700114318,0.6314798472951989,0.0,0
218,-8.952879581151834,-63.75,3.112,6.294418825857024,88.58476536726812,9.823437948943218,1.4292904056889584,0.0,0
219,-8.010471204188482,-63.75,3.112,9.691892901664485,88.0564127949765,11.634021467269466,2.69198848254078,0.0,0
220,-7.0680628272251305,-63.75,3.112,13.77300997656774,88.7282017985126,13.909256091582975,4.219731461470825,0.0,0
221,-6.12565445026178,-63.75,3.112,23.276530332499185,92.51830781868193,17.334900114716117,7.572073674379416,0.0,0
222,-5.183246073298429,-63.75,3.112,47.27141054219215,93.87808411032893,21.061154526628048,14.607583130220682,0.0,0
223,-4.2408376963350785,-63.75,3.112,66.56457699430152,99.74077821476385,25.94379185972139,20.97365876577025,0.0,0
224,-3.298429319371728,-63.75,3.112,92.22848059321285,99.04617964028148,29.52393435377643,23.92101267533366,0.0,0
225,-2.356020942408377,-63.75,3.112,140.9677670316723,99.08497693191748,32.52006629384274,30.138168856082928,0.0,0
226,-1.4136125654450262,-63.75,3.112,203.66186561075045,103.36057420674479,36.78517769557614,39.82706134324431,0.0,0
227,-0.4712041884816754,-63.75,3.112,243.5215007018749,104.10811445588479,38.806604972858125,42.3141291939984,0.0,0
228,0.4712041884816754,-63.75,3.112,329.8196671690502,102.49482539162273,40.3312511334483,50.75345047497826,0.0,3
229,1.4136125654450262,-63.75,3.112,404.3146278620105,101.01125097280601,37.710966114561664,53.177734401316265,0.0,3
230,3.298429319371728,-63.75,3.112,453.4594347354141,103.46030645188875,13.520035116755507,42.941571452030445,0.5,6
231,-19.319371727748695,-62.5,3.112,10.62057997558792,33.55412151577184,1.0261969949537735,4.550874770258371,0.0,0
232,-18.376963350785346,-62.5,3.112,11.601333820282651,31.644434706613538,1.1284860919026745,4.100014660832135,0.0,0
233,-17.434554973821996,-62.5,3.112,12.563793835343573,30.279106745219906,1.1353277111340674,5.11986436701523,0.0,0
234,-16.492146596858646,-62.5,3.112,9.888605865146596,45.62328626299859,1.9053915113034545,4.355376669672445,0.0,0
235,-15.549738219895294,-62.5,3.112,7.218726750082429,40.917700277677795,1.8896593600667908,2.8435780037255505,0.0,0
236,-14.607329842931941,-62.5,3.112,4.813308054739084,57.87797434197273,2.729909953452114,1.750241016416822,0.0,0
237,-13.664921465968591,-62.5,3.112,4.188087308646368,76.01077527331654,3.8736615328719073,1.5718679089025573,0.0,0
238,-12.72251308900524,-62.5,3.112,2.5968063485566555,79.50088880636031,4.562919853024119,0.6358648789488222,0.0,0
239,-11.780104712041888,-62.5,3.112,1.7928445290648345,70.76487793587148,4.537842640828449,0.32491956173994324,0.0,0
240,-10.837696335078537,-62.5,3.112,2.2463852294612323,74.02484374382766,5.756129132501848,0.35146862169354054,0.0,0
241,-9.895287958115185,-62.5,3.112,3.9045369778889203,76.09962891874602,7.3593274125086845,0.8050039234680159,0.0,0
242,-8.952879581151834,-62.5,3.112,6.084085212419355,89.06809492385946,9.88252341511303,1.5416231090279569,0.0,0
243,-8.010471204188482,-62.5,3.112,9.552724265500384,90.22390379657736,12.088416515533012,2.3321910140153164,0.0,0
244,-7.0680628272251305,-62.5,3.112,12.895116038357486,92.17480521532707,14.67538020974345,3.6414275654866195,0.0,0
245,-6.12565445026178,-62.5,3.112,23.46184449624603,93.024308597669,17.83340569653694,7.091974460125925,0.0,0
246,-5.183246073298429,-62.5,3.112,40.088904276896464,96.18073547724634,21.919655119015356,11.797060523433029,0.0,0
247,-4.2408376963350785,-62.5,3.112,61.806425237681935,102.31344666215591,27.204429386937072,18.09568387358315,0.0,0
248,-3.298429319371728,-62.5,3.112,89.6740061571281,99.40759809804149,30.435066548820146,20.46076534405748,0.0,0
249,-2.356020942408377,-62.5,3.112,146.65994627607148,101.54515048430767,35.23655219279997,30.421762130807718,0.0,0
250,-1.4136125654450262,-62.5,3.112,197.2554200386486,106.03922758426052,39.54637620118511,38.60621959963784,0.0,0
251,-0.4712041884816754,-62.5,3.112,261.4803957671961,104.44814192218473,42.12345731603697,45.030487311117845,0.0,1
252,0.4712041884816754,-62.5,3.112,376.3930832076221,99.71972836807254,41.50758709682562,52.57860641075027,0.0,3
253,1.4136125654450262,-62.5,3.112,463.13632647870236,99.5635516155744,40.350374021697725,52.041313194327195,0.0,5
254,2.356020942408377,-62.5,3.112,513.3451739162774,100.80121385108214,29.9520468319241,46.57971767332415,0.25,12
255,3.298429319371728,-62.5,3.112,472.27972165354004,105.6438676835387,23.138750901104608,38.435857319118725,0.2,10
256,-18.376963350785346,-61.25,3.112,11.883158129839236,39.530790713470196,1.1612812297460169,6.3606057877340145,0.0,0
257,-17.434554973821996,-61.25,3.112,10.40462576392485,42.29710711653752,1.4407070255824135,6.101840705723122,0.0,0
258,-16.492146596858646,-61.25,3.112,7.41130574598691,41.072635284945136,1.5714204845666744,3.8324041962864994,0.0,0
259,-15.549738219895294,-61.25,3.112,6.028607757842841,43.93450856274285,1.9023592288458466,2.280864925532852,0.0,0
260,-14.607329842931941,-61.25,3.112,5.140577969712739,71.11444813606795,3.110473634323511,1.7907944661720077,0.0,0
261,-13.664921465968591,-61.25,3.112,3.6647366908463184,77.95965855242684,3.9385215862202103,1.044938588853789,0.0,0
262,-12.72251308900524,-61.25,3.112,1.4679741900080014,73.80496249330463,4.292340851579593,0.43855766997054857,0.0,0
263,-11.780104712041888,-61.25,3.112,0.8831915007827711,72.97200329834595,4.886605880466975,0.21115980649928015,0.0,0
264,-10.837696335078537,-61.25,3.112,1.4937755257550926,85.33238947740756,6.7716674549107845,0.3910175906682698,0.0,0
265,-9.895287958115185,-61.25,3.112,2.172572505976708,90.88890923419967,8.687150489342494,0.6108163642265199,0.0,0
266,-8.952879581151834,-61.25,3.112,3.700070467947898,89.2428312334232,10.122933366599998,0.9643693131566321,0.0,0
267,-8.010471204188482,-61.25,3.112,6.7377207949318905,90.24898179341108,12.298015403570194,1.7388284333112543,0.0,0
268,-7.0680628272251305,-61.25,3.112,11.610858291356847,91.23512202640995,15.126667294202317,3.053624558956812,0.0,0
269,-6.12565445026178,-61.25,3.112,21.591161171912642,94.45982717676088,18.720689542518627,6.074636159652973,0.0,0
270,-5.183246073298429,-61.25,3.112,36.34395137824228,95.80269189435057,22.468102058465384,11.233085226047379,0.0,0
271,-4.2408376963350785,-61.25,3.112,60.53503238506072,98.71347953157965,27.32167791849475,16.303749727304204,0.0,0
272,-3.298429319371728,-61.25,3.112,84.02703781902005,104.0367126086494,32.75800075148284,19.20063337508833,0.0,0
273,-2.356020942408377,-61.25,3.112,120.08068583571608,104.50513024872635,37.70660811121513,25.355282298204006,0.0,0
274,-1.4136125654450262,-61.25,3.112,173.83057955186922,104.86342340125702,41.67299581685241,33.11149531649806,0.0,0
275,-0.4712041884816754,-61.25,3.112,269.0365593309397,104.25146849564044,44.1446822494202,43.51699947892423,0.0,2
276,0.4712041884816754,-61.25,3.112,383.13788875437467,100.38447846280178,44.467569833514276,51.21194390570428,0.0,5
277,1.4136125654450262,-61.25,3.112,464.45097877998944,100.04138441043324,44.51119015406546,48.44299736283965,0.0,5
278,2.356020942408377,-61.25,3.112,490.029204847192,104.8307243763702,41.00235552554952,37.14334844316516,0.16666666666666666,5
279,3.298429319371728,-61.25,3.112,414.95460722091593,112.22240288421744,34.41988258873921,24.56839037990541,0.2,4
280,4.2408376963350785,-61.25,3.112,274.2187099660782,111.27755504159722,16.49338940228689,13.201130393202538,0.5,0
281,-15.549738219895294,-60.0,3.112,5.466472897875433,36.384382748947246,1.5172213842374147,1.5479294784489874,0.0,0
282,-14.607329842931941,-60.0,3.112,3.8244843976762914,71.24577733251499,3.1899257863496673,1.0022556307999815,0.0,0
283,-13.664921465968591,-60.0,3.112,1.602595240521508,74.53940540319309,3.7836040721224564,0.4386615812139856,0.0,0
284,-12.72251308900524,-60.0,3.112,0.5923841139052144,78.96567449643044,4.694441782788577,0.14201054638987728,0.0,0
285,-11.780104712041888,-60.0,3.112,0.515452208050443,84.38019367342349,5.7502314983546965,0.13850954247573527,0.0,0
286,-10.837696335078537,-60.0,3.112,0.5859900018432161,88.40237664466258,7.2376882215535,0.11064236768671508,0.0,0
287,-9.895287958115185,-60.0,3.112,0.9092277073012637,90.32093652407639,8.967615725312498,0.25733698646960196,0.0,0
288,-8.952879581151834,-60.0,3.112,1.3287714463716545,91.97314174845815,10.756011482176543,0.4391092338381553,0.0,0
289,-8.010471204188482,-60.0,3.112,2.910419452138517,96.13538710749708,13.387724323363507,0.8187323736662925,0.0,0
290,-7.0680628272251305,-60.0,3.112,8.087095987085275,94.78188088280149,16.09761505624438,2.518615513990662,0.0,0
291,-6.12565445026178,-60.0,3.112,16.526216900436086,93.85530528787058,19.182676070777454,5.005488148215069,0.0,0
292,-5.183246073298429,-60.0,3.112,31.859627503472005,97.37355573044624,23.533531776394344,9.280766202480477,0.0,0
293,-4.2408376963350785,-60.0,3.112,51.02352734758345,100.96715125255287,28.765110500669284,13.585416181133002,0.0,0
294,-3.298429319371728,-60.0,3.112,75.34979446487343,108.58135290560313,34.960997645702555,16.02715095917561,0.0,0
295,-2.356020942408377,-60.0,3.112,98.61648910067237,103.3449904754525,38.33969378645999,19.441787638523333,0.0,0
296,-1.4136125654450262,-60.0,3.112,154.49417038080128,104.52693073020782,43.00114014920858,26.60021005491212,0.0,0
297,-0.4712041884816754,-60.0,3.112,251.1007969552294,106.09247873187996,46.83302548908694,36.914998133737555,0.0,0
298,0.4712041884816754,-60.0,3.112,346.0242279177754,105.39390946127241,49.184926472227225,42.65407855386689,0.0,3
299,1.4136125654450262,-60.0,3.112,418.7994403342983,104.33179310930427,50.063932932799275,35.883162440735695,0.0,3
300,2.356020942408377,-60.0,3.112,457.98063976854684,102.17420269647846,45.34519599444023,23.224214058679056,0.16666666666666666,1
301,3.298429319371728,-60.0,3.112,420.60749315838166,112.88714723079465,43.52805314722779,13.674139994885936,0.25,1
302,4.2408376963350785,-60.0,3.112,325.71736744099326,105.29736249387497,28.818201841504074,6.886506496082039,0.3333333333333333,0
303,5.183246073298429,-60.0,3.112,310.74783158517675,107.44737141241785,13.347564722830706,4.1011067295765145,0.0,0
304,-13.664921465968591,-58.75,3.112,0.8644166802482178,44.54957392386859,2.4525910384974634,0.28326836519819865,0.0,0
305,-12.72251308900524,-58.75,3.112,0.4119973746262371,80.47137141111307,4.8885840571037384,0.14390453701536637,0.0,0
306,-11.780104712041888,-58.75,3.112,0.19637581475495136,82.39239425776759,5.852328438542328,0.02458571947780404,0.0,0
307,-10.837696335078537,-58.75,3.112,0.3031706214329337,84.3876981982612,7.194916083537029,0.09151964075226551,0.0,0
308,-9.895287958115185,-58.75,3.112,0.5090262058441745,87.5197173084598,8.88794235613387,0.20943712608796722,0.0,0
309,-8.952879581151834,-58.75,3.112,0.7491486652386679,86.87003609840758,10.454606047156416,0.3039502557446908,0.0,0
310,-8.010471204188482,-58.75,3.112,1.5919607969696852,88.02345634088852,12.779415624238345,0.5683906787780608,0.0,0
311,-7.0680628272251305,-58.75,3.112,5.4193040061373425,93.47541208087932,16.403255195313417,1.4640434266673448,0.0,0
312,-6.12565445026178,-58.75,3.112,14.416397509445119,91.24963605136145,19.253260079282242,3.9626427325512714,0.0,0
313,-5.183246073298429,-58.75,3.112,27.195822019918136,92.10251447511837,23.020862621210487,7.155659164584433,0.0,0
314,-4.2408376963350785,-58.75,3.112,42.970699541457556,100.39432831224985,29.26385110570808,9.857584841366732,0.0,0
315,-3.298429319371728,-58.75,3.112,68.26835953767747,110.31551057472825,36.195847704870104,12.730300351784242,0.0,0
316,-2.356020942408377,-58.75,3.112,85.20687048765444,104.33434495877009,38.62171921369033,13.774851886189495,0.0,0
317,-1.4136125654450262,-58.75,3.112,141.51472795939213,106.77673180354759,44.55472063303755,21.287532659649404,0.0,0
318,-0.4712041884816754,-58.75,3.112,227.45805510853015,108.43356607016176,49.708048618712134,31.709423429280836,0.0,0
319,0.4712041884816754,-58.75,3.112,315.4125746955738,107.90317256993148,53.06979135008451,37.686865476253914,0.16666666666666666,5
320,-13.664921465968591,-57.5,3.112,0.4748693040879438,59.48516170552466,3.1811853578030544,0.13754924861306494,0.0,0
321,-12.72251308900524,-57.5,3.112,0.09212916831560555,83.8116926047951,5.337052696607212,0.011151780999926265,0.0,0
322,-11.780104712041888,-57.5,3.112,0.18810325013632115,82.3742781492183,6.112223685244988,0.033832433439957725,0.0,0
323,-10.837696335078537,-57.5,3.112,0.33363037535440276,84.42457613360602,7.552377171007488,0.0961869830632512,0.0,0
324,-9.895287958115185,-57.5,3.112,0.44310230137860573,89.62030779628549,9.586111367831306,0.13434729901837567,0.0,0
325,-8.952879581151834,-57.5,3.112,0.5079927542060905,90.25792370201088,11.382315530878722,0.1777521438801556,0.0,0
326,-8.010471204188482,-57.5,3.112,0.9759910946671381,88.67075194604695,13.27693686798442,0.3835959862540386,0.0,0
327,-7.0680628272251305,-57.5,3.112,3.8375012481157675,94.5371608104324,17.302329481051167,1.2638849879825165,0.0,0
328,-6.12565445026178,-57.5,3.112,10.774185985638985,98.96859183849301,21.736377013596318,2.668652783793251,0.0,0
329,-5.183246073298429,-57.5,3.112,17.605849001825753,100.33568755898159,25.730782244897206,4.443534017948908,0.0,0
330,-4.2408376963350785,-57.5,3.112,30.63890982163891,96.66580253164284,28.84654999171013,7.180491581567476,0.0,0
331,-3.298429319371728,-57.5,3.112,49.25620900994942,103.62039783736691,35.285650948994856,8.8349576257362,0.0,0
332,-2.356020942408377,-57.5,3.112,77.39017836921825,108.52550745941699,40.94254088072875,10.355279410590905,0.0,0
333,-1.4136125654450262,-57.5,3.112,112.1424634023831,108.70435367018217,46.32637250546967,15.320366933636537,0.0,0
334,-0.4712041884816754,-57.5,3.112,174.51932802624071,111.61580924817827,53.0398948059848,22.629988876197615,0.0,0
335,0.4712041884816754,-57.5,3.112,252.96576262836328,112.30285332072526,56.442330378431606,29.31670747330775,0.5,2
336,1.4136125654450262,-57.5,3.112,302.7654585971238,111.84619957435643,52.2429781894251,27.117851871893812,0.16666666666666666,4
337,-13.664921465968591,-56.25,3.112,0.34797844587171756,57.6375911894138,3.279184081025866,0.10035534925763101,0.0,0
338,-12.72251308900524,-56.25,3.112,0.19076072254559526,73.15131626062794,4.870958093567252,0.019406302116611894,0.0,0
339,-11.780104712041888,-56.25,3.112,0.21031861757495163,79.4395105575677,6.2496560889563835,0.03106369508546897,0.0,0
340,-10.837696335078537,-56.25,3.112,0.37645235340970523,83.96265446324833,7.855949088111526,0.07955371412148093,0.0,0
341,-9.895287958115185,-56.25,3.112,0.4387180715824849,86.11282223195303,9.524144501277117,0.09626231770956416,0.0,0
342,-8.952879581151834,-56.25,3.112,0.5761190972843518,88.67067743616644,11.733049002764334,0.1712290341324842,0.0,0
343,-8.010471204188482,-56.25,3.112,0.9799533472928148,94.36125428241212,14.928965518125036,0.33762935929642823,0.0,0
344,-7.0680628272251305,-56.25,3.112,2.9050082190129283,97.2248147096252,18.69907315502589,1.0801215437856353,0.0,0
345,-6.12565445026178,-56.25,3.112,6.20682130612762,101.32838628022,23.313445079546042,1.812796165189713,0.0,0
346,-5.183246073298429,-56.25,3.112,12.29741350545637,99.15572903759312,26.370493093233787,2.759744977027008,0.0,0
347,-4.2408376963350785,-56.25,3.112,22.096288194105867,96.14409956149757,29.281560342811858,4.4246269522159025,0.0,0
348,-3.298429319371728,-56.25,3.112,40.83735814449366,97.89846392988693,34.17999289441248,6.929941554603943,0.0,0
349,-2.356020942408377,-56.25,3.112,68.16498006706709,111.97519215289503,42.92242853881513,7.550616929344917,0.0,0
350,-1.4136125654450262,-56.25,3.112,80.83562112492423,108.69258677470498,46.51586248285051,7.985009183362525,0.0,0
351,-0.4712041884816754,-56.25,3.112,113.49520304586322,109.11247968615498,51.84043933292387,10.58459823994023,0.0,0
352,0.4712041884816754,-56.25,3.112,166.1809521248557,110.47152177023236,55.84617202136146,14.293570284504126,0.5,0
353,1.4136125654450262,-56.25,3.112,210.31675346221618,111.67684650543379,53.22432001843116,15.889417469958076,0.5,0
354,-14.607329842931941,-55.0,3.112,0.6749547819744731,59.6988483183668,3.1319582159046795,0.14872415374441275,0.0,0
355,-13.664921465968591,-55.0,3.112,0.22130207236744942,61.88443864375586,3.6895405275062148,0.012239018346070852,0.0,0
356,-12.72251308900524,-55.0,3.112,0.20436746430129835,75.51770328660496,5.140288907139627,0.015206762927107813,0.0,0
357,-11.780104712041888,-55.0,3.112,0.2514346516009732,76.70603196602315,6.309484570819948,0.035164844746793544,0.0,0
358,-10.837696335078537,-55.0,3.112,0.36787394415279195,80.69489731220528,7.957280506255033,0.060122000107730285,0.0,0
359,-9.895287958115185,-55.0,3.112,0.44354617011064146,83.45478471368551,9.788641528388391,0.08111825068901236,0.0,0
360,-8.952879581151834,-55.0,3.112,0.7511402475244376,88.96247345139273,12.339432249912118,0.1885104110257966,0.0,0
361,-8.010471204188482,-55.0,3.112,1.1971158263185528,95.41323585261125,16.154138019282037,0.40561943690381985,0.0,0
362,-7.0680628272251305,-55.0,3.112,2.6593763061840927,95.87314111995511,19.308052925303986,0.8664178520308904,0.0,0
363,-6.12565445026178,-55.0,3.112,4.7590898124623155,97.4661863950314,23.23291483774479,1.3831180058627475,0.0,0
364,-5.183246073298429,-55.0,3.112,9.50056408878395,93.58820272085723,25.934913727050887,1.717122935770792,0.0,0
365,-4.2408376963350785,-55.0,3.112,19.935694497182695,95.85854317119811,29.958492713380814,2.8913336345443357,0.0,0
366,-3.298429319371728,-55.0,3.112,35.53483801443225,101.94603990297765,35.933918052337,4.586267629640832,0.0,0
367,-2.356020942408377,-55.0,3.112,69.2302928638093,105.44895877072122,40.347369348234615,5.304503957321139,0.0,0
368,-1.4136125654450262,-55.0,3.112,77.09349978037716,101.28056907327846,44.26179456195138,5.171941710045609,0.0,0
369,-0.4712041884816754,-55.0,3.112,109.96122738540419,102.37067216774449,49.27211776684725,6.807186430593389,0.0,0
370,0.4712041884816754,-55.0,3.112,141.08644437797352,103.96649931266438,52.25275255144612,7.873133479176221,0.0,0
371,1.4136125654450262,-55.0,3.112,162.46304683290873,102.62091320066247,48.99074469094375,7.9750133730208015,0.5,0
372,2.356020942408377,-55.0,3.112,193.51328669959003,107.83532451081555,38.41596802096645,7.51575985547057,0.0,0
373,-14.607329842931941,-53.75,3.112,0.24488351678953507,56.044226610974874,3.1791934702633253,0.025076671063101602,0.0,0
374,-13.664921465968591,-53.75,3.112,0.1659228941710969,73.64187780185603,4.511599334677792,0.009604207481942472,0.0,0
375,-12.72251308900524,-53.75,3.112,0.17712270358651552,82.1539510495495,5.881659056151452,0.015047177934098536,0.0,0
376,-11.780104712041888,-53.75,3.112,0.20572134925233715,83.89287504076492,7.193718072356442,0.028449761076265564,0.0,0
377,-10.837696335078537,-53.75,3.112,0.3370839371850671,83.77985945669934,8.75963624713174,0.05104101745227794,0.0,0
378,-9.895287958115185,-53.75,3.112,0.450974002754185,85.64510603144299,10.652790941212226,0.07541287907481647,0.0,0
379,-8.952879581151834,-53.75,3.112,0.7817387886838036,88.22655468480662,13.157847639905889,0.16809312746883023,0.0,0
380,-8.010471204188482,-53.75,3.112,1.1265894365145575,91.16249225917272,16.295302639832098,0.3104801947265602,0.0,0
381,-7.0680628272251305,-53.75,3.112,2.1156531692478726,95.64112737891264,20.1019731463387,0.5555208140738981,0.0,0
382,-6.12565445026178,-53.75,3.112,3.970064166433663,98.1623947742628,24.056879955168675,0.8583149704622371,0.0,0
383,-5.183246073298429,-53.75,3.112,8.189521097115996,97.02934733417351,27.317526972723147,1.1539395742738525,0.0,0
384,-4.2408376963350785,-53.75,3.112,19.498834286394096,95.78704939282034,30.720305591448668,1.9022539345261062,0.0,0
385,-3.298429319371728,-53.75,3.112,37.30338022929912,96.6968887578696,34.87443903107845,3.053337990444011,0.0,0
386,-2.356020942408377,-53.75,3.112,59.96689590537137,102.55942645599134,40.67775673911733,3.577226024487218,0.0,0
387,-1.4136125654450262,-53.75,3.112,96.81090809649676,102.77574005682254,45.26299921229424,4.316870783146054,0.0,0
388,-0.4712041884816754,-53.75,3.112,123.97957341850642,100.23536523047369,48.024285871920036,4.572858150743684,0.0,0
389,0.4712041884816754,-53.75,3.112,135.74106457795864,94.90205420879647,47.43989787531441,4.315439337551333,0.0,0
390,1.4136125654450262,-53.75,3.112,138.24440305589633,93.36354666156694,43.8665696403454,2.5555738588429695,0.0,0
391,2.356020942408377,-53.75,3.112,142.30798349195538,97.17833745467942,35.866252559226076,2.024186395373474,0.0,0
392,-13.664921465968591,-52.5,3.112,0.14513131307419544,64.06151594419498,4.249907604050597,0.007982705175141507,0.0,0
393,-12.72251308900524,-52.5,3.112,0.1777765131187457,77.32835498987697,5.958182163050255,0.013670618059208994,0.0,0
394,-11.780104712041888,-52.5,3.112,0.21385728680511057,81.22405573376454,7.403600952963607,0.024947743172469623,0.0,0
395,-10.837696335078537,-52.5,3.112,0.3166709206879399,82.69387381500565,9.088896474903263,0.03493587938620184,0.0,0
396,-9.895287958115185,-52.5,3.112,0.4794973556235022,87.70936255634297,11.71578136571203,0.05681754246462868,0.0,0
397,-8.952879581151834,-52.5,3.112,0.7471876696792388,89.56514170859009,14.28955259144142,0.11842525464854088,0.0,0
398,-8.010471204188482,-52.5,3.112,1.102938865734879,93.5614141478436,17.665385237440866,0.21058015012614323,0.0,0
399,-7.0680628272251305,-52.5,3.112,1.7815092168337592,94.86659581947606,20.879262867543986,0.37327761778497737,0.0,0
400,-6.12565445026178,-52.5,3.112,3.466426255980244,93.97366197779775,23.72496657825133,0.5819573838721492,0.0,0
401,-5.183246073298429,-52.5,3.112,6.912217773067413,95.06445129867643,27.268871947332485,0.842369202170599,0.0,0
402,-4.2408376963350785,-52.5,3.112,21.28436969856316,97.50934114737902,31.771026090309284,1.6390481466008548,0.0,0
403,-3.298429319371728,-52.5,3.112,38.159802068096496,98.10274605522864,35.731400937282494,2.351660672611113,0.0,0
404,-2.356020942408377,-52.5,3.112,67.56277468213592,104.1355745686451,41.841657155478096,2.6000659123634167,0.0,0
405,-1.4136125654450262,-52.5,3.112,111.97918438813585,108.94801656191703,47.62291213720906,2.2827188413044017,0.0,0
406,-0.4712041884816754,-52.5,3.112,144.56257591646425,104.0395374619402,49.81441766818463,1.9734168838922161,0.0,0
407,0.4712041884816754,-52.5,3.112,154.21468292658574,101.34355382644571,50.09782189381904,1.6914937525970213,0.0,0
408,-8.952879581151834,-51.25,3.112,0.5364074711858425,87.6823024568148,15.037527152576356,0.05436920802840835,0.0,0
409,-8.010471204188482,-51.25,3.112,0.9030154924854921,91.00555876619183,18.2810195092651,0.09194138297226587,0.0,0
410,-7.0680628272251305,-51.25,3.112,1.6025679033405686,94.35441518377047,21.81738087768611,0.18107197281375478,0.0,0
411,-5.183246073298429,-51.25,3.112,6.6542701033835785,101.6533745219931,30.098155921356437,0.4196093506127389,0.0,0
412,-4.2408376963350785,-51.25,3.112,20.01510842036738,104.79540582862683,34.93051421677438,1.0660663442557219,0.0,0
413,-3.298429319371728,-51.25,3.112,38.5259709056143,96.90663921064697,36.20598018824349,1.6760663467676005,0.0,0
414,-2.356020942408377,-51.25,3.112,66.58633151475098,101.93809607473668,41.81963907276813,1.309678429559829,0.0,0
415,-3.298429319371728,-50.0,3.112,34.29272185067429,97.89617287286092,37.5074103676211,0.6487487169493152,0.0,0
