node_id,lat,lon,threshold,prec,evap,in_degree,out_degree,clustering,ffl
0,-6.12565445026178,-78.75,1.0,96.21177063348829,37.928050492552295,10,4,0.5454545454545454,10
1,-5.183246073298429,-78.75,1.0,107.11995841387846,61.44274153220947,11,7,0.42916666666666664,25
2,-4.2408376963350785,-78.75,1.0,119.61012129520319,56.126092478934886,11,6,0.4423076923076923,20
3,-3.298429319371728,-78.75,1.0,122.5627915839189,44.04721066707506,6,3,0.47619047619047616,7
4,-2.356020942408377,-78.75,1.0,144.99443794011034,83.33274736767635,6,10,0.3111111111111111,49
5,-1.4136125654450262,-78.75,1.0,173.3493362549905,77.31035988719668,3,9,0.36666666666666664,37
6,-8.952879581151834,-77.5,1.0,164.32405518873853,92.10005919527511,8,20,0.43769470404984423,172
7,-8.010471204188482,-77.5,1.0,128.10943139451717,81.85228498103028,9,15,0.4432314410480349,91
8,-7.0680628272251305,-77.5,1.0,129.50977873725702,68.50252300562684,11,9,0.4673202614379085,40
9,-6.12565445026178,-77.5,1.0,163.57010084869935,45.41674202059107,13,9,0.44473684210526315,38
10,-5.183246073298429,-77.5,1.0,193.46256656420044,86.26535531609804,15,18,0.2903225806451613,110
11,-4.2408376963350785,-77.5,1.0,167.53448110788244,108.54770239282648,19,16,0.27229601518026564,83
12,-3.298429319371728,-77.5,1.0,160.19892464484445,62.05001605834543,20,5,0.38735177865612647,14
13,-2.356020942408377,-77.5,1.0,163.17363005615638,71.87437153572274,14,7,0.2852941176470588,27
14,-1.4136125654450262,-77.5,1.0,186.44200676788728,50.959671334184556,6,7,0.33636363636363636,25
15,-0.4712041884816754,-77.5,1.0,194.72483744032016,59.61396797756894,4,8,0.3333333333333333,24
16,0.4712041884816754,-77.5,1.0,187.4020149526081,63.47062283825821,4,5,0.35714285714285715,9
17,-10.837696335078537,-76.25,1.0,212.40111097321136,76.95696470234975,7,41,0.2752427184466019,448
18,-9.895287958115185,-76.25,1.0,250.2427648552484,71.80213008583418,8,37,0.27055555555555555,344
19,-8.952879581151834,-76.25,1.0,279.89534282789896,53.10598586132156,10,20,0.3753315649867374,139
20,-8.010471204188482,-76.25,1.0,179.9003213358851,92.8633046680815,12,14,0.4254545454545455,76
21,-7.0680628272251305,-76.25,1.0,138.5172126236729,88.45807560471194,19,4,0.41904761904761906,10
22,-6.12565445026178,-76.25,1.0,170.20313393635234,64.89080055839335,23,3,0.40398550724637683,6
23,-5.183246073298429,-76.25,1.0,201.51947290751207,112.4728416920475,23,16,0.29429429429429427,89
24,-4.2408376963350785,-76.25,1.0,182.97130696360014,117.14309519423414,21,15,0.29500891265597146,68
25,-3.298429319371728,-76.25,1.0,169.20922957259688,116.50741304143409,21,13,0.2903225806451613,55
26,-2.356020942408377,-76.25,1.0,155.61074043485456,113.06229073138418,19,10,0.3176638176638177,34
27,-1.4136125654450262,-76.25,1.0,144.59011215566858,109.30401319410298,16,9,0.2964426877470356,27
28,-0.4712041884816754,-76.25,1.0,143.19177666469378,86.6479134688032,11,5,0.31868131868131866,11
29,0.4712041884816754,-76.25,1.0,151.60835027730778,80.80406427662236,8,5,0.3090909090909091,7
30,1.4136125654450262,-76.25,1.0,134.77828314404442,15.737728442521382,4,0,0.5,0
31,-13.664921465968591,-75.0,1.0,74.02388659870871,32.6716973754607,4,3,0.75,9
32,-12.72251308900524,-75.0,1.0,173.46390460032234,64.18893142394124,10,25,0.36259541984732824,251
33,-11.780104712041888,-75.0,1.0,300.5602912063945,61.98366047995481,8,49,0.22503373819163291,554
34,-10.837696335078537,-75.0,1.0,375.91260432720753,56.356137813195424,9,37,0.26931216931216934,362
35,-9.895287958115185,-75.0,1.0,294.2316874031354,80.30717585668128,15,27,0.30937098844672656,210
36,-8.952879581151834,-75.0,1.0,221.24078305968283,56.9409791863242,19,4,0.4357142857142857,10
37,-8.010471204188482,-75.0,1.0,168.93069474236486,93.09986135174239,22,7,0.40028490028490027,23
38,-7.0680628272251305,-75.0,1.0,170.67834584773863,115.3388465708505,26,10,0.34759358288770054,37
39,-6.12565445026178,-75.0,1.0,191.888496975671,112.61746407434477,26,9,0.35321969696969696,38
40,-5.183246073298429,-75.0,1.0,184.61238411654995,111.10810107048371,24,9,0.35591397849462364,37
41,-4.2408376963350785,-75.0,1.0,174.29178853468122,110.79482947026015,25,10,0.3172348484848485,45
42,-3.298429319371728,-75.0,1.0,169.96219027324884,110.76397792518667,23,10,0.3172043010752688,40
43,-2.356020942408377,-75.0,1.0,149.81511184918588,108.35039795783906,17,7,0.36363636363636365,21
44,-1.4136125654450262,-75.0,1.0,131.4154095919866,107.55617521205123,17,6,0.39285714285714285,14
45,-0.4712041884816754,-75.0,1.0,109.50137514915312,103.73538507854893,13,4,0.42857142857142855,6
46,0.4712041884816754,-75.0,1.0,85.6271872077191,102.40878380217555,14,3,0.3047619047619048,3
47,1.4136125654450262,-75.0,1.0,78.35147336314999,48.05232804426669,9,0,0.4027777777777778,0
48,2.356020942408377,-75.0,1.0,78.44167066106255,9.226587935580827,3,0,0.5,0
49,-14.607329842931941,-73.75,1.0,94.51647025606188,39.80147786129237,6,7,0.5754716981132075,31
50,-13.664921465968591,-73.75,1.0,178.39047131990512,65.22604629442499,6,18,0.40652173913043477,142
51,-12.72251308900524,-73.75,1.0,380.524328098614,75.54701897743789,10,46,0.22829131652661064,537
52,-11.780104712041888,-73.75,1.0,376.4924948803969,83.26428612393532,11,45,0.21153846153846154,419
53,-10.837696335078537,-73.75,1.0,293.8858633249443,96.25537521181391,17,18,0.3484848484848485,99
54,-9.895287958115185,-73.75,1.0,235.49419006032306,110.16619385637172,21,13,0.3709677419354839,65
55,-8.952879581151834,-73.75,1.0,198.33128499922734,110.50355991055004,25,10,0.3475378787878788,40
56,-8.010471204188482,-73.75,1.0,179.80641628714946,100.51762544961092,24,7,0.3682266009852217,23
57,-7.0680628272251305,-73.75,1.0,190.84754353103025,110.06290399958716,24,8,0.3528735632183908,30
58,-6.12565445026178,-73.75,1.0,202.1977795914542,113.74037332472955,24,9,0.31827956989247314,37
59,-5.183246073298429,-73.75,1.0,191.24635015427734,106.28912635963871,24,10,0.2923387096774194,43
60,-4.2408376963350785,-73.75,1.0,172.84492419718276,110.02716486481906,23,9,0.2908045977011494,38
61,-3.298429319371728,-73.75,1.0,168.48909359761714,110.89683905643125,16,10,0.27717391304347827,40
62,-2.356020942408377,-73.75,1.0,147.114460033915,108.64608771064377,17,6,0.31666666666666665,17
63,-1.4136125654450262,-73.75,1.0,123.05844293774976,94.27319299877047,18,5,0.34285714285714286,11
64,-0.4712041884816754,-73.75,1.0,98.95942620737868,104.82697037298855,14,4,0.42083333333333334,6
65,0.4712041884816754,-73.75,1.0,72.63147113835228,103.6846277590124,15,1,0.4375,0
66,1.4136125654450262,-73.75,1.0,42.76336581030195,98.04914802039458,8,0,0.48214285714285715,0
67,-14.607329842931941,-72.5,1.0,170.0505206705992,52.316557012217295,4,40,0.32051282051282054,519
68,-13.664921465968591,-72.5,1.0,306.03498992402547,67.17194000136008,6,31,0.3597972972972973,365
69,-12.72251308900524,-72.5,1.0,422.5532282361159,71.92111348527733,11,33,0.28579743888242143,314
70,-11.780104712041888,-72.5,1.0,345.05130523232674,96.52306762456107,14,20,0.36767676767676766,137
71,-10.837696335078537,-72.5,1.0,245.7793554396066,113.88451130205486,18,12,0.38492063492063494,60
72,-9.895287958115185,-72.5,1.0,213.08268263765146,119.3202054023277,23,11,0.3286290322580645,53
73,-8.952879581151834,-72.5,1.0,210.83668426917617,118.71253268243917,19,13,0.3022988505747126,56
74,-8.010471204188482,-72.5,1.0,206.23167187964887,58.34643180904701,18,3,0.4093567251461988,6
75,-7.0680628272251305,-72.5,1.0,199.77393009531883,86.94098375495776,16,7,0.3119047619047619,25
76,-6.12565445026178,-72.5,1.0,201.9794872145267,116.73406669493251,15,11,0.2391304347826087,50
77,-5.183246073298429,-72.5,1.0,194.14247846376244,112.61776092898688,12,9,0.2631578947368421,38
78,-4.2408376963350785,-72.5,1.0,184.64349552107,98.19615311071232,10,9,0.2610294117647059,39
79,-3.298429319371728,-72.5,1.0,178.33958247285486,108.73034927612039,9,10,0.2426470588235294,42
80,-2.356020942408377,-72.5,1.0,171.89640157323686,102.15621446791924,9,9,0.24166666666666667,35
81,-1.4136125654450262,-72.5,1.0,153.17680800509342,104.4955987089297,10,6,0.25824175824175827,16
82,-0.4712041884816754,-72.5,1.0,120.06573793397001,102.97492858029513,9,4,0.3,7
83,0.4712041884816754,-72.5,1.0,88.90203233525025,101.24092336497334,8,2,0.3333333333333333,0
84,1.4136125654450262,-72.5,1.0,59.649424895359346,100.54579026584592,8,0,0.44642857142857145,0
85,-14.607329842931941,-71.25,1.0,218.58975435768045,57.14859862994385,5,50,0.26455604075691413,669
86,-13.664921465968591,-71.25,1.0,385.3257291087823,90.27253297382154,6,50,0.2547302032235459,643
87,-12.72251308900524,-71.25,1.0,393.29478954372496,66.51610950701657,11,23,0.36639676113360325,191
88,-11.780104712041888,-71.25,1.0,277.12370586951573,108.65426110083534,15,15,0.3793103448275862,94
89,-10.837696335078537,-71.25,1.0,213.4212338444107,114.36559085213185,17,13,0.35185185185185186,71
90,-9.895287958115185,-71.25,1.0,205.2465452828704,117.60343371429563,16,11,0.305,48
91,-8.952879581151834,-71.25,1.0,211.72891095411563,103.78933605488636,14,8,0.29473684210526313,26
92,-8.010471204188482,-71.25,1.0,199.30886148538514,40.21389116804349,10,2,0.35555555555555557,3
93,-7.0680628272251305,-71.25,1.0,192.65508982541576,105.44450770944283,7,8,0.21794871794871795,30
94,-6.12565445026178,-71.25,1.0,195.10132681615758,116.28888416654482,7,10,0.23809523809523808,44
95,-5.183246073298429,-71.25,1.0,194.8809837351618,114.18747571857735,7,11,0.25,52
96,-4.2408376963350785,-71.25,1.0,192.15611557072296,109.2500132585962,8,12,0.23202614379084968,56
97,-3.298429319371728,-71.25,1.0,192.22153684846106,111.69388573249914,9,11,0.22875816993464052,47
98,-2.356020942408377,-71.25,1.0,197.80160600839446,106.2114512502926,11,8,0.2426470588235294,29
99,-1.4136125654450262,-71.25,1.0,189.26057417066096,106.90818501693661,9,8,0.24761904761904763,28
100,-0.4712041884816754,-71.25,1.0,164.50869708412938,103.0942815358867,7,5,0.2777777777777778,12
101,0.4712041884816754,-71.25,1.0,127.3106471400647,101.04235491889995,5,3,0.2,4
102,1.4136125654450262,-71.25,1.0,83.5518262838062,91.26954532359595,3,0,0.3333333333333333,0
103,-13.664921465968591,-70.0,1.0,436.1043273111142,76.98763212940638,7,38,0.30700778642936594,432
104,-12.72251308900524,-70.0,1.0,350.4853792103172,66.97400002032879,12,13,0.4107142857142857,79
105,-11.780104712041888,-70.0,1.0,227.98549358175597,102.56155821606404,15,13,0.3476923076923077,66
106,-10.837696335078537,-70.0,1.0,186.93403144689668,73.54126777755853,16,5,0.38596491228070173,15
107,-9.895287958115185,-70.0,1.0,196.06929348985975,116.61084918974623,14,10,0.22294372294372294,39
108,-8.952879581151834,-70.0,1.0,198.072208220353,78.97091666199418,5,6,0.2916666666666667,17
109,-8.010471204188482,-70.0,1.0,192.6693376754714,63.51887606007848,6,3,0.38095238095238093,6
110,-7.0680628272251305,-70.0,1.0,192.5554167601089,111.32877547032129,7,9,0.23626373626373626,39
111,-6.12565445026178,-70.0,1.0,197.01140695925878,114.44592991779125,9,9,0.22916666666666666,39
112,-5.183246073298429,-70.0,1.0,205.45115523597332,112.19581709930362,6,11,0.2761904761904762,51
113,-4.2408376963350785,-70.0,1.0,198.0649397508461,99.33754655091784,9,7,0.2857142857142857,24
114,-3.298429319371728,-70.0,1.0,207.50346736571467,107.11753218061801,9,9,0.2708333333333333,39
115,-2.356020942408377,-70.0,1.0,216.30171999669435,109.7453851938752,9,10,0.25735294117647056,49
116,-1.4136125654450262,-70.0,1.0,226.49216704758402,104.51748268564864,9,10,0.2426470588235294,44
117,-0.4712041884816754,-70.0,1.0,221.12144378450594,101.95253305671137,8,9,0.2571428571428571,42
118,0.4712041884816754,-70.0,1.0,206.77885683118134,103.22399122332321,8,8,0.21428571428571427,30
119,1.4136125654450262,-70.0,1.0,156.50839361558127,101.84080252975181,5,3,0.23333333333333334,6
120,-15.549738219895294,-68.75,1.0,355.31008604423425,100.5683377586755,5,45,0.2531083481349911,543
121,-14.607329842931941,-68.75,1.0,423.17415275780905,84.59345440091637,8,35,0.291921664626683,370
122,-13.664921465968591,-68.75,1.0,459.1140149773778,89.50673356603387,11,32,0.26833740831295844,281
123,-12.72251308900524,-68.75,1.0,298.2595134006478,91.06249812611162,14,14,0.32461538461538464,69
124,-11.780104712041888,-68.75,1.0,210.23032310108766,58.10767160695547,15,4,0.38235294117647056,7
125,-10.837696335078537,-68.75,1.0,191.3397644390168,37.121820615027794,10,1,0.38181818181818183,1
126,-9.895287958115185,-68.75,1.0,192.51893629405333,92.22253864151594,9,8,0.22380952380952382,24
127,-8.952879581151834,-68.75,1.0,187.66677669509497,31.782946517972206,6,1,0.38095238095238093,1
128,-8.010471204188482,-68.75,1.0,198.9638524835601,112.40080164905501,4,11,0.23717948717948717,53
129,-7.0680628272251305,-68.75,1.0,204.91073449287882,114.86312276413199,5,12,0.2761904761904762,59
130,-6.12565445026178,-68.75,1.0,200.09697336848686,112.53309716167797,7,9,0.3076923076923077,38
131,-5.183246073298429,-68.75,1.0,204.01426980748943,110.2628238608661,7,11,0.2791666666666667,51
132,-4.2408376963350785,-68.75,1.0,209.3706370461326,108.77924671727368,10,11,0.24853801169590642,57
133,-3.298429319371728,-68.75,1.0,224.87728487995085,109.99844023201706,10,11,0.2631578947368421,60
134,-2.356020942408377,-68.75,1.0,249.9646137309822,108.7763472813382,9,16,0.2608695652173913,115
135,-1.4136125654450262,-68.75,1.0,275.8105826409282,106.8871905413772,8,16,0.2748917748917749,111
136,-0.4712041884816754,-68.75,1.0,296.4612094079845,103.32732709623244,8,18,0.2427536231884058,123
137,0.4712041884816754,-68.75,1.0,290.2202643113782,100.82136365068769,6,13,0.28308823529411764,68
138,1.4136125654450262,-68.75,1.0,257.2377377089209,99.76041197816792,6,7,0.3090909090909091,23
139,2.356020942408377,-68.75,1.0,195.02526685618344,103.42415024004114,5,2,0.4,3
140,-16.492146596858646,-67.5,1.0,305.29168599471825,63.3093752183932,4,20,0.341991341991342,167
141,-15.549738219895294,-67.5,1.0,377.86015364291615,59.684128244737934,8,19,0.34782608695652173,140
142,-14.607329842931941,-67.5,1.0,318.17955149681177,84.36334196716432,12,12,0.3652173913043478,59
143,-13.664921465968591,-67.5,1.0,281.56894175656987,96.19014072983505,16,9,0.308300395256917,35
144,-12.72251308900524,-67.5,1.0,248.16100082090037,111.67852968044043,15,12,0.22333333333333333,45
145,-11.780104712041888,-67.5,1.0,202.47088754259687,111.7705396482359,11,12,0.2,36
146,-10.837696335078537,-67.5,1.0,206.37553413836812,66.53460359052688,10,5,0.30128205128205127,8
147,-9.895287958115185,-67.5,1.0,195.98464643078847,11.896214098533274,6,0,0.4666666666666667,0
148,-8.952879581151834,-67.5,1.0,179.5920281195782,67.26092123273934,7,3,0.26785714285714285,6
149,-8.010471204188482,-67.5,1.0,191.43054928235014,112.77430307670258,7,12,0.22058823529411764,61
150,-7.0680628272251305,-67.5,1.0,201.54614765484473,111.82745657346909,7,11,0.25833333333333336,52
151,-6.12565445026178,-67.5,1.0,203.63388483374328,112.19116717341646,8,10,0.2875,46
152,-5.183246073298429,-67.5,1.0,206.4579774359054,111.36231828049037,8,9,0.3047619047619048,39
153,-4.2408376963350785,-67.5,1.0,218.70465572939858,108.78331087171671,11,12,0.24285714285714285,67
154,-3.298429319371728,-67.5,1.0,228.44486772111975,108.92581086157573,9,11,0.29411764705882354,63
155,-2.356020942408377,-67.5,1.0,255.05721336268348,109.26868248082114,11,17,0.23384615384615384,112
156,-1.4136125654450262,-67.5,1.0,298.225404111584,108.55153969596962,9,19,0.24307692307692308,121
157,-0.4712041884816754,-67.5,1.0,336.3915194372516,104.42240231293712,8,21,0.24142857142857144,124
158,0.4712041884816754,-67.5,1.0,347.2411056693073,102.58769907221455,8,18,0.26277372262773724,101
159,1.4136125654450262,-67.5,1.0,322.91644425039186,99.81918580469959,7,12,0.2962962962962963,52
160,2.356020942408377,-67.5,1.0,269.8949696431151,99.56786944738812,6,4,0.375,9
161,-18.376963350785346,-66.25,1.0,187.5461045747914,96.04906256965036,1,14,0.3333333333333333,79
162,-17.434554973821996,-66.25,1.0,246.40275827835382,78.29533847007407,2,9,0.4583333333333333,42
163,-16.492146596858646,-66.25,1.0,319.5854847013277,98.33426259400672,6,29,0.20643939393939395,213
164,-15.549738219895294,-66.25,1.0,275.36837872389845,105.76529758466047,12,21,0.2338362068965517,128
165,-14.607329842931941,-66.25,1.0,240.15905202071247,118.99142542472859,15,13,0.2353846153846154,66
166,-13.664921465968591,-66.25,1.0,244.165424065844,79.15257238727494,6,9,0.3333333333333333,37
167,-12.72251308900524,-66.25,1.0,231.97279837866873,119.87770519161131,10,11,0.21637426900584794,45
168,-11.780104712041888,-66.25,1.0,217.3571308124013,116.14398996769688,8,11,0.20955882352941177,40
169,-10.837696335078537,-66.25,1.0,210.34778877277307,99.22904937929327,7,8,0.24358974358974358,24
170,-9.895287958115185,-66.25,1.0,198.64437878573477,79.46429743302596,6,6,0.26666666666666666,18
171,-8.952879581151834,-66.25,1.0,193.3053599523562,84.75336335667194,6,8,0.2196969696969697,30
172,-8.010471204188482,-66.25,1.0,196.07052354378686,110.56921619424435,5,12,0.2619047619047619,60
173,-7.0680628272251305,-66.25,1.0,206.6813071523089,109.68874141522197,7,10,0.28095238095238095,44
174,-6.12565445026178,-66.25,1.0,210.12101042476553,110.91636267339715,7,11,0.2875,52
175,-5.183246073298429,-66.25,1.0,216.94870030386326,110.19383393193903,9,10,0.27941176470588236,46
176,-4.2408376963350785,-66.25,1.0,230.7023467326563,110.65564032596147,11,10,0.2631578947368421,48
177,-3.298429319371728,-66.25,1.0,241.678994626506,109.74338148383698,10,16,0.2318840579710145,97
178,-2.356020942408377,-66.25,1.0,240.46548336739224,111.08991145200946,9,17,0.2463768115942029,98
179,-1.4136125654450262,-66.25,1.0,254.8695981469197,109.39976429392118,10,18,0.2353846153846154,94
180,-0.4712041884816754,-66.25,1.0,281.0629611460873,107.84365307452407,11,19,0.22811671087533156,82
181,0.4712041884816754,-66.25,1.0,281.7502945241935,104.6169716743958,11,18,0.24785100286532952,81
182,1.4136125654450262,-66.25,1.0,263.06593050492,95.74626981293329,9,12,0.3029411764705882,43
183,2.356020942408377,-66.25,1.0,209.93251703926467,100.07665329857205,10,5,0.3333333333333333,8
184,-18.376963350785346,-65.0,1.0,192.264836212752,111.25418760198227,3,11,0.32575757575757575,49
185,-17.434554973821996,-65.0,1.0,186.91648401204864,52.62109727472198,6,5,0.45714285714285713,15
186,-16.492146596858646,-65.0,1.0,194.93199035203963,109.50888967833015,9,11,0.271523178807947,44
187,-15.549738219895294,-65.0,1.0,203.76324969590442,92.50070319620457,5,7,0.36363636363636365,26
188,-14.607329842931941,-65.0,1.0,217.75249471236273,100.31519809605221,5,12,0.2403846153846154,57
189,-13.664921465968591,-65.0,1.0,223.42069736893083,95.70937501995654,4,9,0.3181818181818182,36
190,-12.72251308900524,-65.0,1.0,222.3374531763604,96.02004947438,5,8,0.24545454545454545,26
191,-11.780104712041888,-65.0,1.0,211.1061888470663,110.34880430975664,6,8,0.21212121212121213,24
192,-10.837696335078537,-65.0,1.0,204.38280234998007,77.28179844778634,6,5,0.2222222222222222,9
193,-9.895287958115185,-65.0,1.0,192.44073172276592,28.315973279537562,5,0,0.35,0
194,-8.952879581151834,-65.0,1.0,188.44778588078606,63.7508804621944,4,3,0.15,6
195,-8.010471204188482,-65.0,1.0,194.8434321951984,97.14248731819632,4,10,0.23484848484848486,41
196,-7.0680628272251305,-65.0,1.0,202.2971034273876,95.16966015368071,6,9,0.2692307692307692,39
197,-6.12565445026178,-65.0,1.0,207.97923809771436,110.68673276717885,6,11,0.2761904761904762,48
198,-5.183246073298429,-65.0,1.0,222.20987802134937,103.25633397448252,10,9,0.25735294117647056,36
199,-4.2408376963350785,-65.0,1.0,244.5398448268868,101.93440962686957,11,10,0.25146198830409355,45
200,-3.298429319371728,-65.0,1.0,241.3115538649714,99.87929393661203,10,12,0.2657894736842105,65
201,-2.356020942408377,-65.0,1.0,227.0562359300827,113.0173757900024,11,13,0.2619047619047619,65
202,-1.4136125654450262,-65.0,1.0,222.71039119345005,109.12996860287184,12,13,0.26877470355731226,54
203,-0.4712041884816754,-65.0,1.0,194.06584484529037,108.67656111866849,12,10,0.32894736842105265,33
204,0.4712041884816754,-65.0,1.0,180.71703401580803,105.0174914134223,12,9,0.3333333333333333,23
205,1.4136125654450262,-65.0,1.0,158.90521488404158,106.23120212776848,12,8,0.3300653594771242,15
206,-20.261780104712045,-63.75,1.0,131.9500055283422,62.84745167620713,3,3,0.7,8
207,-19.319371727748695,-63.75,1.0,126.83575355541927,79.04668276205388,5,4,0.3684210526315789,11
208,-18.376963350785346,-63.75,1.0,116.1005048222907,92.33911641388677,8,3,0.37142857142857144,7
209,-17.434554973821996,-63.75,1.0,124.78755217981467,42.34534224238954,8,1,0.38095238095238093,1
210,-16.492146596858646,-63.75,1.0,154.54889324230535,112.2820685440098,6,6,0.2441860465116279,18
211,-15.549738219895294,-63.75,1.0,186.10410890005596,110.41868953671023,6,6,0.25,20
212,-14.607329842931941,-63.75,1.0,197.45262164030788,115.2418601921938,5,9,0.2153846153846154,33
213,-13.664921465968591,-63.75,1.0,198.21919236255786,103.22687668669872,5,6,0.25,17
214,-12.72251308900524,-63.75,1.0,188.71981156706067,118.18643589599513,6,6,0.24444444444444444,16
215,-11.780104712041888,-63.75,1.0,193.19883444275192,44.577998026478376,6,2,0.4,3
216,-10.837696335078537,-63.75,1.0,196.0132859912337,95.27276399237714,5,7,0.13333333333333333,14
217,-9.895287958115185,-63.75,1.0,197.15805166146106,33.19592907418919,3,2,0.3333333333333333,2
218,-8.952879581151834,-63.75,1.0,180.2229136715444,10.796109845416513,2,0,0.5,0
219,-8.010471204188482,-63.75,1.0,176.99007811207758,39.97128243321551,3,2,0.16666666666666666,3
220,-7.0680628272251305,-63.75,1.0,191.48864502414727,84.74114329257544,4,8,0.2222222222222222,25
221,-6.12565445026178,-63.75,1.0,207.095887406023,111.92649463288063,5,10,0.27564102564102566,41
222,-5.183246073298429,-63.75,1.0,233.23078690834797,107.96030246336431,10,10,0.238562091503268,42
223,-4.2408376963350785,-63.75,1.0,250.23502544813974,88.80970472350916,10,8,0.2708333333333333,29
224,-3.298429319371728,-63.75,1.0,232.62089915036202,113.66665572133704,11,10,0.24853801169590642,46
225,-2.356020942408377,-63.75,1.0,223.40144385667747,111.58456478336299,11,10,0.2807017543859649,44
226,-1.4136125654450262,-63.75,1.0,208.17148637535394,110.03694666949905,12,11,0.2761904761904762,41
227,-0.4712041884816754,-63.75,1.0,162.66942002512906,112.94654144834516,15,9,0.2922077922077922,24
228,0.4712041884816754,-63.75,1.0,128.95471478263937,108.90697395181331,15,5,0.3627450980392157,11
229,1.4136125654450262,-63.75,1.0,113.34420014057689,109.36993269465083,15,4,0.36764705882352944,5
230,3.298429319371728,-63.75,1.0,83.33344753603464,101.34523055810742,12,2,0.3939393939393939,2
231,-19.319371727748695,-62.5,1.0,70.64060904560326,50.3268772533282,0,0,0.0,0
232,-18.376963350785346,-62.5,1.0,73.53752732305279,26.762416653029558,0,0,0.0,0
233,-17.434554973821996,-62.5,1.0,102.88651917476639,17.611900017119915,1,0,0.0,0
234,-16.492146596858646,-62.5,1.0,141.30476599726782,91.47355386611507,2,6,0.2857142857142857,17
235,-15.549738219895294,-62.5,1.0,166.44905424118062,85.94629038419762,3,6,0.2894736842105263,20
236,-14.607329842931941,-62.5,1.0,172.4792736637826,104.66980884406642,4,8,0.20454545454545456,29
237,-13.664921465968591,-62.5,1.0,176.3029886465159,120.59177040281206,4,7,0.25,21
238,-12.72251308900524,-62.5,1.0,178.09592024481606,119.9741913021936,5,7,0.18888888888888888,17
239,-11.780104712041888,-62.5,1.0,164.51643103267685,40.62516273632613,3,1,0.3333333333333333,1
240,-10.837696335078537,-62.5,1.0,179.68226766829872,55.09518773172763,3,2,0.16666666666666666,2
241,-9.895287958115185,-62.5,1.0,192.775547035902,1.3816664121780313,1,0,0.0,0
242,-8.952879581151834,-62.5,1.0,181.42141375584393,38.46217068580411,1,2,0.0,3
243,-8.010471204188482,-62.5,1.0,175.8384940850682,50.56752835327289,2,3,0.0,4
244,-7.0680628272251305,-62.5,1.0,183.09650309921992,20.377652965660236,2,0,0.0,0
245,-6.12565445026178,-62.5,1.0,209.57322945284284,77.52313429816422,3,7,0.32142857142857145,24
246,-5.183246073298429,-62.5,1.0,238.6765630152554,113.8392933943521,8,15,0.15714285714285714,58
247,-4.2408376963350785,-62.5,1.0,256.00066180148707,78.85333761490821,9,7,0.2802197802197802,20
248,-3.298429319371728,-62.5,1.0,253.15216535989902,109.11218493087259,10,13,0.20476190476190476,61
249,-2.356020942408377,-62.5,1.0,262.92717602075487,110.2112116205498,11,14,0.21936758893280633,75
250,-1.4136125654450262,-62.5,1.0,239.9486945290042,97.30373975392381,12,8,0.2973856209150327,27
251,-0.4712041884816754,-62.5,1.0,174.83545979924588,112.34635262331908,14,8,0.2894736842105263,18
252,0.4712041884816754,-62.5,1.0,128.11991383952338,112.39025797733557,17,5,0.3105263157894737,6
253,1.4136125654450262,-62.5,1.0,96.04535749158735,108.6509808557055,17,1,0.35947712418300654,0
254,2.356020942408377,-62.5,1.0,84.94221741295878,107.00968202064404,13,1,0.3956043956043956,0
255,3.298429319371728,-62.5,1.0,57.12234122915262,105.03440754662734,12,1,0.38461538461538464,0
256,-18.376963350785346,-61.25,1.0,80.56303142433352,75.40660429660802,0,0,0.0,0
257,-17.434554973821996,-61.25,1.0,105.86873416946013,68.71014840014165,0,0,0.0,0
258,-16.492146596858646,-61.25,1.0,126.34730900052946,58.287635010360255,0,0,0.0,0
259,-15.549738219895294,-61.25,1.0,139.05677692141614,62.41629649407698,2,3,0.3333333333333333,6
260,-14.607329842931941,-61.25,1.0,155.47995373974004,111.10793419643129,3,5,0.23333333333333334,14
261,-13.664921465968591,-61.25,1.0,166.85269596085095,115.76532218894145,3,6,0.11904761904761904,11
262,-12.72251308900524,-61.25,1.0,164.65609056203988,31.556438068828868,1,0,0.0,0
263,-11.780104712041888,-61.25,1.0,159.92091093001034,19.729837036735148,2,0,0.0,0
264,-10.837696335078537,-61.25,1.0,171.07614067911453,53.01744498021963,3,2,0.5,3
265,-9.895287958115185,-61.25,1.0,189.88947743286283,39.745441286203366,4,2,0.3333333333333333,3
266,-8.952879581151834,-61.25,1.0,194.8158860622721,63.85492755472004,3,5,0.26666666666666666,16
267,-8.010471204188482,-61.25,1.0,195.96579022487813,70.39083369308831,4,7,0.32857142857142857,26
268,-7.0680628272251305,-61.25,1.0,207.1225179756997,93.04334732015778,5,11,0.23076923076923078,49
269,-6.12565445026178,-61.25,1.0,216.073565913401,85.54952089876039,4,9,0.2909090909090909,39
270,-5.183246073298429,-61.25,1.0,228.09020236714233,93.5747190241108,7,13,0.19607843137254902,54
271,-4.2408376963350785,-61.25,1.0,242.54842354412193,54.054126358287434,8,4,0.32222222222222224,8
272,-3.298429319371728,-61.25,1.0,269.4906955915642,55.43080843740232,9,7,0.23076923076923078,16
273,-2.356020942408377,-61.25,1.0,286.1033722768546,104.49136735159667,9,15,0.21212121212121213,78
274,-1.4136125654450262,-61.25,1.0,261.4682289724189,98.11859446824865,9,11,0.2647058823529412,45
275,-0.4712041884816754,-61.25,1.0,204.79289875233803,80.46692121221852,11,5,0.34615384615384615,10
276,0.4712041884816754,-61.25,1.0,141.81389480891633,82.06240626137897,11,1,0.3787878787878788,0
277,1.4136125654450262,-61.25,1.0,91.96494937137906,66.02007933113745,12,0,0.4015151515151515,0
278,2.356020942408377,-61.25,1.0,60.41881353649009,16.93728021770793,15,0,0.3904761904761905,0
279,3.298429319371728,-61.25,1.0,30.12593059493554,74.882211978945,13,0,0.42948717948717946,0
280,4.2408376963350785,-61.25,1.0,16.038464333900468,79.87998486140738,10,0,0.4666666666666667,0
281,-15.549738219895294,-60.0,1.0,135.211171098691,75.76795284180031,1,4,0.16666666666666666,8
282,-14.607329842931941,-60.0,1.0,150.85199179175677,68.19443954828832,2,3,0.0,5
283,-13.664921465968591,-60.0,1.0,159.58289377659221,46.14599286890698,3,1,0.0,1
284,-12.72251308900524,-60.0,1.0,160.94882260232274,57.178060749946454,4,2,0.4166666666666667,3
285,-11.780104712041888,-60.0,1.0,169.15771238214387,94.55669180155377,6,5,0.1527777777777778,11
286,-10.837696335078537,-60.0,1.0,178.04511761675082,107.78535211577777,4,8,0.12222222222222222,19
287,-9.895287958115185,-60.0,1.0,179.7955538896932,59.69730223917784,3,4,0.3,10
288,-8.952879581151834,-60.0,1.0,187.8442195578563,72.37721121703244,3,7,0.30357142857142855,26
289,-8.010471204188482,-60.0,1.0,208.3043758794933,98.88064985334972,7,14,0.22485207100591717,76
290,-7.0680628272251305,-60.0,1.0,214.35694637882855,42.17375230481581,7,4,0.3333333333333333,9
291,-6.12565445026178,-60.0,1.0,219.80013799951857,81.5357744481315,6,11,0.29523809523809524,56
292,-5.183246073298429,-60.0,1.0,224.69142963281016,83.88487425172859,6,12,0.2625,53
293,-4.2408376963350785,-60.0,1.0,240.1032038142857,37.45400159225431,8,4,0.28888888888888886,6
294,-3.298429319371728,-60.0,1.0,273.01355560607425,12.793153160208611,7,0,0.35714285714285715,0
295,-2.356020942408377,-60.0,1.0,281.5568739390121,8.718324620020805,7,0,0.42857142857142855,0
296,-1.4136125654450262,-60.0,1.0,277.68782425599755,61.79128054240939,7,7,0.3560606060606061,25
297,-0.4712041884816754,-60.0,1.0,227.73090791346672,95.0216660544571,11,7,0.275,20
298,0.4712041884816754,-60.0,1.0,149.21318181650508,95.8961214757571,12,2,0.3712121212121212,2
299,1.4136125654450262,-60.0,1.0,100.17036615974637,20.07513408073346,9,0,0.4166666666666667,0
300,2.356020942408377,-60.0,1.0,66.99532673684575,56.01682266127521,8,0,0.42857142857142855,0
301,3.298429319371728,-60.0,1.0,39.342528961643254,84.3193730302943,7,0,0.42857142857142855,0
302,4.2408376963350785,-60.0,1.0,38.78248193690166,86.66431916959745,7,0,0.4523809523809524,0
303,5.183246073298429,-60.0,1.0,100.97406081939792,94.49778350720638,8,0,0.4107142857142857,0
304,-13.664921465968591,-58.75,1.0,177.69353116858846,95.20054731160545,2,5,0.25,12
305,-12.72251308900524,-58.75,1.0,181.19805847847465,120.98719589832797,4,6,0.25,16
306,-11.780104712041888,-58.75,1.0,173.13088535224455,83.6679431340923,4,5,0.23809523809523808,11
307,-10.837696335078537,-58.75,1.0,167.2187227540506,27.922951560974916,4,1,0.5,1
308,-9.895287958115185,-58.75,1.0,160.9620615067624,16.332808987999858,2,0,0.0,0
309,-8.952879581151834,-58.75,1.0,185.1783515609065,66.47548480017637,5,7,0.26136363636363635,27
310,-8.010471204188482,-58.75,1.0,222.56427853281556,103.51406661945387,5,15,0.2598684210526316,86
311,-7.0680628272251305,-58.75,1.0,225.04476392648283,60.366420390978725,7,7,0.32575757575757575,27
312,-6.12565445026178,-58.75,1.0,232.4569800263246,102.74517450996375,9,19,0.18615384615384614,94
313,-5.183246073298429,-58.75,1.0,246.58879336397573,108.8173124323238,7,18,0.1956521739130435,80
314,-4.2408376963350785,-58.75,1.0,251.43921501557193,64.56210372768324,9,9,0.26666666666666666,30
315,-3.298429319371728,-58.75,1.0,276.14718893799835,14.066198097472169,5,0,0.45,0
316,-2.356020942408377,-58.75,1.0,280.3043338955716,65.7186135003309,4,9,0.24545454545454545,35
317,-1.4136125654450262,-58.75,1.0,290.7156246221464,97.5735336061658,7,14,0.21637426900584794,60
318,-0.4712041884816754,-58.75,1.0,242.22952245653454,103.56434817840804,8,8,0.34615384615384615,26
319,0.4712041884816754,-58.75,1.0,175.41703163641446,102.09256910669302,8,4,0.43333333333333335,7
320,-13.664921465968591,-57.5,1.0,185.0507909162649,108.55200879259517,4,7,0.19444444444444445,20
321,-12.72251308900524,-57.5,1.0,188.10039217211002,110.33598968258993,6,7,0.18181818181818182,18
322,-11.780104712041888,-57.5,1.0,174.12540623990412,35.54426696422502,5,1,0.4166666666666667,1
323,-10.837696335078537,-57.5,1.0,167.00490177326034,39.99941345925656,3,3,0.08333333333333333,3
324,-9.895287958115185,-57.5,1.0,159.3053998278649,8.732038206194902,1,0,0.0,0
325,-8.952879581151834,-57.5,1.0,181.43006762187943,71.89664846736852,3,8,0.35294117647058826,34
326,-8.010471204188482,-57.5,1.0,222.62526099974164,74.33009939762883,6,10,0.3055555555555556,44
327,-7.0680628272251305,-57.5,1.0,237.13996392175292,105.01233187444306,9,18,0.19166666666666668,94
328,-6.12565445026178,-57.5,1.0,233.30303668616335,62.475821497756826,7,8,0.358974358974359,30
329,-5.183246073298429,-57.5,1.0,249.39564489768938,98.21305428773776,10,14,0.21428571428571427,48
330,-4.2408376963350785,-57.5,1.0,263.46226774057277,88.06951086561445,10,13,0.2261904761904762,39
331,-3.298429319371728,-57.5,1.0,259.5155070405682,52.199757265817475,7,8,0.32051282051282054,23
332,-2.356020942408377,-57.5,1.0,278.2950575639334,90.4874019779775,5,13,0.15416666666666667,38
333,-1.4136125654450262,-57.5,1.0,274.96360781994645,104.44438833739834,6,16,0.1394736842105263,44
334,-0.4712041884816754,-57.5,1.0,224.21239681427707,94.8465265359958,10,9,0.2426470588235294,22
335,0.4712041884816754,-57.5,1.0,164.7237273627214,91.59928958663588,11,5,0.34065934065934067,8
336,1.4136125654450262,-57.5,1.0,130.4631520037248,77.6357044781534,9,0,0.4444444444444444,0
337,-13.664921465968591,-56.25,1.0,219.46146473083027,65.4440552425792,4,4,0.4,9
338,-12.72251308900524,-56.25,1.0,208.17088502060486,74.25933854992863,6,5,0.2361111111111111,10
339,-11.780104712041888,-56.25,1.0,184.32029631430046,17.19217228962739,4,0,0.5,0
340,-10.837696335078537,-56.25,1.0,163.53027307257963,37.16592588538346,2,2,0.0,2
341,-9.895287958115185,-56.25,1.0,151.4070918826865,1.1233614292967475,1,0,0.0,0
342,-8.952879581151834,-56.25,1.0,181.3675094630916,89.26882901293256,3,11,0.2734375,50
343,-8.010471204188482,-56.25,1.0,220.29041706522008,90.47022423903785,5,13,0.24369747899159663,59
344,-7.0680628272251305,-56.25,1.0,227.23551512317465,61.99448440969995,7,7,0.3409090909090909,24
345,-6.12565445026178,-56.25,1.0,228.17238951199045,54.104893618621006,10,6,0.3241758241758242,19
346,-5.183246073298429,-56.25,1.0,224.2700799725422,44.01643152707458,11,5,0.33516483516483514,12
347,-4.2408376963350785,-56.25,1.0,230.87769046989774,51.458551379886806,11,5,0.3131868131868132,10
348,-3.298429319371728,-56.25,1.0,223.24668324080196,73.27557323518131,12,9,0.23391812865497075,14
349,-2.356020942408377,-56.25,1.0,218.5239279628677,61.6925037066381,11,7,0.2375,12
350,-1.4136125654450262,-56.25,1.0,179.34717105754333,100.35650435838713,7,7,0.2196969696969697,11
351,-0.4712041884816754,-56.25,1.0,131.71150967166074,97.19013492770245,8,7,0.20512820512820512,9
352,0.4712041884816754,-56.25,1.0,103.62175343608521,91.36788550367486,8,3,0.4166666666666667,3
353,1.4136125654450262,-56.25,1.0,96.37282584626671,101.80818606963936,10,1,0.3181818181818182,0
354,-14.607329842931941,-55.0,1.0,239.38616149236307,100.88737814677475,2,7,0.3333333333333333,23
355,-13.664921465968591,-55.0,1.0,265.5005946731711,109.16855891636963,5,11,0.18681318681318682,31
356,-12.72251308900524,-55.0,1.0,237.80282891367114,41.28727932219357,7,2,0.38095238095238093,2
357,-11.780104712041888,-55.0,1.0,190.3830067872286,7.345426453895942,7,0,0.40476190476190477,0
358,-10.837696335078537,-55.0,1.0,165.41380332789197,5.722883635557854,2,0,0.5,0
359,-9.895287958115185,-55.0,1.0,155.68913310958027,8.200628263183741,2,0,0.5,0
360,-8.952879581151834,-55.0,1.0,182.10133349005505,72.01242763568634,3,8,0.35294117647058826,33
361,-8.010471204188482,-55.0,1.0,210.4694349199956,28.923399067141656,6,2,0.43333333333333335,3
362,-7.0680628272251305,-55.0,1.0,218.4850773672449,49.704714358038345,9,6,0.27564102564102566,19
363,-6.12565445026178,-55.0,1.0,223.70824580034989,68.15110479784553,9,8,0.26666666666666666,27
364,-5.183246073298429,-55.0,1.0,222.37827847443108,79.2146629989569,12,9,0.22514619883040934,20
365,-4.2408376963350785,-55.0,1.0,198.46236099814297,28.61412518447318,11,2,0.37272727272727274,2
366,-3.298429319371728,-55.0,1.0,167.82886536679865,27.10617811185362,10,0,0.4111111111111111,0
367,-2.356020942408377,-55.0,1.0,149.55533530937637,34.819175037028565,9,0,0.4166666666666667,0
368,-1.4136125654450262,-55.0,1.0,93.80969019439986,67.23907515965129,6,2,0.4,2
369,-0.4712041884816754,-55.0,1.0,73.74899096440053,57.60634017693062,5,0,0.45,0
370,0.4712041884816754,-55.0,1.0,68.48166729043417,52.597253973841106,4,0,0.5,0
371,1.4136125654450262,-55.0,1.0,71.21715834558839,81.52406652093507,7,0,0.42857142857142855,0
372,2.356020942408377,-55.0,1.0,76.12465143621223,60.64042777902684,2,0,0.5,0
373,-14.607329842931941,-53.75,1.0,238.5363311714641,118.32896954723762,1,10,0.2916666666666667,38
374,-13.664921465968591,-53.75,1.0,260.0820457221422,113.82988330454273,3,10,0.22727272727272727,29
375,-12.72251308900524,-53.75,1.0,235.55669338022534,57.678959121917025,6,4,0.3392857142857143,8
376,-11.780104712041888,-53.75,1.0,214.65877469485676,72.47846819034785,6,6,0.2,9
377,-10.837696335078537,-53.75,1.0,194.15278144511512,38.65727027961901,7,2,0.3333333333333333,3
378,-9.895287958115185,-53.75,1.0,180.93486429465293,35.238575408547916,6,2,0.3,3
379,-8.952879581151834,-53.75,1.0,207.45473057240704,99.28309514505719,6,13,0.208955223880597,61
380,-8.010471204188482,-53.75,1.0,243.08540665066946,107.53460042026049,6,11,0.24519230769230768,41
381,-7.0680628272251305,-53.75,1.0,235.37818342606909,70.17568133527426,9,6,0.2692307692307692,16
382,-6.12565445026178,-53.75,1.0,223.8327322400914,59.98227331311369,8,7,0.22435897435897437,20
383,-5.183246073298429,-53.75,1.0,209.90520324775673,39.13090753054523,9,4,0.3181818181818182,8
384,-4.2408376963350785,-53.75,1.0,180.39694275163137,38.37117620262936,10,2,0.34444444444444444,2
385,-3.298429319371728,-53.75,1.0,131.96731466486116,10.156983453123033,9,0,0.3888888888888889,0
386,-2.356020942408377,-53.75,1.0,96.63186029614702,43.522940929340116,8,0,0.35714285714285715,0
387,-1.4136125654450262,-53.75,1.0,68.10962357637563,41.76013581775602,5,0,0.35,0
388,-0.4712041884816754,-53.75,1.0,56.361965421399546,40.222276449959345,3,0,0.5,0
389,0.4712041884816754,-53.75,1.0,54.99761691490643,36.93769484655811,2,0,0.5,0
390,1.4136125654450262,-53.75,1.0,61.01126228593511,27.517362731985916,2,0,0.5,0
391,2.356020942408377,-53.75,1.0,67.35181882113858,42.69216640026425,0,0,0.0,0
392,-13.664921465968591,-52.5,1.0,252.8664599737432,118.88875537572268,1,11,0.26666666666666666,44
393,-12.72251308900524,-52.5,1.0,243.93580888485457,73.55587975203444,2,6,0.36666666666666664,17
394,-11.780104712041888,-52.5,1.0,231.63631865529388,90.79362851233948,3,8,0.2361111111111111,24
395,-10.837696335078537,-52.5,1.0,221.1345328490265,70.2884050790761,4,7,0.25,21
396,-9.895287958115185,-52.5,1.0,210.6273235967697,85.29617000512377,3,9,0.26666666666666666,33
397,-8.952879581151834,-52.5,1.0,229.23435094032757,108.0984555798578,5,10,0.2727272727272727,41
398,-8.010471204188482,-52.5,1.0,246.4634976748405,95.92784497190814,5,8,0.3425925925925926,26
399,-7.0680628272251305,-52.5,1.0,235.12347472669703,35.04876752082356,7,2,0.5,3
400,-6.12565445026178,-52.5,1.0,212.30048708402495,26.4636493172504,9,1,0.39285714285714285,1
401,-5.183246073298429,-52.5,1.0,204.05414675927875,90.77954002498731,8,6,0.2196969696969697,15
402,-4.2408376963350785,-52.5,1.0,171.4137180083908,70.12952703936905,7,6,0.20909090909090908,8
403,-3.298429319371728,-52.5,1.0,129.28660329206744,17.2729017361587,7,0,0.3333333333333333,0
404,-2.356020942408377,-52.5,1.0,89.31801200694007,75.60895939064967,5,0,0.5,0
405,-1.4136125654450262,-52.5,1.0,64.2680466836352,14.59328210246103,6,0,0.4,0
406,-0.4712041884816754,-52.5,1.0,50.18005676472032,36.53054196625064,3,0,0.5,0
407,0.4712041884816754,-52.5,1.0,55.42422405997724,27.057097248299797,1,0,0.0,0
408,-8.952879581151834,-51.25,1.0,198.3543468391038,17.438051292588625,3,0,0.5,0
409,-8.010471204188482,-51.25,1.0,215.79846949681226,48.960145227572845,5,2,0.5,3
410,-7.0680628272251305,-51.25,1.0,220.38847897335032,33.07252582000109,6,1,0.55,1
411,-5.183246073298429,-51.25,1.0,210.21609201102126,54.68689876350625,6,3,0.30952380952380953,5
412,-4.2408376963350785,-51.25,1.0,181.8596353437818,31.276673793798317,5,2,0.4,2
413,-3.298429319371728,-51.25,1.0,132.29516961977998,1.8918081804976041,6,0,0.36666666666666664,0
414,-2.356020942408377,-51.25,1.0,88.09104306861732,23.730809882541458,6,0,0.3,0
415,-3.298429319371728,-50.0,1.0,127.33902344051084,6.5189163146047635,4,0,0.4166666666666667,0
0,-6.12565445026178,-78.75,1.14,96.21177063348829,37.928050492552295,8,3,0.5694444444444444,6
1,-5.183246073298429,-78.75,1.14,107.11995841387846,61.44274153220947,10,6,0.4010989010989011,18
2,-4.2408376963350785,-78.75,1.14,119.61012129520319,56.126092478934886,8,4,0.43333333333333335,9
3,-3.298429319371728,-78.75,1.14,122.5627915839189,44.04721066707506,5,3,0.36666666666666664,6
4,-2.356020942408377,-78.75,1.14,144.99443794011034,83.33274736767635,3,10,0.3090909090909091,46
5,-1.4136125654450262,-78.75,1.14,173.3493362549905,77.31035988719668,3,9,0.34444444444444444,36
6,-8.952879581151834,-77.5,1.14,164.32405518873853,92.10005919527511,8,20,0.40654205607476634,159
7,-8.010471204188482,-77.5,1.14,128.10943139451717,81.85228498103028,9,13,0.43617021276595747,67
8,-7.0680628272251305,-77.5,1.14,129.50977873725702,68.50252300562684,10,6,0.5,20
9,-6.12565445026178,-77.5,1.14,163.57010084869935,45.41674202059107,12,7,0.4264705882352941,25
10,-5.183246073298429,-77.5,1.14,193.46256656420044,86.26535531609804,14,13,0.31833333333333336,64
11,-4.2408376963350785,-77.5,1.14,167.53448110788244,108.54770239282648,16,13,0.27635327635327633,56
12,-3.298429319371728,-77.5,1.14,160.19892464484445,62.05001605834543,14,4,0.4041666666666667,9
13,-2.356020942408377,-77.5,1.14,163.17363005615638,71.87437153572274,11,6,0.23809523809523808,19
14,-1.4136125654450262,-77.5,1.14,186.44200676788728,50.959671334184556,4,6,0.44642857142857145,20
15,-0.4712041884816754,-77.5,1.14,194.72483744032016,59.61396797756894,4,8,0.32222222222222224,24
16,0.4712041884816754,-77.5,1.14,187.4020149526081,63.47062283825821,3,5,0.36666666666666664,9
17,-10.837696335078537,-76.25,1.14,212.40111097321136,76.95696470234975,7,37,0.27044392523364486,361
18,-9.895287958115185,-76.25,1.14,250.2427648552484,71.80213008583418,8,33,0.27168021680216803,274
19,-8.952879581151834,-76.25,1.14,279.89534282789896,53.10598586132156,10,17,0.38294314381270905,110
20,-8.010471204188482,-76.25,1.14,179.9003213358851,92.8633046680815,12,12,0.41956521739130437,54
21,-7.0680628272251305,-76.25,1.14,138.5172126236729,88.45807560471194,15,3,0.45416666666666666,6
22,-6.12565445026178,-76.25,1.14,170.20313393635234,64.89080055839335,20,3,0.3880952380952381,6
23,-5.183246073298429,-76.25,1.14,201.51947290751207,112.4728416920475,19,11,0.3201058201058201,47
24,-4.2408376963350785,-76.25,1.14,182.97130696360014,117.14309519423414,18,12,0.29365079365079366,50
25,-3.298429319371728,-76.25,1.14,169.20922957259688,116.50741304143409,15,10,0.3438735177865613,34
26,-2.356020942408377,-76.25,1.14,155.61074043485456,113.06229073138418,18,8,0.29891304347826086,24
27,-1.4136125654450262,-76.25,1.14,144.59011215566858,109.30401319410298,13,5,0.30833333333333335,12
28,-0.4712041884816754,-76.25,1.14,143.19177666469378,86.6479134688032,9,4,0.3181818181818182,9
29,0.4712041884816754,-76.25,1.14,151.60835027730778,80.80406427662236,7,5,0.32222222222222224,7
30,1.4136125654450262,-76.25,1.14,134.77828314404442,15.737728442521382,4,0,0.5,0
31,-13.664921465968591,-75.0,1.14,74.02388659870871,32.6716973754607,3,2,0.5,4
32,-12.72251308900524,-75.0,1.14,173.46390460032234,64.18893142394124,9,21,0.3409090909090909,178
33,-11.780104712041888,-75.0,1.14,300.5602912063945,61.98366047995481,7,42,0.2196478220574606,416
34,-10.837696335078537,-75.0,1.14,375.91260432720753,56.356137813195424,9,28,0.2946127946127946,243
35,-9.895287958115185,-75.0,1.14,294.2316874031354,80.30717585668128,15,25,0.2905982905982906,175
36,-8.952879581151834,-75.0,1.14,221.24078305968283,56.9409791863242,18,3,0.4269005847953216,6
37,-8.010471204188482,-75.0,1.14,168.93069474236486,93.09986135174239,21,4,0.40711462450592883,10
38,-7.0680628272251305,-75.0,1.14,170.67834584773863,115.3388465708505,23,6,0.36894586894586895,17
39,-6.12565445026178,-75.0,1.14,191.888496975671,112.61746407434477,22,7,0.349002849002849,25
40,-5.183246073298429,-75.0,1.14,184.61238411654995,111.10810107048371,22,7,0.34045584045584043,24
41,-4.2408376963350785,-75.0,1.14,174.29178853468122,110.79482947026015,19,8,0.31833333333333336,29
42,-3.298429319371728,-75.0,1.14,169.96219027324884,110.76397792518667,18,9,0.295,32
43,-2.356020942408377,-75.0,1.14,149.81511184918588,108.35039795783906,15,6,0.34210526315789475,15
44,-1.4136125654450262,-75.0,1.14,131.4154095919866,107.55617521205123,16,5,0.3684210526315789,11
45,-0.4712041884816754,-75.0,1.14,109.50137514915312,103.73538507854893,11,4,0.358974358974359,6
46,0.4712041884816754,-75.0,1.14,85.6271872077191,102.40878380217555,12,3,0.26282051282051283,3
47,1.4136125654450262,-75.0,1.14,78.35147336314999,48.05232804426669,8,0,0.42857142857142855,0
48,2.356020942408377,-75.0,1.14,78.44167066106255,9.226587935580827,3,0,0.5,0
49,-14.607329842931941,-73.75,1.14,94.51647025606188,39.80147786129237,6,6,0.5813953488372093,23
50,-13.664921465968591,-73.75,1.14,178.39047131990512,65.22604629442499,6,15,0.3911764705882353,96
51,-12.72251308900524,-73.75,1.14,380.524328098614,75.54701897743789,8,42,0.21960958296362024,436
52,-11.780104712041888,-73.75,1.14,376.4924948803969,83.26428612393532,11,33,0.2264808362369338,234
53,-10.837696335078537,-73.75,1.14,293.8858633249443,96.25537521181391,15,15,0.3492063492063492,69
54,-9.895287958115185,-73.75,1.14,235.49419006032306,110.16619385637172,19,10,0.36894586894586895,36
55,-8.952879581151834,-73.75,1.14,198.33128499922734,110.50355991055004,21,7,0.37846153846153846,22
56,-8.010471204188482,-73.75,1.14,179.80641628714946,100.51762544961092,22,5,0.3883333333333333,13
57,-7.0680628272251305,-73.75,1.14,190.84754353103025,110.06290399958716,23,8,0.31896551724137934,29
58,-6.12565445026178,-73.75,1.14,202.1977795914542,113.74037332472955,21,8,0.301994301994302,30
59,-5.183246073298429,-73.75,1.14,191.24635015427734,106.28912635963871,20,7,0.2916666666666667,24
60,-4.2408376963350785,-73.75,1.14,172.84492419718276,110.02716486481906,13,9,0.24210526315789474,36
61,-3.298429319371728,-73.75,1.14,168.48909359761714,110.89683905643125,13,8,0.25146198830409355,28
62,-2.356020942408377,-73.75,1.14,147.114460033915,108.64608771064377,12,5,0.30952380952380953,12
63,-1.4136125654450262,-73.75,1.14,123.05844293774976,94.27319299877047,10,3,0.38181818181818183,5
64,-0.4712041884816754,-73.75,1.14,98.95942620737868,104.82697037298855,11,3,0.36363636363636365,3
65,0.4712041884816754,-73.75,1.14,72.63147113835228,103.6846277590124,7,0,0.4523809523809524,0
66,1.4136125654450262,-73.75,1.14,42.76336581030195,98.04914802039458,4,0,0.5,0
67,-14.607329842931941,-72.5,1.14,170.0505206705992,52.316557012217295,4,34,0.3365231259968102,394
68,-13.664921465968591,-72.5,1.14,306.03498992402547,67.17194000136008,5,29,0.3367139959432049,300
69,-12.72251308900524,-72.5,1.14,422.5532282361159,71.92111348527733,10,28,0.26391096979332274,208
70,-11.780104712041888,-72.5,1.14,345.05130523232674,96.52306762456107,14,17,0.3592592592592593,97
71,-10.837696335078537,-72.5,1.14,245.7793554396066,113.88451130205486,15,8,0.4452380952380952,33
72,-9.895287958115185,-72.5,1.14,213.08268263765146,119.3202054023277,18,10,0.33692307692307694,43
73,-8.952879581151834,-72.5,1.14,210.83668426917617,118.71253268243917,17,9,0.33695652173913043,35
74,-8.010471204188482,-72.5,1.14,206.23167187964887,58.34643180904701,12,3,0.44871794871794873,6
75,-7.0680628272251305,-72.5,1.14,199.77393009531883,86.94098375495776,14,5,0.3272058823529412,14
76,-6.12565445026178,-72.5,1.14,201.9794872145267,116.73406669493251,12,9,0.22514619883040934,36
77,-5.183246073298429,-72.5,1.14,194.14247846376244,112.61776092898688,8,9,0.23809523809523808,37
78,-4.2408376963350785,-72.5,1.14,184.64349552107,98.19615311071232,7,8,0.26282051282051283,29
79,-3.298429319371728,-72.5,1.14,178.33958247285486,108.73034927612039,8,7,0.25,23
80,-2.356020942408377,-72.5,1.14,171.89640157323686,102.15621446791924,7,6,0.2727272727272727,18
81,-1.4136125654450262,-72.5,1.14,153.17680800509342,104.4955987089297,7,5,0.25555555555555554,12
82,-0.4712041884816754,-72.5,1.14,120.06573793397001,102.97492858029513,6,4,0.17857142857142858,6
83,0.4712041884816754,-72.5,1.14,88.90203233525025,101.24092336497334,3,0,0.16666666666666666,0
84,1.4136125654450262,-72.5,1.14,59.649424895359346,100.54579026584592,0,0,0.0,0
85,-14.607329842931941,-71.25,1.14,218.58975435768045,57.14859862994385,5,43,0.2691561590688652,508
86,-13.664921465968591,-71.25,1.14,385.3257291087823,90.27253297382154,6,44,0.2531138790035587,502
87,-12.72251308900524,-71.25,1.14,393.29478954372496,66.51610950701657,10,20,0.3673740053050398,142
88,-11.780104712041888,-71.25,1.14,277.12370586951573,108.65426110083534,13,12,0.4027777777777778,64
89,-10.837696335078537,-71.25,1.14,213.4212338444107,114.36559085213185,17,11,0.31076923076923074,52
90,-9.895287958115185,-71.25,1.14,205.2465452828704,117.60343371429563,12,10,0.27631578947368424,39
91,-8.952879581151834,-71.25,1.14,211.72891095411563,103.78933605488636,10,8,0.2708333333333333,26
92,-8.010471204188482,-71.25,1.14,199.30886148538514,40.21389116804349,5,2,0.4,3
93,-7.0680628272251305,-71.25,1.14,192.65508982541576,105.44450770944283,6,8,0.23484848484848486,30
94,-6.12565445026178,-71.25,1.14,195.10132681615758,116.28888416654482,7,9,0.23626373626373626,38
95,-5.183246073298429,-71.25,1.14,194.8809837351618,114.18747571857735,7,9,0.25274725274725274,38
96,-4.2408376963350785,-71.25,1.14,192.15611557072296,109.2500132585962,7,8,0.26282051282051283,28
97,-3.298429319371728,-71.25,1.14,192.22153684846106,111.69388573249914,7,8,0.2692307692307692,28
98,-2.356020942408377,-71.25,1.14,197.80160600839446,106.2114512502926,8,8,0.21428571428571427,27
99,-1.4136125654450262,-71.25,1.14,189.26057417066096,106.90818501693661,9,5,0.25,13
100,-0.4712041884816754,-71.25,1.14,164.50869708412938,103.0942815358867,6,5,0.2222222222222222,12
101,0.4712041884816754,-71.25,1.14,127.3106471400647,101.04235491889995,4,3,0.2,4
102,1.4136125654450262,-71.25,1.14,83.5518262838062,91.26954532359595,2,0,0.5,0
103,-13.664921465968591,-70.0,1.14,436.1043273111142,76.98763212940638,6,32,0.3118022328548644,317
104,-12.72251308900524,-70.0,1.14,350.4853792103172,66.97400002032879,11,8,0.4338235294117647,32
105,-11.780104712041888,-70.0,1.14,227.98549358175597,102.56155821606404,14,10,0.3398268398268398,44
106,-10.837696335078537,-70.0,1.14,186.93403144689668,73.54126777755853,13,4,0.37142857142857144,10
107,-9.895287958115185,-70.0,1.14,196.06929348985975,116.61084918974623,7,10,0.1761904761904762,39
108,-8.952879581151834,-70.0,1.14,198.072208220353,78.97091666199418,5,6,0.25,17
109,-8.010471204188482,-70.0,1.14,192.6693376754714,63.51887606007848,4,3,0.4,6
110,-7.0680628272251305,-70.0,1.14,192.5554167601089,111.32877547032129,7,8,0.21153846153846154,29
111,-6.12565445026178,-70.0,1.14,197.01140695925878,114.44592991779125,8,9,0.21904761904761905,38
112,-5.183246073298429,-70.0,1.14,205.45115523597332,112.19581709930362,6,9,0.28205128205128205,37
113,-4.2408376963350785,-70.0,1.14,198.0649397508461,99.33754655091784,8,7,0.28846153846153844,24
114,-3.298429319371728,-70.0,1.14,207.50346736571467,107.11753218061801,9,8,0.24761904761904763,31
115,-2.356020942408377,-70.0,1.14,216.30171999669435,109.7453851938752,8,8,0.24175824175824176,31
116,-1.4136125654450262,-70.0,1.14,226.49216704758402,104.51748268564864,6,8,0.25,32
117,-0.4712041884816754,-70.0,1.14,221.12144378450594,101.95253305671137,6,8,0.22727272727272727,31
118,0.4712041884816754,-70.0,1.14,206.77885683118134,103.22399122332321,5,8,0.21818181818181817,30
119,1.4136125654450262,-70.0,1.14,156.50839361558127,101.84080252975181,4,3,0.25,6
120,-15.549738219895294,-68.75,1.14,355.31008604423425,100.5683377586755,5,37,0.2544987146529563,377
121,-14.607329842931941,-68.75,1.14,423.17415275780905,84.59345440091637,6,32,0.28264331210191085,297
122,-13.664921465968591,-68.75,1.14,459.1140149773778,89.50673356603387,10,29,0.23834586466165414,204
123,-12.72251308900524,-68.75,1.14,298.2595134006478,91.06249812611162,13,10,0.3357142857142857,40
124,-11.780104712041888,-68.75,1.14,210.23032310108766,58.10767160695547,14,4,0.3333333333333333,7
125,-10.837696335078537,-68.75,1.14,191.3397644390168,37.121820615027794,8,0,0.4107142857142857,0
126,-9.895287958115185,-68.75,1.14,192.51893629405333,92.22253864151594,6,7,0.19090909090909092,19
127,-8.952879581151834,-68.75,1.14,187.66677669509497,31.782946517972206,3,1,0.4166666666666667,1
128,-8.010471204188482,-68.75,1.14,198.9638524835601,112.40080164905501,4,10,0.20454545454545456,41
129,-7.0680628272251305,-68.75,1.14,204.91073449287882,114.86312276413199,5,8,0.2818181818181818,32
130,-6.12565445026178,-68.75,1.14,200.09697336848686,112.53309716167797,5,9,0.30303030303030304,38
131,-5.183246073298429,-68.75,1.14,204.01426980748943,110.2628238608661,7,9,0.25824175824175827,35
132,-4.2408376963350785,-68.75,1.14,209.3706370461326,108.77924671727368,8,10,0.25416666666666665,47
133,-3.298429319371728,-68.75,1.14,224.87728487995085,109.99844023201706,10,10,0.238562091503268,48
134,-2.356020942408377,-68.75,1.14,249.9646137309822,108.7763472813382,9,12,0.23976608187134502,68
135,-1.4136125654450262,-68.75,1.14,275.8105826409282,106.8871905413772,7,15,0.25263157894736843,93
136,-0.4712041884816754,-68.75,1.14,296.4612094079845,103.32732709623244,6,15,0.2573099415204678,89
137,0.4712041884816754,-68.75,1.14,290.2202643113782,100.82136365068769,5,12,0.2714285714285714,56
138,1.4136125654450262,-68.75,1.14,257.2377377089209,99.76041197816792,5,6,0.3055555555555556,18
139,2.356020942408377,-68.75,1.14,195.02526685618344,103.42415024004114,5,2,0.4,3
140,-16.492146596858646,-67.5,1.14,305.29168599471825,63.3093752183932,3,15,0.3375,95
141,-15.549738219895294,-67.5,1.14,377.86015364291615,59.684128244737934,6,15,0.347953216374269,82
142,-14.607329842931941,-67.5,1.14,318.17955149681177,84.36334196716432,11,9,0.34539473684210525,37
143,-13.664921465968591,-67.5,1.14,281.56894175656987,96.19014072983505,14,6,0.3137254901960784,17
144,-12.72251308900524,-67.5,1.14,248.16100082090037,111.67852968044043,10,9,0.22058823529411764,28
145,-11.780104712041888,-67.5,1.14,202.47088754259687,111.7705396482359,8,9,0.1761904761904762,22
146,-10.837696335078537,-67.5,1.14,206.37553413836812,66.53460359052688,7,5,0.24444444444444444,8
147,-9.895287958115185,-67.5,1.14,195.98464643078847,11.896214098533274,5,0,0.45,0
148,-8.952879581151834,-67.5,1.14,179.5920281195782,67.26092123273934,5,3,0.3,6
149,-8.010471204188482,-67.5,1.14,191.43054928235014,112.77430307670258,7,9,0.2032967032967033,36
150,-7.0680628272251305,-67.5,1.14,201.54614765484473,111.82745657346909,6,9,0.2564102564102564,38
151,-6.12565445026178,-67.5,1.14,203.63388483374328,112.19116717341646,6,9,0.28846153846153844,38
152,-5.183246073298429,-67.5,1.14,206.4579774359054,111.36231828049037,8,8,0.2692307692307692,30
153,-4.2408376963350785,-67.5,1.14,218.70465572939858,108.78331087171671,8,10,0.25833333333333336,46
154,-3.298429319371728,-67.5,1.14,228.44486772111975,108.92581086157573,9,10,0.2757352941176471,52
155,-2.356020942408377,-67.5,1.14,255.05721336268348,109.26868248082114,8,16,0.24458874458874458,99
156,-1.4136125654450262,-67.5,1.14,298.225404111584,108.55153969596962,7,18,0.23715415019762845,103
157,-0.4712041884816754,-67.5,1.14,336.3915194372516,104.42240231293712,8,18,0.23454545454545456,94
158,0.4712041884816754,-67.5,1.14,347.2411056693073,102.58769907221455,8,16,0.25109170305676853,81
159,1.4136125654450262,-67.5,1.14,322.91644425039186,99.81918580469959,7,10,0.28365384615384615,38
160,2.356020942408377,-67.5,1.14,269.8949696431151,99.56786944738812,6,3,0.40476190476190477,6
161,-18.376963350785346,-66.25,1.14,187.5461045747914,96.04906256965036,1,12,0.3,56
162,-17.434554973821996,-66.25,1.14,246.40275827835382,78.29533847007407,2,9,0.375,37
163,-16.492146596858646,-66.25,1.14,319.5854847013277,98.33426259400672,6,21,0.2,111
164,-15.549738219895294,-66.25,1.14,275.36837872389845,105.76529758466047,10,16,0.22727272727272727,73
165,-14.607329842931941,-66.25,1.14,240.15905202071247,118.99142542472859,11,8,0.23897058823529413,28
166,-13.664921465968591,-66.25,1.14,244.165424065844,79.15257238727494,4,9,0.2727272727272727,32
167,-12.72251308900524,-66.25,1.14,231.97279837866873,119.87770519161131,7,7,0.2196969696969697,23
168,-11.780104712041888,-66.25,1.14,217.3571308124013,116.14398996769688,7,9,0.2087912087912088,31
169,-10.837696335078537,-66.25,1.14,210.34778877277307,99.22904937929327,6,8,0.22727272727272727,24
170,-9.895287958115185,-66.25,1.14,198.64437878573477,79.46429743302596,6,5,0.2777777777777778,13
171,-8.952879581151834,-66.25,1.14,193.3053599523562,84.75336335667194,5,6,0.25,18
172,-8.010471204188482,-66.25,1.14,196.07052354378686,110.56921619424435,5,9,0.23484848484848486,35
173,-7.0680628272251305,-66.25,1.14,206.6813071523089,109.68874141522197,5,9,0.2803030303030303,37
174,-6.12565445026178,-66.25,1.14,210.12101042476553,110.91636267339715,6,10,0.26373626373626374,41
175,-5.183246073298429,-66.25,1.14,216.94870030386326,110.19383393193903,8,8,0.27472527472527475,30
176,-4.2408376963350785,-66.25,1.14,230.7023467326563,110.65564032596147,10,10,0.23202614379084968,45
177,-3.298429319371728,-66.25,1.14,241.678994626506,109.74338148383698,9,12,0.25146198830409355,63
178,-2.356020942408377,-66.25,1.14,240.46548336739224,111.08991145200946,8,11,0.30514705882352944,55
179,-1.4136125654450262,-66.25,1.14,254.8695981469197,109.39976429392118,10,16,0.21195652173913043,73
180,-0.4712041884816754,-66.25,1.14,281.0629611460873,107.84365307452407,9,16,0.23122529644268774,64
181,0.4712041884816754,-66.25,1.14,281.7502945241935,104.6169716743958,9,16,0.2134387351778656,51
182,1.4136125654450262,-66.25,1.14,263.06593050492,95.74626981293329,8,10,0.2916666666666667,26
183,2.356020942408377,-66.25,1.14,209.93251703926467,100.07665329857205,9,3,0.35555555555555557,4
184,-18.376963350785346,-65.0,1.14,192.264836212752,111.25418760198227,3,9,0.32222222222222224,33
185,-17.434554973821996,-65.0,1.14,186.91648401204864,52.62109727472198,5,3,0.43333333333333335,5
186,-16.492146596858646,-65.0,1.14,194.93199035203963,109.50888967833015,9,5,0.3,12
187,-15.549738219895294,-65.0,1.14,203.76324969590442,92.50070319620457,5,5,0.2037037037037037,13
188,-14.607329842931941,-65.0,1.14,217.75249471236273,100.31519809605221,4,8,0.2,28
189,-13.664921465968591,-65.0,1.14,223.42069736893083,95.70937501995654,4,6,0.2857142857142857,20
190,-12.72251308900524,-65.0,1.14,222.3374531763604,96.02004947438,5,7,0.24444444444444444,23
191,-11.780104712041888,-65.0,1.14,211.1061888470663,110.34880430975664,6,8,0.1893939393939394,23
192,-10.837696335078537,-65.0,1.14,204.38280234998007,77.28179844778634,5,4,0.23809523809523808,6
193,-9.895287958115185,-65.0,1.14,192.44073172276592,28.315973279537562,4,0,0.3333333333333333,0
194,-8.952879581151834,-65.0,1.14,188.44778588078606,63.7508804621944,4,3,0.1,6
195,-8.010471204188482,-65.0,1.14,194.8434321951984,97.14248731819632,4,7,0.20833333333333334,23
196,-7.0680628272251305,-65.0,1.14,202.2971034273876,95.16966015368071,6,7,0.23636363636363636,24
197,-6.12565445026178,-65.0,1.14,207.97923809771436,110.68673276717885,6,8,0.26515151515151514,30
198,-5.183246073298429,-65.0,1.14,222.20987802134937,103.25633397448252,8,7,0.27564102564102566,24
199,-4.2408376963350785,-65.0,1.14,244.5398448268868,101.93440962686957,9,8,0.2523809523809524,30
200,-3.298429319371728,-65.0,1.14,241.3115538649714,99.87929393661203,9,9,0.26666666666666666,39
201,-2.356020942408377,-65.0,1.14,227.0562359300827,113.0173757900024,10,10,0.2647058823529412,44
202,-1.4136125654450262,-65.0,1.14,222.71039119345005,109.12996860287184,11,11,0.2578947368421053,39
203,-0.4712041884816754,-65.0,1.14,194.06584484529037,108.67656111866849,11,8,0.31985294117647056,24
204,0.4712041884816754,-65.0,1.14,180.71703401580803,105.0174914134223,11,8,0.33455882352941174,21
205,1.4136125654450262,-65.0,1.14,158.90521488404158,106.23120212776848,11,7,0.32916666666666666,13
206,-20.261780104712045,-63.75,1.14,131.9500055283422,62.84745167620713,2,3,1.0,8
207,-19.319371727748695,-63.75,1.14,126.83575355541927,79.04668276205388,5,4,0.3157894736842105,10
208,-18.376963350785346,-63.75,1.14,116.1005048222907,92.33911641388677,7,3,0.3333333333333333,6
209,-17.434554973821996,-63.75,1.14,124.78755217981467,42.34534224238954,6,0,0.26666666666666666,0
210,-16.492146596858646,-63.75,1.14,154.54889324230535,112.2820685440098,2,5,0.16666666666666666,11
211,-15.549738219895294,-63.75,1.14,186.10410890005596,110.41868953671023,3,4,0.15,9
212,-14.607329842931941,-63.75,1.14,197.45262164030788,115.2418601921938,4,6,0.19642857142857142,18
213,-13.664921465968591,-63.75,1.14,198.21919236255786,103.22687668669872,3,6,0.2619047619047619,16
214,-12.72251308900524,-63.75,1.14,188.71981156706067,118.18643589599513,6,6,0.2,14
215,-11.780104712041888,-63.75,1.14,193.19883444275192,44.577998026478376,4,1,0.3,1
216,-10.837696335078537,-63.75,1.14,196.0132859912337,95.27276399237714,4,5,0.11904761904761904,7
217,-9.895287958115185,-63.75,1.14,197.15805166146106,33.19592907418919,1,1,0.5,0
218,-8.952879581151834,-63.75,1.14,180.2229136715444,10.796109845416513,2,0,0.5,0
219,-8.010471204188482,-63.75,1.14,176.99007811207758,39.97128243321551,2,2,0.5,3
220,-7.0680628272251305,-63.75,1.14,191.48864502414727,84.74114329257544,4,7,0.20833333333333334,20
221,-6.12565445026178,-63.75,1.14,207.095887406023,111.92649463288063,5,7,0.28888888888888886,24
222,-5.183246073298429,-63.75,1.14,233.23078690834797,107.96030246336431,9,8,0.21904761904761905,30
223,-4.2408376963350785,-63.75,1.14,250.23502544813974,88.80970472350916,8,7,0.27564102564102566,24
224,-3.298429319371728,-63.75,1.14,232.62089915036202,113.66665572133704,8,10,0.25,45
225,-2.356020942408377,-63.75,1.14,223.40144385667747,111.58456478336299,9,10,0.25,42
226,-1.4136125654450262,-63.75,1.14,208.17148637535394,110.03694666949905,12,10,0.25,36
227,-0.4712041884816754,-63.75,1.14,162.66942002512906,112.94654144834516,13,7,0.3006535947712418,16
228,0.4712041884816754,-63.75,1.14,128.95471478263937,108.90697395181331,13,4,0.3523809523809524,6
229,1.4136125654450262,-63.75,1.14,113.34420014057689,109.36993269465083,12,4,0.3791208791208791,5
230,3.298429319371728,-63.75,1.14,83.33344753603464,101.34523055810742,11,1,0.36666666666666664,1
231,-19.319371727748695,-62.5,1.14,70.64060904560326,50.3268772533282,0,0,0.0,0
232,-18.376963350785346,-62.5,1.14,73.53752732305279,26.762416653029558,0,0,0.0,0
233,-17.434554973821996,-62.5,1.14,102.88651917476639,17.611900017119915,1,0,0.0,0
234,-16.492146596858646,-62.5,1.14,141.30476599726782,91.47355386611507,1,4,0.0,6
235,-15.549738219895294,-62.5,1.14,166.44905424118062,85.94629038419762,2,3,0.16666666666666666,6
236,-14.607329842931941,-62.5,1.14,172.4792736637826,104.66980884406642,3,6,0.21428571428571427,17
237,-13.664921465968591,-62.5,1.14,176.3029886465159,120.59177040281206,4,5,0.2619047619047619,11
238,-12.72251308900524,-62.5,1.14,178.09592024481606,119.9741913021936,5,6,0.18055555555555555,12
239,-11.780104712041888,-62.5,1.14,164.51643103267685,40.62516273632613,3,0,0.5,0
240,-10.837696335078537,-62.5,1.14,179.68226766829872,55.09518773172763,2,2,0.0,2
241,-9.895287958115185,-62.5,1.14,192.775547035902,1.3816664121780313,1,0,0.0,0
242,-8.952879581151834,-62.5,1.14,181.42141375584393,38.46217068580411,1,2,0.0,3
243,-8.010471204188482,-62.5,1.14,175.8384940850682,50.56752835327289,2,3,0.0,4
244,-7.0680628272251305,-62.5,1.14,183.09650309921992,20.377652965660236,2,0,0.0,0
245,-6.12565445026178,-62.5,1.14,209.57322945284284,77.52313429816422,3,7,0.30357142857142855,24
246,-5.183246073298429,-62.5,1.14,238.6765630152554,113.8392933943521,7,11,0.1625,35
247,-4.2408376963350785,-62.5,1.14,256.00066180148707,78.85333761490821,7,7,0.25757575757575757,20
248,-3.298429319371728,-62.5,1.14,253.15216535989902,109.11218493087259,8,11,0.1948529411764706,43
249,-2.356020942408377,-62.5,1.14,262.92717602075487,110.2112116205498,8,12,0.22875816993464052,56
250,-1.4136125654450262,-62.5,1.14,239.9486945290042,97.30373975392381,9,8,0.2904761904761905,25
251,-0.4712041884816754,-62.5,1.14,174.83545979924588,112.34635262331908,12,6,0.30416666666666664,12
252,0.4712041884816754,-62.5,1.14,128.11991383952338,112.39025797733557,12,2,0.4015151515151515,2
253,1.4136125654450262,-62.5,1.14,96.04535749158735,108.6509808557055,13,1,0.35714285714285715,0
254,2.356020942408377,-62.5,1.14,84.94221741295878,107.00968202064404,11,1,0.4393939393939394,0
255,3.298429319371728,-62.5,1.14,57.12234122915262,105.03440754662734,9,1,0.4222222222222222,0
256,-18.376963350785346,-61.25,1.14,80.56303142433352,75.40660429660802,0,0,0.0,0
257,-17.434554973821996,-61.25,1.14,105.86873416946013,68.71014840014165,0,0,0.0,0
258,-16.492146596858646,-61.25,1.14,126.34730900052946,58.287635010360255,0,0,0.0,0
259,-15.549738219895294,-61.25,1.14,139.05677692141614,62.41629649407698,1,1,0.0,1
260,-14.607329842931941,-61.25,1.14,155.47995373974004,111.10793419643129,2,5,0.25,14
261,-13.664921465968591,-61.25,1.14,166.85269596085095,115.76532218894145,3,5,0.16666666666666666,10
262,-12.72251308900524,-61.25,1.14,164.65609056203988,31.556438068828868,1,0,0.0,0
263,-11.780104712041888,-61.25,1.14,159.92091093001034,19.729837036735148,1,0,0.0,0
264,-10.837696335078537,-61.25,1.14,171.07614067911453,53.01744498021963,3,2,0.3333333333333333,3
265,-9.895287958115185,-61.25,1.14,189.88947743286283,39.745441286203366,3,2,0.3333333333333333,3
266,-8.952879581151834,-61.25,1.14,194.8158860622721,63.85492755472004,3,5,0.2,14
267,-8.010471204188482,-61.25,1.14,195.96579022487813,70.39083369308831,2,5,0.4,14
268,-7.0680628272251305,-61.25,1.14,207.1225179756997,93.04334732015778,4,9,0.17272727272727273,32
269,-6.12565445026178,-61.25,1.14,216.073565913401,85.54952089876039,3,8,0.3055555555555556,30
270,-5.183246073298429,-61.25,1.14,228.09020236714233,93.5747190241108,7,9,0.18681318681318682,28
271,-4.2408376963350785,-61.25,1.14,242.54842354412193,54.054126358287434,7,4,0.3055555555555556,8
272,-3.298429319371728,-61.25,1.14,269.4906955915642,55.43080843740232,7,4,0.3055555555555556,6
273,-2.356020942408377,-61.25,1.14,286.1033722768546,104.49136735159667,9,12,0.195906432748538,51
274,-1.4136125654450262,-61.25,1.14,261.4682289724189,98.11859446824865,8,9,0.26666666666666666,32
275,-0.4712041884816754,-61.25,1.14,204.79289875233803,80.46692121221852,11,4,0.3141025641025641,7
276,0.4712041884816754,-61.25,1.14,141.81389480891633,82.06240626137897,11,1,0.3484848484848485,0
277,1.4136125654450262,-61.25,1.14,91.96494937137906,66.02007933113745,11,0,0.41818181818181815,0
278,2.356020942408377,-61.25,1.14,60.41881353649009,16.93728021770793,10,0,0.43333333333333335,0
279,3.298429319371728,-61.25,1.14,30.12593059493554,74.882211978945,11,0,0.44545454545454544,0
280,4.2408376963350785,-61.25,1.14,16.038464333900468,79.87998486140738,7,0,0.5,0
281,-15.549738219895294,-60.0,1.14,135.211171098691,75.76795284180031,1,3,0.0,5
282,-14.607329842931941,-60.0,1.14,150.85199179175677,68.19443954828832,2,2,0.0,3
283,-13.664921465968591,-60.0,1.14,159.58289377659221,46.14599286890698,1,0,0.0,0
284,-12.72251308900524,-60.0,1.14,160.94882260232274,57.178060749946454,3,2,0.5,3
285,-11.780104712041888,-60.0,1.14,169.15771238214387,94.55669180155377,5,4,0.16666666666666666,7
286,-10.837696335078537,-60.0,1.14,178.04511761675082,107.78535211577777,4,7,0.09722222222222222,15
287,-9.895287958115185,-60.0,1.14,179.7955538896932,59.69730223917784,2,2,0.5,3
288,-8.952879581151834,-60.0,1.14,187.8442195578563,72.37721121703244,3,6,0.23809523809523808,20
289,-8.010471204188482,-60.0,1.14,208.3043758794933,98.88064985334972,6,8,0.23076923076923078,29
290,-7.0680628272251305,-60.0,1.14,214.35694637882855,42.17375230481581,7,3,0.2857142857142857,6
291,-6.12565445026178,-60.0,1.14,219.80013799951857,81.5357744481315,6,8,0.23484848484848486,30
292,-5.183246073298429,-60.0,1.14,224.69142963281016,83.88487425172859,6,8,0.25,27
293,-4.2408376963350785,-60.0,1.14,240.1032038142857,37.45400159225431,7,4,0.2916666666666667,6
294,-3.298429319371728,-60.0,1.14,273.01355560607425,12.793153160208611,6,0,0.36666666666666664,0
295,-2.356020942408377,-60.0,1.14,281.5568739390121,8.718324620020805,5,0,0.4,0
296,-1.4136125654450262,-60.0,1.14,277.68782425599755,61.79128054240939,6,7,0.37272727272727274,25
297,-0.4712041884816754,-60.0,1.14,227.73090791346672,95.0216660544571,9,7,0.2692307692307692,20
298,0.4712041884816754,-60.0,1.14,149.21318181650508,95.8961214757571,8,2,0.35714285714285715,2
299,1.4136125654450262,-60.0,1.14,100.17036615974637,20.07513408073346,7,0,0.42857142857142855,0
300,2.356020942408377,-60.0,1.14,66.99532673684575,56.01682266127521,2,0,0.5,0
301,3.298429319371728,-60.0,1.14,39.342528961643254,84.3193730302943,4,0,0.4166666666666667,0
302,4.2408376963350785,-60.0,1.14,38.78248193690166,86.66431916959745,4,0,0.5,0
303,5.183246073298429,-60.0,1.14,100.97406081939792,94.49778350720638,5,0,0.5,0
304,-13.664921465968591,-58.75,1.14,177.69353116858846,95.20054731160545,2,5,0.2,11
305,-12.72251308900524,-58.75,1.14,181.19805847847465,120.98719589832797,4,5,0.23809523809523808,13
306,-11.780104712041888,-58.75,1.14,173.13088535224455,83.6679431340923,4,4,0.23333333333333334,7
307,-10.837696335078537,-58.75,1.14,167.2187227540506,27.922951560974916,2,0,0.5,0
308,-9.895287958115185,-58.75,1.14,160.9620615067624,16.332808987999858,1,0,0.0,0
309,-8.952879581151834,-58.75,1.14,185.1783515609065,66.47548480017637,3,6,0.3,19
310,-8.010471204188482,-58.75,1.14,222.56427853281556,103.51406661945387,5,14,0.2222222222222222,69
311,-7.0680628272251305,-58.75,1.14,225.04476392648283,60.366420390978725,5,7,0.3111111111111111,25
312,-6.12565445026178,-58.75,1.14,232.4569800263246,102.74517450996375,7,14,0.1783625730994152,60
313,-5.183246073298429,-58.75,1.14,246.58879336397573,108.8173124323238,6,15,0.18128654970760233,58
314,-4.2408376963350785,-58.75,1.14,251.43921501557193,64.56210372768324,7,8,0.24358974358974358,24
315,-3.298429319371728,-58.75,1.14,276.14718893799835,14.066198097472169,5,0,0.4,0
316,-2.356020942408377,-58.75,1.14,280.3043338955716,65.7186135003309,1,9,0.32142857142857145,35
317,-1.4136125654450262,-58.75,1.14,290.7156246221464,97.5735336061658,5,14,0.20588235294117646,59
318,-0.4712041884816754,-58.75,1.14,242.22952245653454,103.56434817840804,8,8,0.2967032967032967,25
319,0.4712041884816754,-58.75,1.14,175.41703163641446,102.09256910669302,8,4,0.37777777777777777,7
320,-13.664921465968591,-57.5,1.14,185.0507909162649,108.55200879259517,1,5,0.3333333333333333,13
321,-12.72251308900524,-57.5,1.14,188.10039217211002,110.33598968258993,5,5,0.16071428571428573,9
322,-11.780104712041888,-57.5,1.14,174.12540623990412,35.54426696422502,3,0,0.5,0
323,-10.837696335078537,-57.5,1.14,167.00490177326034,39.99941345925656,1,2,0.0,2
324,-9.895287958115185,-57.5,1.14,159.3053998278649,8.732038206194902,1,0,0.0,0
325,-8.952879581151834,-57.5,1.14,181.43006762187943,71.89664846736852,3,8,0.27941176470588236,31
326,-8.010471204188482,-57.5,1.14,222.62526099974164,74.33009939762883,5,7,0.3111111111111111,25
327,-7.0680628272251305,-57.5,1.14,237.13996392175292,105.01233187444306,7,12,0.22058823529411764,52
328,-6.12565445026178,-57.5,1.14,233.30303668616335,62.475821497756826,7,7,0.3106060606060606,23
329,-5.183246073298429,-57.5,1.14,249.39564489768938,98.21305428773776,9,13,0.15789473684210525,35
330,-4.2408376963350785,-57.5,1.14,263.46226774057277,88.06951086561445,8,12,0.19281045751633988,32
331,-3.298429319371728,-57.5,1.14,259.5155070405682,52.199757265817475,6,5,0.3194444444444444,13
332,-2.356020942408377,-57.5,1.14,278.2950575639334,90.4874019779775,4,11,0.14102564102564102,30
333,-1.4136125654450262,-57.5,1.14,274.96360781994645,104.44438833739834,6,14,0.1437908496732026,39
334,-0.4712041884816754,-57.5,1.14,224.21239681427707,94.8465265359958,8,7,0.2692307692307692,18
335,0.4712041884816754,-57.5,1.14,164.7237273627214,91.59928958663588,11,5,0.2967032967032967,8
336,1.4136125654450262,-57.5,1.14,130.4631520037248,77.6357044781534,6,0,0.43333333333333335,0
337,-13.664921465968591,-56.25,1.14,219.46146473083027,65.4440552425792,4,3,0.4,6
338,-12.72251308900524,-56.25,1.14,208.17088502060486,74.25933854992863,6,4,0.25,6
339,-11.780104712041888,-56.25,1.14,184.32029631430046,17.19217228962739,3,0,0.5,0
340,-10.837696335078537,-56.25,1.14,163.53027307257963,37.16592588538346,1,2,0.0,2
341,-9.895287958115185,-56.25,1.14,151.4070918826865,1.1233614292967475,1,0,0.0,0
342,-8.952879581151834,-56.25,1.14,181.3675094630916,89.26882901293256,2,8,0.2962962962962963,29
343,-8.010471204188482,-56.25,1.14,220.29041706522008,90.47022423903785,5,11,0.21978021978021978,44
344,-7.0680628272251305,-56.25,1.14,227.23551512317465,61.99448440969995,7,6,0.3181818181818182,18
345,-6.12565445026178,-56.25,1.14,228.17238951199045,54.104893618621006,8,6,0.30303030303030304,17
346,-5.183246073298429,-56.25,1.14,224.2700799725422,44.01643152707458,9,3,0.34444444444444444,6
347,-4.2408376963350785,-56.25,1.14,230.87769046989774,51.458551379886806,6,4,0.39285714285714285,5
348,-3.298429319371728,-56.25,1.14,223.24668324080196,73.27557323518131,7,9,0.1978021978021978,13
349,-2.356020942408377,-56.25,1.14,218.5239279628677,61.6925037066381,9,6,0.1794871794871795,10
350,-1.4136125654450262,-56.25,1.14,179.34717105754333,100.35650435838713,6,6,0.24444444444444444,9
351,-0.4712041884816754,-56.25,1.14,131.71150967166074,97.19013492770245,8,5,0.2636363636363636,7
352,0.4712041884816754,-56.25,1.14,103.62175343608521,91.36788550367486,7,3,0.4107142857142857,3
353,1.4136125654450262,-56.25,1.14,96.37282584626671,101.80818606963936,8,1,0.2777777777777778,0
354,-14.607329842931941,-55.0,1.14,239.38616149236307,100.88737814677475,2,5,0.4,13
355,-13.664921465968591,-55.0,1.14,265.5005946731711,109.16855891636963,4,8,0.2111111111111111,19
356,-12.72251308900524,-55.0,1.14,237.80282891367114,41.28727932219357,6,2,0.3,2
357,-11.780104712041888,-55.0,1.14,190.3830067872286,7.345426453895942,6,0,0.3333333333333333,0
358,-10.837696335078537,-55.0,1.14,165.41380332789197,5.722883635557854,1,0,0.0,0
359,-9.895287958115185,-55.0,1.14,155.68913310958027,8.200628263183741,1,0,0.0,0
360,-8.952879581151834,-55.0,1.14,182.10133349005505,72.01242763568634,3,7,0.3148148148148148,25
361,-8.010471204188482,-55.0,1.14,210.4694349199956,28.923399067141656,6,2,0.36666666666666664,3
362,-7.0680628272251305,-55.0,1.14,218.4850773672449,49.704714358038345,7,4,0.2638888888888889,9
363,-6.12565445026178,-55.0,1.14,223.70824580034989,68.15110479784553,8,7,0.24358974358974358,21
364,-5.183246073298429,-55.0,1.14,222.37827847443108,79.2146629989569,10,8,0.19166666666666668,16
365,-4.2408376963350785,-55.0,1.14,198.46236099814297,28.61412518447318,10,1,0.3194444444444444,1
366,-3.298429319371728,-55.0,1.14,167.82886536679865,27.10617811185362,7,0,0.38095238095238093,0
367,-2.356020942408377,-55.0,1.14,149.55533530937637,34.819175037028565,7,0,0.38095238095238093,0
368,-1.4136125654450262,-55.0,1.14,93.80969019439986,67.23907515965129,6,1,0.45,1
369,-0.4712041884816754,-55.0,1.14,73.74899096440053,57.60634017693062,5,0,0.45,0
370,0.4712041884816754,-55.0,1.14,68.48166729043417,52.597253973841106,4,0,0.5,0
371,1.4136125654450262,-55.0,1.14,71.21715834558839,81.52406652093507,7,0,0.42857142857142855,0
372,2.356020942408377,-55.0,1.14,76.12465143621223,60.64042777902684,1,0,0.0,0
373,-14.607329842931941,-53.75,1.14,238.5363311714641,118.32896954723762,1,8,0.2857142857142857,27
374,-13.664921465968591,-53.75,1.14,260.0820457221422,113.82988330454273,3,8,0.2361111111111111,22
375,-12.72251308900524,-53.75,1.14,235.55669338022534,57.678959121917025,5,3,0.3,5
376,-11.780104712041888,-53.75,1.14,214.65877469485676,72.47846819034785,6,6,0.14444444444444443,9
377,-10.837696335078537,-53.75,1.14,194.15278144511512,38.65727027961901,3,2,0.5,3
378,-9.895287958115185,-53.75,1.14,180.93486429465293,35.238575408547916,5,2,0.2,3
379,-8.952879581151834,-53.75,1.14,207.45473057240704,99.28309514505719,5,11,0.19662921348314608,45
380,-8.010471204188482,-53.75,1.14,243.08540665066946,107.53460042026049,4,11,0.21153846153846154,37
381,-7.0680628272251305,-53.75,1.14,235.37818342606909,70.17568133527426,7,6,0.23636363636363636,14
382,-6.12565445026178,-53.75,1.14,223.8327322400914,59.98227331311369,6,6,0.2111111111111111,13
383,-5.183246073298429,-53.75,1.14,209.90520324775673,39.13090753054523,8,2,0.375,3
384,-4.2408376963350785,-53.75,1.14,180.39694275163137,38.37117620262936,8,2,0.30357142857142855,2
385,-3.298429319371728,-53.75,1.14,131.96731466486116,10.156983453123033,7,0,0.3333333333333333,0
386,-2.356020942408377,-53.75,1.14,96.63186029614702,43.522940929340116,4,0,0.5,0
387,-1.4136125654450262,-53.75,1.14,68.10962357637563,41.76013581775602,4,0,0.3333333333333333,0
388,-0.4712041884816754,-53.75,1.14,56.361965421399546,40.222276449959345,2,0,0.5,0
389,0.4712041884816754,-53.75,1.14,54.99761691490643,36.93769484655811,1,0,0.0,0
390,1.4136125654450262,-53.75,1.14,61.01126228593511,27.517362731985916,1,0,0.0,0
391,2.356020942408377,-53.75,1.14,67.35181882113858,42.69216640026425,0,0,0.0,0
392,-13.664921465968591,-52.5,1.14,252.8664599737432,118.88875537572268,1,8,0.2857142857142857,26
393,-12.72251308900524,-52.5,1.14,243.93580888485457,73.55587975203444,2,4,0.4166666666666667,9
394,-11.780104712041888,-52.5,1.14,231.63631865529388,90.79362851233948,3,6,0.19047619047619047,16
395,-10.837696335078537,-52.5,1.14,221.1345328490265,70.2884050790761,2,4,0.25,8
396,-9.895287958115185,-52.5,1.14,210.6273235967697,85.29617000512377,3,6,0.23809523809523808,18
397,-8.952879581151834,-52.5,1.14,229.23435094032757,108.0984555798578,4,8,0.26136363636363635,27
398,-8.010471204188482,-52.5,1.14,246.4634976748405,95.92784497190814,5,7,0.2777777777777778,17
399,-7.0680628272251305,-52.5,1.14,235.12347472669703,35.04876752082356,6,2,0.4666666666666667,2
400,-6.12565445026178,-52.5,1.14,212.30048708402495,26.4636493172504,6,0,0.4,0
401,-5.183246073298429,-52.5,1.14,204.05414675927875,90.77954002498731,5,6,0.20833333333333334,14
402,-4.2408376963350785,-52.5,1.14,171.4137180083908,70.12952703936905,7,5,0.18888888888888888,6
403,-3.298429319371728,-52.5,1.14,129.28660329206744,17.2729017361587,5,0,0.3,0
404,-2.356020942408377,-52.5,1.14,89.31801200694007,75.60895939064967,5,0,0.45,0
405,-1.4136125654450262,-52.5,1.14,64.2680466836352,14.59328210246103,4,0,0.3333333333333333,0
406,-0.4712041884816754,-52.5,1.14,50.18005676472032,36.53054196625064,1,0,0.0,0
407,0.4712041884816754,-52.5,1.14,55.42422405997724,27.057097248299797,0,0,0.0,0
408,-8.952879581151834,-51.25,1.14,198.3543468391038,17.438051292588625,2,0,0.5,0
409,-8.010471204188482,-51.25,1.14,215.79846949681226,48.960145227572845,5,2,0.5,3
410,-7.0680628272251305,-51.25,1.14,220.38847897335032,33.07252582000109,6,1,0.5,1
411,-5.183246073298429,-51.25,1.14,210.21609201102126,54.68689876350625,5,3,0.26666666666666666,4
412,-4.2408376963350785,-51.25,1.14,181.8596353437818,31.276673793798317,4,1,0.35,0
413,-3.298429319371728,-51.25,1.14,132.29516961977998,1.8918081804976041,3,0,0.3333333333333333,0
414,-2.356020942408377,-51.25,1.14,88.09104306861732,23.730809882541458,2,0,0.5,0
415,-3.298429319371728,-50.0,1.14,127.33902344051084,6.5189163146047635,4,0,0.4166666666666667,0
0,-6.12565445026178,-78.75,1.5,96.21177063348829,37.928050492552295,8,2,0.5,3
1,-5.183246073298429,-78.75,1.5,107.11995841387846,61.44274153220947,7,4,0.3472222222222222,10
2,-4.2408376963350785,-78.75,1.5,119.61012129520319,56.126092478934886,4,3,0.4,5
3,-3.298429319371728,-78.75,1.5,122.5627915839189,44.04721066707506,4,3,0.3,6
4,-2.356020942408377,-78.75,1.5,144.99443794011034,83.33274736767635,2,5,0.3,14
5,-1.4136125654450262,-78.75,1.5,173.3493362549905,77.31035988719668,2,6,0.3333333333333333,19
6,-8.952879581151834,-77.5,1.5,164.32405518873853,92.10005919527511,7,14,0.35502958579881655,69
7,-8.010471204188482,-77.5,1.5,128.10943139451717,81.85228498103028,7,7,0.49230769230769234,27
8,-7.0680628272251305,-77.5,1.5,129.50977873725702,68.50252300562684,9,6,0.4358974358974359,19
9,-6.12565445026178,-77.5,1.5,163.57010084869935,45.41674202059107,10,5,0.4358974358974359,13
10,-5.183246073298429,-77.5,1.5,193.46256656420044,86.26535531609804,11,11,0.2578947368421053,41
11,-4.2408376963350785,-77.5,1.5,167.53448110788244,108.54770239282648,11,8,0.2610294117647059,23
12,-3.298429319371728,-77.5,1.5,160.19892464484445,62.05001605834543,8,2,0.3392857142857143,3
13,-2.356020942408377,-77.5,1.5,163.17363005615638,71.87437153572274,6,4,0.21428571428571427,9
14,-1.4136125654450262,-77.5,1.5,186.44200676788728,50.959671334184556,4,4,0.3333333333333333,10
15,-0.4712041884816754,-77.5,1.5,194.72483744032016,59.61396797756894,3,7,0.25,18
16,0.4712041884816754,-77.5,1.5,187.4020149526081,63.47062283825821,3,5,0.3,9
17,-10.837696335078537,-76.25,1.5,212.40111097321136,76.95696470234975,4,26,0.24867021276595744,173
18,-9.895287958115185,-76.25,1.5,250.2427648552484,71.80213008583418,4,22,0.27090909090909093,133
19,-8.952879581151834,-76.25,1.5,279.89534282789896,53.10598586132156,9,14,0.3349282296650718,68
20,-8.010471204188482,-76.25,1.5,179.9003213358851,92.8633046680815,11,8,0.36764705882352944,22
21,-7.0680628272251305,-76.25,1.5,138.5172126236729,88.45807560471194,12,2,0.4318181818181818,3
22,-6.12565445026178,-76.25,1.5,170.20313393635234,64.89080055839335,13,2,0.4358974358974359,3
23,-5.183246073298429,-76.25,1.5,201.51947290751207,112.4728416920475,13,7,0.3300653594771242,22
24,-4.2408376963350785,-76.25,1.5,182.97130696360014,117.14309519423414,13,6,0.3235294117647059,17
25,-3.298429319371728,-76.25,1.5,169.20922957259688,116.50741304143409,13,5,0.29583333333333334,12
26,-2.356020942408377,-76.25,1.5,155.61074043485456,113.06229073138418,9,4,0.3090909090909091,9
27,-1.4136125654450262,-76.25,1.5,144.59011215566858,109.30401319410298,6,4,0.21428571428571427,8
28,-0.4712041884816754,-76.25,1.5,143.19177666469378,86.6479134688032,7,3,0.21428571428571427,4
29,0.4712041884816754,-76.25,1.5,151.60835027730778,80.80406427662236,6,4,0.25,4
30,1.4136125654450262,-76.25,1.5,134.77828314404442,15.737728442521382,3,0,0.5,0
31,-13.664921465968591,-75.0,1.5,74.02388659870871,32.6716973754607,2,2,0.0,4
32,-12.72251308900524,-75.0,1.5,173.46390460032234,64.18893142394124,7,16,0.27163461538461536,92
33,-11.780104712041888,-75.0,1.5,300.5602912063945,61.98366047995481,3,31,0.20909090909090908,236
34,-10.837696335078537,-75.0,1.5,375.91260432720753,56.356137813195424,6,23,0.2757142857142857,150
35,-9.895287958115185,-75.0,1.5,294.2316874031354,80.30717585668128,12,14,0.286231884057971,52
36,-8.952879581151834,-75.0,1.5,221.24078305968283,56.9409791863242,15,2,0.3786764705882353,3
37,-8.010471204188482,-75.0,1.5,168.93069474236486,93.09986135174239,19,3,0.3631578947368421,6
38,-7.0680628272251305,-75.0,1.5,170.67834584773863,115.3388465708505,19,4,0.34285714285714286,10
39,-6.12565445026178,-75.0,1.5,191.888496975671,112.61746407434477,18,4,0.32894736842105265,8
40,-5.183246073298429,-75.0,1.5,184.61238411654995,111.10810107048371,11,5,0.3076923076923077,14
41,-4.2408376963350785,-75.0,1.5,174.29178853468122,110.79482947026015,12,6,0.26666666666666666,17
42,-3.298429319371728,-75.0,1.5,169.96219027324884,110.76397792518667,10,5,0.28205128205128205,13
43,-2.356020942408377,-75.0,1.5,149.81511184918588,108.35039795783906,10,5,0.24358974358974358,10
44,-1.4136125654450262,-75.0,1.5,131.4154095919866,107.55617521205123,6,3,0.2619047619047619,4
45,-0.4712041884816754,-75.0,1.5,109.50137514915312,103.73538507854893,4,3,0.15,3
46,0.4712041884816754,-75.0,1.5,85.6271872077191,102.40878380217555,3,0,0.3333333333333333,0
47,1.4136125654450262,-75.0,1.5,78.35147336314999,48.05232804426669,3,0,0.5,0
48,2.356020942408377,-75.0,1.5,78.44167066106255,9.226587935580827,3,0,0.5,0
49,-14.607329842931941,-73.75,1.5,94.51647025606188,39.80147786129237,4,4,0.5666666666666667,10
50,-13.664921465968591,-73.75,1.5,178.39047131990512,65.22604629442499,6,10,0.43956043956043955,49
51,-12.72251308900524,-73.75,1.5,380.524328098614,75.54701897743789,7,27,0.22983870967741934,202
52,-11.780104712041888,-73.75,1.5,376.4924948803969,83.26428612393532,10,23,0.210752688172043,119
53,-10.837696335078537,-73.75,1.5,293.8858633249443,96.25537521181391,14,9,0.3547619047619048,29
54,-9.895287958115185,-73.75,1.5,235.49419006032306,110.16619385637172,15,7,0.3815789473684211,19
55,-8.952879581151834,-73.75,1.5,198.33128499922734,110.50355991055004,19,4,0.3523809523809524,10
56,-8.010471204188482,-73.75,1.5,179.80641628714946,100.51762544961092,19,3,0.35789473684210527,6
57,-7.0680628272251305,-73.75,1.5,190.84754353103025,110.06290399958716,17,4,0.2953216374269006,8
58,-6.12565445026178,-73.75,1.5,202.1977795914542,113.74037332472955,6,5,0.2361111111111111,13
59,-5.183246073298429,-73.75,1.5,191.24635015427734,106.28912635963871,5,5,0.19642857142857142,14
60,-4.2408376963350785,-73.75,1.5,172.84492419718276,110.02716486481906,5,5,0.21428571428571427,13
61,-3.298429319371728,-73.75,1.5,168.48909359761714,110.89683905643125,6,5,0.20833333333333334,13
62,-2.356020942408377,-73.75,1.5,147.114460033915,108.64608771064377,6,4,0.23214285714285715,8
63,-1.4136125654450262,-73.75,1.5,123.05844293774976,94.27319299877047,4,2,0.25,3
64,-0.4712041884816754,-73.75,1.5,98.95942620737868,104.82697037298855,2,0,0.5,0
65,0.4712041884816754,-73.75,1.5,72.63147113835228,103.6846277590124,1,0,0.0,0
66,1.4136125654450262,-73.75,1.5,42.76336581030195,98.04914802039458,0,0,0.0,0
67,-14.607329842931941,-72.5,1.5,170.0505206705992,52.316557012217295,4,25,0.34770114942528735,224
68,-13.664921465968591,-72.5,1.5,306.03498992402547,67.17194000136008,4,19,0.40625,149
69,-12.72251308900524,-72.5,1.5,422.5532282361159,71.92111348527733,8,17,0.3339920948616601,97
70,-11.780104712041888,-72.5,1.5,345.05130523232674,96.52306762456107,11,11,0.37105263157894736,47
71,-10.837696335078537,-72.5,1.5,245.7793554396066,113.88451130205486,14,7,0.38011695906432746,24
72,-9.895287958115185,-72.5,1.5,213.08268263765146,119.3202054023277,14,7,0.3391812865497076,20
73,-8.952879581151834,-72.5,1.5,210.83668426917617,118.71253268243917,11,5,0.3241758241758242,12
74,-8.010471204188482,-72.5,1.5,206.23167187964887,58.34643180904701,10,2,0.3888888888888889,3
75,-7.0680628272251305,-72.5,1.5,199.77393009531883,86.94098375495776,8,3,0.2777777777777778,6
76,-6.12565445026178,-72.5,1.5,201.9794872145267,116.73406669493251,4,5,0.19047619047619047,14
77,-5.183246073298429,-72.5,1.5,194.14247846376244,112.61776092898688,4,6,0.21428571428571427,18
78,-4.2408376963350785,-72.5,1.5,184.64349552107,98.19615311071232,6,5,0.20833333333333334,13
79,-3.298429319371728,-72.5,1.5,178.33958247285486,108.73034927612039,6,5,0.20833333333333334,13
80,-2.356020942408377,-72.5,1.5,171.89640157323686,102.15621446791924,5,5,0.19642857142857142,12
81,-1.4136125654450262,-72.5,1.5,153.17680800509342,104.4955987089297,4,3,0.2,5
82,-0.4712041884816754,-72.5,1.5,120.06573793397001,102.97492858029513,3,2,0.0,3
83,0.4712041884816754,-72.5,1.5,88.90203233525025,101.24092336497334,0,0,0.0,0
84,1.4136125654450262,-72.5,1.5,59.649424895359346,100.54579026584592,0,0,0.0,0
85,-14.607329842931941,-71.25,1.5,218.58975435768045,57.14859862994385,3,30,0.28293736501079914,270
86,-13.664921465968591,-71.25,1.5,385.3257291087823,90.27253297382154,6,30,0.2737881508078995,265
87,-12.72251308900524,-71.25,1.5,393.29478954372496,66.51610950701657,9,11,0.4019607843137255,53
88,-11.780104712041888,-71.25,1.5,277.12370586951573,108.65426110083534,9,8,0.4142857142857143,30
89,-10.837696335078537,-71.25,1.5,213.4212338444107,114.36559085213185,10,8,0.29583333333333334,29
90,-9.895287958115185,-71.25,1.5,205.2465452828704,117.60343371429563,8,7,0.26282051282051283,20
91,-8.952879581151834,-71.25,1.5,211.72891095411563,103.78933605488636,5,6,0.2222222222222222,13
92,-8.010471204188482,-71.25,1.5,199.30886148538514,40.21389116804349,3,1,0.4166666666666667,1
93,-7.0680628272251305,-71.25,1.5,192.65508982541576,105.44450770944283,5,5,0.19642857142857142,14
94,-6.12565445026178,-71.25,1.5,195.10132681615758,116.28888416654482,3,6,0.2619047619047619,18
95,-5.183246073298429,-71.25,1.5,194.8809837351618,114.18747571857735,5,6,0.20833333333333334,17
96,-4.2408376963350785,-71.25,1.5,192.15611557072296,109.2500132585962,6,6,0.2111111111111111,18
97,-3.298429319371728,-71.25,1.5,192.22153684846106,111.69388573249914,6,5,0.2222222222222222,13
98,-2.356020942408377,-71.25,1.5,197.80160600839446,106.2114512502926,5,5,0.21428571428571427,13
99,-1.4136125654450262,-71.25,1.5,189.26057417066096,106.90818501693661,4,5,0.21428571428571427,12
100,-0.4712041884816754,-71.25,1.5,164.50869708412938,103.0942815358867,4,4,0.13333333333333333,8
101,0.4712041884816754,-71.25,1.5,127.3106471400647,101.04235491889995,3,2,0.0,2
102,1.4136125654450262,-71.25,1.5,83.5518262838062,91.26954532359595,1,0,0.0,0
103,-13.664921465968591,-70.0,1.5,436.1043273111142,76.98763212940638,6,21,0.2993311036789298,139
104,-12.72251308900524,-70.0,1.5,350.4853792103172,66.97400002032879,8,6,0.4393939393939394,19
105,-11.780104712041888,-70.0,1.5,227.98549358175597,102.56155821606404,10,6,0.2857142857142857,17
106,-10.837696335078537,-70.0,1.5,186.93403144689668,73.54126777755853,7,3,0.32142857142857145,5
107,-9.895287958115185,-70.0,1.5,196.06929348985975,116.61084918974623,2,6,0.13333333333333333,14
108,-8.952879581151834,-70.0,1.5,198.072208220353,78.97091666199418,3,3,0.25,6
109,-8.010471204188482,-70.0,1.5,192.6693376754714,63.51887606007848,4,2,0.25,3
110,-7.0680628272251305,-70.0,1.5,192.5554167601089,111.32877547032129,3,5,0.2,14
111,-6.12565445026178,-70.0,1.5,197.01140695925878,114.44592991779125,4,6,0.25,18
112,-5.183246073298429,-70.0,1.5,205.45115523597332,112.19581709930362,6,6,0.2111111111111111,18
113,-4.2408376963350785,-70.0,1.5,198.0649397508461,99.33754655091784,6,5,0.2361111111111111,13
114,-3.298429319371728,-70.0,1.5,207.50346736571467,107.11753218061801,5,6,0.25,19
115,-2.356020942408377,-70.0,1.5,216.30171999669435,109.7453851938752,5,6,0.2222222222222222,17
116,-1.4136125654450262,-70.0,1.5,226.49216704758402,104.51748268564864,5,5,0.21428571428571427,13
117,-0.4712041884816754,-70.0,1.5,221.12144378450594,101.95253305671137,4,5,0.23809523809523808,13
118,0.4712041884816754,-70.0,1.5,206.77885683118134,103.22399122332321,4,5,0.19047619047619047,12
119,1.4136125654450262,-70.0,1.5,156.50839361558127,101.84080252975181,3,2,0.3333333333333333,3
120,-15.549738219895294,-68.75,1.5,355.31008604423425,100.5683377586755,3,28,0.21182266009852216,197
121,-14.607329842931941,-68.75,1.5,423.17415275780905,84.59345440091637,4,20,0.2619047619047619,121
122,-13.664921465968591,-68.75,1.5,459.1140149773778,89.50673356603387,8,19,0.22166666666666668,92
123,-12.72251308900524,-68.75,1.5,298.2595134006478,91.06249812611162,11,6,0.26666666666666666,16
124,-11.780104712041888,-68.75,1.5,210.23032310108766,58.10767160695547,6,2,0.25,1
125,-10.837696335078537,-68.75,1.5,191.3397644390168,37.121820615027794,3,0,0.3333333333333333,0
126,-9.895287958115185,-68.75,1.5,192.51893629405333,92.22253864151594,3,5,0.1,9
127,-8.952879581151834,-68.75,1.5,187.66677669509497,31.782946517972206,2,0,0.5,0
128,-8.010471204188482,-68.75,1.5,198.9638524835601,112.40080164905501,2,6,0.3,20
129,-7.0680628272251305,-68.75,1.5,204.91073449287882,114.86312276413199,2,6,0.36666666666666664,18
130,-6.12565445026178,-68.75,1.5,200.09697336848686,112.53309716167797,5,6,0.2222222222222222,17
131,-5.183246073298429,-68.75,1.5,204.01426980748943,110.2628238608661,6,6,0.2222222222222222,18
132,-4.2408376963350785,-68.75,1.5,209.3706370461326,108.77924671727368,6,6,0.23333333333333334,19
133,-3.298429319371728,-68.75,1.5,224.87728487995085,109.99844023201706,5,7,0.23333333333333334,23
134,-2.356020942408377,-68.75,1.5,249.9646137309822,108.7763472813382,6,8,0.2196969696969697,30
135,-1.4136125654450262,-68.75,1.5,275.8105826409282,106.8871905413772,5,8,0.24545454545454545,31
136,-0.4712041884816754,-68.75,1.5,296.4612094079845,103.32732709623244,5,8,0.22727272727272727,32
137,0.4712041884816754,-68.75,1.5,290.2202643113782,100.82136365068769,5,9,0.2196969696969697,35
138,1.4136125654450262,-68.75,1.5,257.2377377089209,99.76041197816792,4,5,0.2619047619047619,13
139,2.356020942408377,-68.75,1.5,195.02526685618344,103.42415024004114,4,2,0.25,3
140,-16.492146596858646,-67.5,1.5,305.29168599471825,63.3093752183932,1,9,0.35714285714285715,37
141,-15.549738219895294,-67.5,1.5,377.86015364291615,59.684128244737934,4,7,0.3333333333333333,22
142,-14.607329842931941,-67.5,1.5,318.17955149681177,84.36334196716432,7,3,0.32142857142857145,6
143,-13.664921465968591,-67.5,1.5,281.56894175656987,96.19014072983505,10,4,0.2727272727272727,8
144,-12.72251308900524,-67.5,1.5,248.16100082090037,111.67852968044043,6,5,0.19444444444444445,10
145,-11.780104712041888,-67.5,1.5,202.47088754259687,111.7705396482359,5,6,0.1527777777777778,10
146,-10.837696335078537,-67.5,1.5,206.37553413836812,66.53460359052688,4,2,0.4166666666666667,2
147,-9.895287958115185,-67.5,1.5,195.98464643078847,11.896214098533274,5,0,0.35,0
148,-8.952879581151834,-67.5,1.5,179.5920281195782,67.26092123273934,3,2,0.16666666666666666,3
149,-8.010471204188482,-67.5,1.5,191.43054928235014,112.77430307670258,2,6,0.3,20
150,-7.0680628272251305,-67.5,1.5,201.54614765484473,111.82745657346909,4,6,0.2857142857142857,18
151,-6.12565445026178,-67.5,1.5,203.63388483374328,112.19116717341646,6,5,0.25,13
152,-5.183246073298429,-67.5,1.5,206.4579774359054,111.36231828049037,7,6,0.22727272727272727,19
153,-4.2408376963350785,-67.5,1.5,218.70465572939858,108.78331087171671,5,7,0.25555555555555554,24
154,-3.298429319371728,-67.5,1.5,228.44486772111975,108.92581086157573,6,6,0.24444444444444444,18
155,-2.356020942408377,-67.5,1.5,255.05721336268348,109.26868248082114,5,9,0.25757575757575757,37
156,-1.4136125654450262,-67.5,1.5,298.225404111584,108.55153969596962,7,13,0.19281045751633988,57
157,-0.4712041884816754,-67.5,1.5,336.3915194372516,104.42240231293712,5,14,0.23529411764705882,66
158,0.4712041884816754,-67.5,1.5,347.2411056693073,102.58769907221455,4,13,0.23809523809523808,51
159,1.4136125654450262,-67.5,1.5,322.91644425039186,99.81918580469959,5,8,0.2545454545454545,21
160,2.356020942408377,-67.5,1.5,269.8949696431151,99.56786944738812,5,3,0.3333333333333333,5
161,-18.376963350785346,-66.25,1.5,187.5461045747914,96.04906256965036,1,7,0.36666666666666664,24
162,-17.434554973821996,-66.25,1.5,246.40275827835382,78.29533847007407,2,5,0.45,14
163,-16.492146596858646,-66.25,1.5,319.5854847013277,98.33426259400672,4,13,0.1619047619047619,46
164,-15.549738219895294,-66.25,1.5,275.36837872389845,105.76529758466047,8,6,0.21212121212121213,16
165,-14.607329842931941,-66.25,1.5,240.15905202071247,118.99142542472859,6,6,0.2,17
166,-13.664921465968591,-66.25,1.5,244.165424065844,79.15257238727494,3,4,0.3,9
167,-12.72251308900524,-66.25,1.5,231.97279837866873,119.87770519161131,5,6,0.18055555555555555,17
168,-11.780104712041888,-66.25,1.5,217.3571308124013,116.14398996769688,4,6,0.17857142857142858,14
169,-10.837696335078537,-66.25,1.5,210.34778877277307,99.22904937929327,5,5,0.16071428571428573,9
170,-9.895287958115185,-66.25,1.5,198.64437878573477,79.46429743302596,4,3,0.2,6
171,-8.952879581151834,-66.25,1.5,193.3053599523562,84.75336335667194,3,3,0.25,6
172,-8.010471204188482,-66.25,1.5,196.07052354378686,110.56921619424435,3,5,0.23333333333333334,14
173,-7.0680628272251305,-66.25,1.5,206.6813071523089,109.68874141522197,5,6,0.20833333333333334,17
174,-6.12565445026178,-66.25,1.5,210.12101042476553,110.91636267339715,6,6,0.2222222222222222,18
175,-5.183246073298429,-66.25,1.5,216.94870030386326,110.19383393193903,7,6,0.22727272727272727,19
176,-4.2408376963350785,-66.25,1.5,230.7023467326563,110.65564032596147,5,7,0.25555555555555554,24
177,-3.298429319371728,-66.25,1.5,241.678994626506,109.74338148383698,6,6,0.25555555555555554,18
178,-2.356020942408377,-66.25,1.5,240.46548336739224,111.08991145200946,7,8,0.21794871794871795,28
179,-1.4136125654450262,-66.25,1.5,254.8695981469197,109.39976429392118,6,10,0.24725274725274726,35
180,-0.4712041884816754,-66.25,1.5,281.0629611460873,107.84365307452407,6,12,0.23333333333333334,40
181,0.4712041884816754,-66.25,1.5,281.7502945241935,104.6169716743958,6,14,0.17647058823529413,38
182,1.4136125654450262,-66.25,1.5,263.06593050492,95.74626981293329,7,10,0.21904761904761905,19
183,2.356020942408377,-66.25,1.5,209.93251703926467,100.07665329857205,7,2,0.38095238095238093,2
184,-18.376963350785346,-65.0,1.5,192.264836212752,111.25418760198227,2,5,0.25,12
185,-17.434554973821996,-65.0,1.5,186.91648401204864,52.62109727472198,5,2,0.4,3
186,-16.492146596858646,-65.0,1.5,194.93199035203963,109.50888967833015,6,4,0.2857142857142857,10
187,-15.549738219895294,-65.0,1.5,203.76324969590442,92.50070319620457,5,3,0.2,5
188,-14.607329842931941,-65.0,1.5,217.75249471236273,100.31519809605221,3,4,0.1,9
189,-13.664921465968591,-65.0,1.5,223.42069736893083,95.70937501995654,3,4,0.15,9
190,-12.72251308900524,-65.0,1.5,222.3374531763604,96.02004947438,3,5,0.16666666666666666,12
191,-11.780104712041888,-65.0,1.5,211.1061888470663,110.34880430975664,4,5,0.16666666666666666,10
192,-10.837696335078537,-65.0,1.5,204.38280234998007,77.28179844778634,4,2,0.25,2
193,-9.895287958115185,-65.0,1.5,192.44073172276592,28.315973279537562,3,0,0.16666666666666666,0
194,-8.952879581151834,-65.0,1.5,188.44778588078606,63.7508804621944,1,2,0.0,3
195,-8.010471204188482,-65.0,1.5,194.8434321951984,97.14248731819632,2,5,0.2,13
196,-7.0680628272251305,-65.0,1.5,202.2971034273876,95.16966015368071,4,4,0.26666666666666666,10
197,-6.12565445026178,-65.0,1.5,207.97923809771436,110.68673276717885,6,6,0.2222222222222222,19
198,-5.183246073298429,-65.0,1.5,222.20987802134937,103.25633397448252,5,7,0.25555555555555554,24
199,-4.2408376963350785,-65.0,1.5,244.5398448268868,101.93440962686957,5,7,0.25555555555555554,23
200,-3.298429319371728,-65.0,1.5,241.3115538649714,99.87929393661203,7,6,0.2545454545454545,19
201,-2.356020942408377,-65.0,1.5,227.0562359300827,113.0173757900024,7,7,0.2196969696969697,21
202,-1.4136125654450262,-65.0,1.5,222.71039119345005,109.12996860287184,7,7,0.24242424242424243,19
203,-0.4712041884816754,-65.0,1.5,194.06584484529037,108.67656111866849,8,6,0.29545454545454547,11
204,0.4712041884816754,-65.0,1.5,180.71703401580803,105.0174914134223,7,6,0.33636363636363636,11
205,1.4136125654450262,-65.0,1.5,158.90521488404158,106.23120212776848,8,4,0.34444444444444444,6
206,-20.261780104712045,-63.75,1.5,131.9500055283422,62.84745167620713,2,2,0.0,4
207,-19.319371727748695,-63.75,1.5,126.83575355541927,79.04668276205388,4,3,0.125,7
208,-18.376963350785346,-63.75,1.5,116.1005048222907,92.33911641388677,3,3,0.2,5
209,-17.434554973821996,-63.75,1.5,124.78755217981467,42.34534224238954,2,0,0.0,0
210,-16.492146596858646,-63.75,1.5,154.54889324230535,112.2820685440098,1,4,0.0,6
211,-15.549738219895294,-63.75,1.5,186.10410890005596,110.41868953671023,3,3,0.0,5
212,-14.607329842931941,-63.75,1.5,197.45262164030788,115.2418601921938,3,3,0.0,5
213,-13.664921465968591,-63.75,1.5,198.21919236255786,103.22687668669872,3,4,0.15,9
214,-12.72251308900524,-63.75,1.5,188.71981156706067,118.18643589599513,4,5,0.11904761904761904,9
215,-11.780104712041888,-63.75,1.5,193.19883444275192,44.577998026478376,3,0,0.3333333333333333,0
216,-10.837696335078537,-63.75,1.5,196.0132859912337,95.27276399237714,2,4,0.0,4
217,-9.895287958115185,-63.75,1.5,197.15805166146106,33.19592907418919,1,0,0.0,0
218,-8.952879581151834,-63.75,1.5,180.2229136715444,10.796109845416513,1,0,0.0,0
219,-8.010471204188482,-63.75,1.5,176.99007811207758,39.97128243321551,1,2,0.0,3
220,-7.0680628272251305,-63.75,1.5,191.48864502414727,84.74114329257544,3,4,0.2,10
221,-6.12565445026178,-63.75,1.5,207.095887406023,111.92649463288063,5,6,0.2222222222222222,18
222,-5.183246073298429,-63.75,1.5,233.23078690834797,107.96030246336431,5,7,0.25555555555555554,24
223,-4.2408376963350785,-63.75,1.5,250.23502544813974,88.80970472350916,6,5,0.2777777777777778,13
224,-3.298429319371728,-63.75,1.5,232.62089915036202,113.66665572133704,7,7,0.22727272727272727,24
225,-2.356020942408377,-63.75,1.5,223.40144385667747,111.58456478336299,7,6,0.2545454545454545,19
226,-1.4136125654450262,-63.75,1.5,208.17148637535394,110.03694666949905,6,6,0.2222222222222222,14
227,-0.4712041884816754,-63.75,1.5,162.66942002512906,112.94654144834516,9,4,0.2727272727272727,6
228,0.4712041884816754,-63.75,1.5,128.95471478263937,108.90697395181331,9,2,0.3472222222222222,2
229,1.4136125654450262,-63.75,1.5,113.34420014057689,109.36993269465083,10,2,0.35555555555555557,2
230,3.298429319371728,-63.75,1.5,83.33344753603464,101.34523055810742,6,0,0.43333333333333335,0
231,-19.319371727748695,-62.5,1.5,70.64060904560326,50.3268772533282,0,0,0.0,0
232,-18.376963350785346,-62.5,1.5,73.53752732305279,26.762416653029558,0,0,0.0,0
233,-17.434554973821996,-62.5,1.5,102.88651917476639,17.611900017119915,0,0,0.0,0
234,-16.492146596858646,-62.5,1.5,141.30476599726782,91.47355386611507,1,2,0.0,3
235,-15.549738219895294,-62.5,1.5,166.44905424118062,85.94629038419762,1,3,0.0,5
236,-14.607329842931941,-62.5,1.5,172.4792736637826,104.66980884406642,2,4,0.16666666666666666,9
237,-13.664921465968591,-62.5,1.5,176.3029886465159,120.59177040281206,3,4,0.15,8
238,-12.72251308900524,-62.5,1.5,178.09592024481606,119.9741913021936,3,3,0.08333333333333333,3
239,-11.780104712041888,-62.5,1.5,164.51643103267685,40.62516273632613,1,0,0.0,0
240,-10.837696335078537,-62.5,1.5,179.68226766829872,55.09518773172763,0,1,0.0,0
241,-9.895287958115185,-62.5,1.5,192.775547035902,1.3816664121780313,1,0,0.0,0
242,-8.952879581151834,-62.5,1.5,181.42141375584393,38.46217068580411,1,2,0.0,3
243,-8.010471204188482,-62.5,1.5,175.8384940850682,50.56752835327289,2,2,0.0,2
244,-7.0680628272251305,-62.5,1.5,183.09650309921992,20.377652965660236,1,0,0.0,0
245,-6.12565445026178,-62.5,1.5,209.57322945284284,77.52313429816422,3,4,0.25,9
246,-5.183246073298429,-62.5,1.5,238.6765630152554,113.8392933943521,5,7,0.18888888888888888,19
247,-4.2408376963350785,-62.5,1.5,256.00066180148707,78.85333761490821,7,4,0.2916666666666667,9
248,-3.298429319371728,-62.5,1.5,253.15216535989902,109.11218493087259,7,7,0.20454545454545456,21
249,-2.356020942408377,-62.5,1.5,262.92717602075487,110.2112116205498,6,7,0.24545454545454545,22
250,-1.4136125654450262,-62.5,1.5,239.9486945290042,97.30373975392381,7,5,0.23333333333333334,11
251,-0.4712041884816754,-62.5,1.5,174.83545979924588,112.34635262331908,7,3,0.23214285714285715,3
252,0.4712041884816754,-62.5,1.5,128.11991383952338,112.39025797733557,7,1,0.35714285714285715,0
253,1.4136125654450262,-62.5,1.5,96.04535749158735,108.6509808557055,8,1,0.375,0
254,2.356020942408377,-62.5,1.5,84.94221741295878,107.00968202064404,9,1,0.36666666666666664,0
255,3.298429319371728,-62.5,1.5,57.12234122915262,105.03440754662734,6,0,0.43333333333333335,0
256,-18.376963350785346,-61.25,1.5,80.56303142433352,75.40660429660802,0,0,0.0,0
257,-17.434554973821996,-61.25,1.5,105.86873416946013,68.71014840014165,0,0,0.0,0
258,-16.492146596858646,-61.25,1.5,126.34730900052946,58.287635010360255,0,0,0.0,0
259,-15.549738219895294,-61.25,1.5,139.05677692141614,62.41629649407698,0,0,0.0,0
260,-14.607329842931941,-61.25,1.5,155.47995373974004,111.10793419643129,2,3,0.0,5
261,-13.664921465968591,-61.25,1.5,166.85269596085095,115.76532218894145,2,3,0.0,4
262,-12.72251308900524,-61.25,1.5,164.65609056203988,31.556438068828868,1,0,0.0,0
263,-11.780104712041888,-61.25,1.5,159.92091093001034,19.729837036735148,0,0,0.0,0
264,-10.837696335078537,-61.25,1.5,171.07614067911453,53.01744498021963,3,2,0.3333333333333333,3
265,-9.895287958115185,-61.25,1.5,189.88947743286283,39.745441286203366,3,2,0.16666666666666666,3
266,-8.952879581151834,-61.25,1.5,194.8158860622721,63.85492755472004,2,3,0.0,5
267,-8.010471204188482,-61.25,1.5,195.96579022487813,70.39083369308831,2,3,0.16666666666666666,6
268,-7.0680628272251305,-61.25,1.5,207.1225179756997,93.04334732015778,2,6,0.26666666666666666,18
269,-6.12565445026178,-61.25,1.5,216.073565913401,85.54952089876039,3,7,0.23214285714285715,22
270,-5.183246073298429,-61.25,1.5,228.09020236714233,93.5747190241108,4,7,0.16666666666666666,15
271,-4.2408376963350785,-61.25,1.5,242.54842354412193,54.054126358287434,6,3,0.2857142857142857,4
272,-3.298429319371728,-61.25,1.5,269.4906955915642,55.43080843740232,7,3,0.25,5
273,-2.356020942408377,-61.25,1.5,286.1033722768546,104.49136735159667,5,9,0.17424242424242425,26
274,-1.4136125654450262,-61.25,1.5,261.4682289724189,98.11859446824865,7,7,0.20454545454545456,18
275,-0.4712041884816754,-61.25,1.5,204.79289875233803,80.46692121221852,6,2,0.3333333333333333,2
276,0.4712041884816754,-61.25,1.5,141.81389480891633,82.06240626137897,3,0,0.5,0
277,1.4136125654450262,-61.25,1.5,91.96494937137906,66.02007933113745,4,0,0.5,0
278,2.356020942408377,-61.25,1.5,60.41881353649009,16.93728021770793,6,0,0.4,0
279,3.298429319371728,-61.25,1.5,30.12593059493554,74.882211978945,7,0,0.42857142857142855,0
280,4.2408376963350785,-61.25,1.5,16.038464333900468,79.87998486140738,4,0,0.4166666666666667,0
281,-15.549738219895294,-60.0,1.5,135.211171098691,75.76795284180031,0,1,0.0,1
282,-14.607329842931941,-60.0,1.5,150.85199179175677,68.19443954828832,0,0,0.0,0
283,-13.664921465968591,-60.0,1.5,159.58289377659221,46.14599286890698,1,0,0.0,0
284,-12.72251308900524,-60.0,1.5,160.94882260232274,57.178060749946454,2,0,0.5,0
285,-11.780104712041888,-60.0,1.5,169.15771238214387,94.55669180155377,2,3,0.16666666666666666,6
286,-10.837696335078537,-60.0,1.5,178.04511761675082,107.78535211577777,3,4,0.1,8
287,-9.895287958115185,-60.0,1.5,179.7955538896932,59.69730223917784,2,2,0.0,3
288,-8.952879581151834,-60.0,1.5,187.8442195578563,72.37721121703244,2,3,0.16666666666666666,6
289,-8.010471204188482,-60.0,1.5,208.3043758794933,98.88064985334972,3,5,0.13333333333333333,12
290,-7.0680628272251305,-60.0,1.5,214.35694637882855,42.17375230481581,4,2,0.16666666666666666,3
291,-6.12565445026178,-60.0,1.5,219.80013799951857,81.5357744481315,4,6,0.25,19
292,-5.183246073298429,-60.0,1.5,224.69142963281016,83.88487425172859,5,5,0.26785714285714285,12
293,-4.2408376963350785,-60.0,1.5,240.1032038142857,37.45400159225431,5,1,0.3333333333333333,1
294,-3.298429319371728,-60.0,1.5,273.01355560607425,12.793153160208611,3,0,0.5,0
295,-2.356020942408377,-60.0,1.5,281.5568739390121,8.718324620020805,3,0,0.5,0
296,-1.4136125654450262,-60.0,1.5,277.68782425599755,61.79128054240939,5,3,0.36666666666666664,5
297,-0.4712041884816754,-60.0,1.5,227.73090791346672,95.0216660544571,5,3,0.26666666666666666,4
298,0.4712041884816754,-60.0,1.5,149.21318181650508,95.8961214757571,4,0,0.3333333333333333,0
299,1.4136125654450262,-60.0,1.5,100.17036615974637,20.07513408073346,1,0,0.0,0
300,2.356020942408377,-60.0,1.5,66.99532673684575,56.01682266127521,0,0,0.0,0
301,3.298429319371728,-60.0,1.5,39.342528961643254,84.3193730302943,0,0,0.0,0
302,4.2408376963350785,-60.0,1.5,38.78248193690166,86.66431916959745,1,0,0.0,0
303,5.183246073298429,-60.0,1.5,100.97406081939792,94.49778350720638,2,0,0.5,0
304,-13.664921465968591,-58.75,1.5,177.69353116858846,95.20054731160545,1,4,0.16666666666666666,6
305,-12.72251308900524,-58.75,1.5,181.19805847847465,120.98719589832797,4,4,0.1,6
306,-11.780104712041888,-58.75,1.5,173.13088535224455,83.6679431340923,3,3,0.08333333333333333,4
307,-10.837696335078537,-58.75,1.5,167.2187227540506,27.922951560974916,1,0,0.0,0
308,-9.895287958115185,-58.75,1.5,160.9620615067624,16.332808987999858,0,0,0.0,0
309,-8.952879581151834,-58.75,1.5,185.1783515609065,66.47548480017637,1,3,0.5,6
310,-8.010471204188482,-58.75,1.5,222.56427853281556,103.51406661945387,4,8,0.17777777777777778,27
311,-7.0680628272251305,-58.75,1.5,225.04476392648283,60.366420390978725,3,4,0.35,9
312,-6.12565445026178,-58.75,1.5,232.4569800263246,102.74517450996375,5,9,0.18181818181818182,31
313,-5.183246073298429,-58.75,1.5,246.58879336397573,108.8173124323238,6,12,0.15416666666666667,38
314,-4.2408376963350785,-58.75,1.5,251.43921501557193,64.56210372768324,5,5,0.23214285714285715,11
315,-3.298429319371728,-58.75,1.5,276.14718893799835,14.066198097472169,2,0,0.5,0
316,-2.356020942408377,-58.75,1.5,280.3043338955716,65.7186135003309,1,6,0.4,19
317,-1.4136125654450262,-58.75,1.5,290.7156246221464,97.5735336061658,3,8,0.2777777777777778,27
318,-0.4712041884816754,-58.75,1.5,242.22952245653454,103.56434817840804,5,7,0.18888888888888888,15
319,0.4712041884816754,-58.75,1.5,175.41703163641446,102.09256910669302,4,2,0.25,2
320,-13.664921465968591,-57.5,1.5,185.0507909162649,108.55200879259517,1,3,0.5,6
321,-12.72251308900524,-57.5,1.5,188.10039217211002,110.33598968258993,2,4,0.16666666666666666,7
322,-11.780104712041888,-57.5,1.5,174.12540623990412,35.54426696422502,2,0,0.0,0
323,-10.837696335078537,-57.5,1.5,167.00490177326034,39.99941345925656,1,1,0.0,1
324,-9.895287958115185,-57.5,1.5,159.3053998278649,8.732038206194902,0,0,0.0,0
325,-8.952879581151834,-57.5,1.5,181.43006762187943,71.89664846736852,1,3,0.5,6
326,-8.010471204188482,-57.5,1.5,222.62526099974164,74.33009939762883,5,5,0.21428571428571427,14
327,-7.0680628272251305,-57.5,1.5,237.13996392175292,105.01233187444306,4,8,0.2111111111111111,26
328,-6.12565445026178,-57.5,1.5,233.30303668616335,62.475821497756826,5,5,0.25,12
329,-5.183246073298429,-57.5,1.5,249.39564489768938,98.21305428773776,5,7,0.24444444444444444,16
330,-4.2408376963350785,-57.5,1.5,263.46226774057277,88.06951086561445,7,9,0.16483516483516483,18
331,-3.298429319371728,-57.5,1.5,259.5155070405682,52.199757265817475,4,4,0.3,8
332,-2.356020942408377,-57.5,1.5,278.2950575639334,90.4874019779775,2,9,0.1388888888888889,20
333,-1.4136125654450262,-57.5,1.5,274.96360781994645,104.44438833739834,4,11,0.16025641025641027,27
334,-0.4712041884816754,-57.5,1.5,224.21239681427707,94.8465265359958,5,6,0.2777777777777778,10
335,0.4712041884816754,-57.5,1.5,164.7237273627214,91.59928958663588,5,2,0.30952380952380953,0
336,1.4136125654450262,-57.5,1.5,130.4631520037248,77.6357044781534,3,0,0.3333333333333333,0
337,-13.664921465968591,-56.25,1.5,219.46146473083027,65.4440552425792,2,1,0.3333333333333333,1
338,-12.72251308900524,-56.25,1.5,208.17088502060486,74.25933854992863,3,3,0.16666666666666666,3
339,-11.780104712041888,-56.25,1.5,184.32029631430046,17.19217228962739,2,0,0.5,0
340,-10.837696335078537,-56.25,1.5,163.53027307257963,37.16592588538346,0,0,0.0,0
341,-9.895287958115185,-56.25,1.5,151.4070918826865,1.1233614292967475,0,0,0.0,0
342,-8.952879581151834,-56.25,1.5,181.3675094630916,89.26882901293256,1,7,0.23333333333333334,20
343,-8.010471204188482,-56.25,1.5,220.29041706522008,90.47022423903785,4,6,0.21428571428571427,16
344,-7.0680628272251305,-56.25,1.5,227.23551512317465,61.99448440969995,6,4,0.2857142857142857,9
345,-6.12565445026178,-56.25,1.5,228.17238951199045,54.104893618621006,7,4,0.25,8
346,-5.183246073298429,-56.25,1.5,224.2700799725422,44.01643152707458,6,2,0.26666666666666666,2
347,-4.2408376963350785,-56.25,1.5,230.87769046989774,51.458551379886806,5,3,0.4,3
348,-3.298429319371728,-56.25,1.5,223.24668324080196,73.27557323518131,5,4,0.2857142857142857,4
349,-2.356020942408377,-56.25,1.5,218.5239279628677,61.6925037066381,3,3,0.25,3
350,-1.4136125654450262,-56.25,1.5,179.34717105754333,100.35650435838713,4,4,0.3333333333333333,6
351,-0.4712041884816754,-56.25,1.5,131.71150967166074,97.19013492770245,7,4,0.2222222222222222,4
352,0.4712041884816754,-56.25,1.5,103.62175343608521,91.36788550367486,5,1,0.3333333333333333,0
353,1.4136125654450262,-56.25,1.5,96.37282584626671,101.80818606963936,5,0,0.45,0
354,-14.607329842931941,-55.0,1.5,239.38616149236307,100.88737814677475,2,3,0.3333333333333333,5
355,-13.664921465968591,-55.0,1.5,265.5005946731711,109.16855891636963,4,6,0.14285714285714285,9
356,-12.72251308900524,-55.0,1.5,237.80282891367114,41.28727932219357,3,0,0.5,0
357,-11.780104712041888,-55.0,1.5,190.3830067872286,7.345426453895942,2,0,0.5,0
358,-10.837696335078537,-55.0,1.5,165.41380332789197,5.722883635557854,1,0,0.0,0
359,-9.895287958115185,-55.0,1.5,155.68913310958027,8.200628263183741,0,0,0.0,0
360,-8.952879581151834,-55.0,1.5,182.10133349005505,72.01242763568634,2,3,0.16666666666666666,5
361,-8.010471204188482,-55.0,1.5,210.4694349199956,28.923399067141656,5,1,0.16666666666666666,1
362,-7.0680628272251305,-55.0,1.5,218.4850773672449,49.704714358038345,4,3,0.3,6
363,-6.12565445026178,-55.0,1.5,223.70824580034989,68.15110479784553,6,5,0.20833333333333334,13
364,-5.183246073298429,-55.0,1.5,222.37827847443108,79.2146629989569,5,6,0.125,9
365,-4.2408376963350785,-55.0,1.5,198.46236099814297,28.61412518447318,6,0,0.26666666666666666,0
366,-3.298429319371728,-55.0,1.5,167.82886536679865,27.10617811185362,5,0,0.4,0
367,-2.356020942408377,-55.0,1.5,149.55533530937637,34.819175037028565,5,0,0.25,0
368,-1.4136125654450262,-55.0,1.5,93.80969019439986,67.23907515965129,4,0,0.3333333333333333,0
369,-0.4712041884816754,-55.0,1.5,73.74899096440053,57.60634017693062,3,0,0.5,0
370,0.4712041884816754,-55.0,1.5,68.48166729043417,52.597253973841106,2,0,0.5,0
371,1.4136125654450262,-55.0,1.5,71.21715834558839,81.52406652093507,3,0,0.5,0
372,2.356020942408377,-55.0,1.5,76.12465143621223,60.64042777902684,0,0,0.0,0
373,-14.607329842931941,-53.75,1.5,238.5363311714641,118.32896954723762,1,5,0.3333333333333333,12
374,-13.664921465968591,-53.75,1.5,260.0820457221422,113.82988330454273,3,6,0.16666666666666666,12
375,-12.72251308900524,-53.75,1.5,235.55669338022534,57.678959121917025,3,2,0.5,3
376,-11.780104712041888,-53.75,1.5,214.65877469485676,72.47846819034785,6,3,0.16666666666666666,4
377,-10.837696335078537,-53.75,1.5,194.15278144511512,38.65727027961901,3,2,0.16666666666666666,3
378,-9.895287958115185,-53.75,1.5,180.93486429465293,35.238575408547916,2,2,0.0,3
379,-8.952879581151834,-53.75,1.5,207.45473057240704,99.28309514505719,2,7,0.19047619047619047,21
380,-8.010471204188482,-53.75,1.5,243.08540665066946,107.53460042026049,4,8,0.15555555555555556,22
381,-7.0680628272251305,-53.75,1.5,235.37818342606909,70.17568133527426,3,5,0.23333333333333334,9
382,-6.12565445026178,-53.75,1.5,223.8327322400914,59.98227331311369,5,3,0.16666666666666666,5
383,-5.183246073298429,-53.75,1.5,209.90520324775673,39.13090753054523,5,2,0.3,3
384,-4.2408376963350785,-53.75,1.5,180.39694275163137,38.37117620262936,1,0,0.0,0
385,-3.298429319371728,-53.75,1.5,131.96731466486116,10.156983453123033,4,0,0.5,0
386,-2.356020942408377,-53.75,1.5,96.63186029614702,43.522940929340116,3,0,0.5,0
387,-1.4136125654450262,-53.75,1.5,68.10962357637563,41.76013581775602,1,0,0.0,0
388,-0.4712041884816754,-53.75,1.5,56.361965421399546,40.222276449959345,0,0,0.0,0
389,0.4712041884816754,-53.75,1.5,54.99761691490643,36.93769484655811,0,0,0.0,0
390,1.4136125654450262,-53.75,1.5,61.01126228593511,27.517362731985916,0,0,0.0,0
391,2.356020942408377,-53.75,1.5,67.35181882113858,42.69216640026425,0,0,0.0,0
392,-13.664921465968591,-52.5,1.5,252.8664599737432,118.88875537572268,1,6,0.3,17
393,-12.72251308900524,-52.5,1.5,243.93580888485457,73.55587975203444,2,3,0.5,6
394,-11.780104712041888,-52.5,1.5,231.63631865529388,90.79362851233948,3,5,0.16666666666666666,11
395,-10.837696335078537,-52.5,1.5,221.1345328490265,70.2884050790761,2,2,0.5,3
396,-9.895287958115185,-52.5,1.5,210.6273235967697,85.29617000512377,3,4,0.15,8
397,-8.952879581151834,-52.5,1.5,229.23435094032757,108.0984555798578,3,7,0.19642857142857142,17
398,-8.010471204188482,-52.5,1.5,246.4634976748405,95.92784497190814,5,5,0.19642857142857142,8
399,-7.0680628272251305,-52.5,1.5,235.12347472669703,35.04876752082356,6,1,0.4,1
400,-6.12565445026178,-52.5,1.5,212.30048708402495,26.4636493172504,3,0,0.3333333333333333,0
401,-5.183246073298429,-52.5,1.5,204.05414675927875,90.77954002498731,4,6,0.10714285714285714,10
402,-4.2408376963350785,-52.5,1.5,171.4137180083908,70.12952703936905,5,2,0.2,2
403,-3.298429319371728,-52.5,1.5,129.28660329206744,17.2729017361587,1,0,0.0,0
404,-2.356020942408377,-52.5,1.5,89.31801200694007,75.60895939064967,2,0,0.5,0
405,-1.4136125654450262,-52.5,1.5,64.2680466836352,14.59328210246103,1,0,0.0,0
406,-0.4712041884816754,-52.5,1.5,50.18005676472032,36.53054196625064,0,0,0.0,0
407,0.4712041884816754,-52.5,1.5,55.42422405997724,27.057097248299797,0,0,0.0,0
408,-8.952879581151834,-51.25,1.5,198.3543468391038,17.438051292588625,2,0,0.5,0
409,-8.010471204188482,-51.25,1.5,215.79846949681226,48.960145227572845,3,2,0.5,2
410,-7.0680628272251305,-51.25,1.5,220.38847897335032,33.07252582000109,3,0,0.5,0
411,-5.183246073298429,-51.25,1.5,210.21609201102126,54.68689876350625,3,2,0.3333333333333333,2
412,-4.2408376963350785,-51.25,1.5,181.8596353437818,31.276673793798317,2,0,0.5,0
413,-3.298429319371728,-51.25,1.5,132.29516961977998,1.8918081804976041,2,0,0.5,0
414,-2.356020942408377,-51.25,1.5,88.09104306861732,23.730809882541458,0,0,0.0,0
415,-3.298429319371728,-50.0,1.5,127.33902344051084,6.5189163146047635,1,0,0.0,0
