node_id,lat,lon,threshold,prec,evap,in_degree,out_degree,clustering,ffl
0,-6.12565445026178,-78.75,0.2367,145.65032550505322,40.20666888529966,19.57364846170285,37.02089769690576,0.4480461811722913,463
1,-5.183246073298429,-78.75,0.2367,154.41946170407425,53.53002807853126,19.497960936413875,51.43816442343754,0.3630952380952381,1136
2,-4.2408376963350785,-78.75,0.2367,156.15597722693755,46.25697522934672,21.40393713867972,44.99553732234113,0.37422295897223373,846
3,-3.298429319371728,-78.75,0.2367,153.60330924544294,37.02240558687407,19.530028958520937,30.232252343805406,0.4357287449392713,235
4,-2.356020942408377,-78.75,0.2367,156.76064871686194,80.87926616120967,19.02891068186285,60.9037360236521,0.2882671480144404,833
5,-1.4136125654450262,-78.75,0.2367,163.2861582012942,75.48427658024593,18.8504753849032,51.652563148919725,0.26821608040201006,534
6,-8.952879581151834,-77.5,0.2367,184.1904218161152,89.56976718203927,29.31483710045373,132.12177863598407,0.2585095761096487,4671
7,-8.010471204188482,-77.5,0.2367,136.94124814960318,73.53270036083775,27.96606901427097,78.97802792916099,0.3301851505517112,2640
8,-7.0680628272251305,-77.5,0.2367,141.54441041898662,64.96875577442145,31.248432997580394,57.529892038798295,0.362735542560104,1393
9,-6.12565445026178,-77.5,0.2367,159.68477179528332,36.321338538202276,28.777177593409384,30.720683848725333,0.44191522762951335,410
10,-5.183246073298429,-77.5,0.2367,188.01079338204366,71.97672631824355,28.547566583169612,47.96937472425345,0.351506456241033,1169
11,-4.2408376963350785,-77.5,0.2367,149.2604397937065,100.01350923505694,30.65168129009704,46.066898522977574,0.35289896670493687,984
12,-3.298429319371728,-77.5,0.2367,129.4013066415721,40.7658526876202,26.163073073528533,16.80857910554812,0.4587301587301587,123
13,-2.356020942408377,-77.5,0.2367,121.14779236072073,54.03242095421766,22.77048403506209,20.802109901830843,0.44072948328267475,154
14,-1.4136125654450262,-77.5,0.2367,126.95262732861468,43.67883526435083,21.5052521057358,16.69439102594308,0.44155844155844154,79
15,-0.4712041884816754,-77.5,0.2367,132.22311955917397,53.31734179300793,16.988171691677838,24.500853677560034,0.3467048710601719,76
16,0.4712041884816754,-77.5,0.2367,136.867542103685,54.86134845563039,15.964222979315682,20.89069524872265,0.35447761194029853,53
17,-10.837696335078537,-76.25,0.2367,218.12424197341898,79.75724836594573,22.23600691559426,157.67061402332942,0.23813622754491018,5433
18,-9.895287958115185,-76.25,0.2367,251.34253374613886,71.54630457742805,27.86576419366181,126.42607094097856,0.26888050777297395,4472
19,-8.952879581151834,-76.25,0.2367,257.1257929262833,44.117749454517714,33.39820081444315,56.64589600838885,0.38743148003132344,1052
20,-8.010471204188482,-76.25,0.2367,136.53752668931253,77.13156836301143,36.87391432223941,40.40918159166016,0.43670502725620836,590
21,-7.0680628272251305,-76.25,0.2367,97.34489706378761,59.73503440898148,33.59539684579794,23.47546539361776,0.5022522522522522,88
22,-6.12565445026178,-76.25,0.2367,134.00817412445178,40.08315608177172,40.6763185626047,16.65610808339689,0.4829059829059829,42
23,-5.183246073298429,-76.25,0.2367,158.08784423336067,102.03892869632773,41.30021212537519,45.50629413467869,0.34424160031073997,1195
24,-4.2408376963350785,-76.25,0.2367,132.60120153807233,103.06963931020171,37.71299917763021,40.54443835188909,0.34989473684210526,1016
25,-3.298429319371728,-76.25,0.2367,124.01704792998098,103.6101318831028,35.41574555236051,34.78909177053838,0.366797385620915,667
26,-2.356020942408377,-76.25,0.2367,106.40006488580535,101.44966336083728,31.517269841748387,27.990630358991464,0.37561904761904763,404
27,-1.4136125654450262,-76.25,0.2367,81.7622708908581,100.59957776212595,28.84022241327581,17.537132222535078,0.41761148904006046,101
28,-0.4712041884816754,-76.25,0.2367,73.58507572598553,62.213029656830756,25.401728735610224,8.662272798928225,0.4252136752136752,29
29,0.4712041884816754,-76.25,0.2367,77.98716407330039,60.34529727840682,21.522804817626696,7.918053361457897,0.4230769230769231,9
30,1.4136125654450262,-76.25,0.2367,68.25760876056206,6.301203671750661,15.615237601363136,0.5581407449893581,0.5714285714285714,0
31,-13.664921465968591,-75.0,0.2367,123.67692053971959,56.38412458383254,25.225962559004756,73.30616750097737,0.4320208023774146,1664
32,-12.72251308900524,-75.0,0.2367,196.98968598578853,71.29490547584841,33.42305758054737,149.8718257437461,0.2750959324635457,5744
33,-11.780104712041888,-75.0,0.2367,272.1850283319518,65.73481717818022,28.129986891476996,144.7461363622046,0.2558683552472372,4984
34,-10.837696335078537,-75.0,0.2367,338.0821850574397,52.74565117677804,37.56425382483956,91.76866354429768,0.3032651505526617,3329
35,-9.895287958115185,-75.0,0.2367,217.9074425869119,71.32578030307093,45.893404000855995,54.237552265262075,0.3695090439276486,1289
36,-8.952879581151834,-75.0,0.2367,175.38391195339892,42.32664714273208,53.05594760540984,22.54627811531998,0.4894291754756871,110
37,-8.010471204188482,-75.0,0.2367,144.36973490415608,76.57728165396827,52.11400198686363,36.14679811142834,0.434811237928007,444
38,-7.0680628272251305,-75.0,0.2367,131.7259855038978,75.42104454239168,38.35388420133231,41.43368004225111,0.3947565543071161,1026
39,-6.12565445026178,-75.0,0.2367,133.39557613326062,101.49033711325426,50.19074419783236,43.013677111974914,0.36670941736899965,1373
40,-5.183246073298429,-75.0,0.2367,143.28927961487713,106.98643294123622,51.04066025307319,46.076881370450984,0.3384932920536636,1415
41,-4.2408376963350785,-75.0,0.2367,140.3789168730544,103.38861945418645,45.703025928865735,41.072076243037316,0.34362483311081443,1032
42,-3.298429319371728,-75.0,0.2367,128.0725951374891,99.42085983084547,40.644752143181094,32.343363684540506,0.36398796733992267,699
43,-2.356020942408377,-75.0,0.2367,112.17047336860266,98.93933753468927,37.11297331739402,24.65304144390571,0.3978564468983436,382
44,-1.4136125654450262,-75.0,0.2367,84.60057647121158,94.40360905444803,31.389910482080282,18.72162247510508,0.4091970121381886,201
45,-0.4712041884816754,-75.0,0.2367,54.15843298031192,86.35402546787188,28.1392181651554,10.27559983271792,0.4204255319148936,30
46,0.4712041884816754,-75.0,0.2367,28.33975335509486,85.41150645694557,24.01417998204975,5.1955184255198175,0.4365079365079365,5
47,1.4136125654450262,-75.0,0.2367,23.49762992226634,19.893437752334236,18.816070037710425,0.6518373276884732,0.47186147186147187,0
48,2.356020942408377,-75.0,0.2367,23.913515744143975,4.7672523516237035,13.303995744496962,0.10969297420859798,0.5333333333333333,0
49,-14.607329842931941,-73.75,0.2367,166.1962250104176,57.797075247071916,33.022300980074064,94.08466332665603,0.4018534119629318,2274
50,-13.664921465968591,-73.75,0.2367,210.9071909811869,63.5356933939061,43.03245287274594,111.08519963231169,0.36415289256198347,3956
51,-12.72251308900524,-73.75,0.2367,353.28952682122105,78.24136559495793,51.636504123001245,140.31178922694818,0.2629626988089295,6206
52,-11.780104712041888,-73.75,0.2367,278.9726831784118,87.22026385180204,57.82834749048085,99.39436616878527,0.2912494785148102,3996
53,-10.837696335078537,-73.75,0.2367,224.11857722775983,91.65796536551665,59.70360249953169,59.67546079201143,0.3595086641807414,1554
54,-9.895287958115185,-73.75,0.2367,204.7215838521653,105.92484504184975,60.78433553354834,65.3602462321631,0.34788010560646065,1977
55,-8.952879581151834,-73.75,0.2367,181.56728941438163,99.11707883864355,59.05221593503602,58.18925064225583,0.3554123311073148,1623
56,-8.010471204188482,-73.75,0.2367,166.58334231101884,77.8008153862428,56.49636114567271,39.999693092673155,0.4062671045429666,587
57,-7.0680628272251305,-73.75,0.2367,155.29586606044884,90.98084960372856,57.81797059437445,40.78825670042919,0.37976902454114253,886
58,-6.12565445026178,-73.75,0.2367,163.46556627755297,114.17141836320609,55.19186505264409,52.59142070824649,0.3147340361080819,1766
59,-5.183246073298429,-73.75,0.2367,164.99194242238448,105.54825055243157,53.65376668798269,47.1736944634209,0.33377783704493935,1451
60,-4.2408376963350785,-73.75,0.2367,151.28471090702624,106.37661154649356,50.27302656559814,40.12657180680375,0.34427284427284427,981
61,-3.298429319371728,-73.75,0.2367,128.76342389525038,99.76681869973788,44.19335033341752,30.149568304263507,0.373015873015873,626
62,-2.356020942408377,-73.75,0.2367,105.10251196099549,98.7275827927329,41.57388968798957,20.517788050681038,0.3985994397759104,275
63,-1.4136125654450262,-73.75,0.2367,72.10549159795568,81.61669907823574,36.57785114601779,10.428824903581791,0.4119513484928609,29
64,-0.4712041884816754,-73.75,0.2367,45.51466861861488,90.765212217351,31.509679989893183,6.958871475710854,0.4370286576168929,12
65,0.4712041884816754,-73.75,0.2367,22.350993807049203,90.53274642739612,27.569374315962857,3.410337708245323,0.4158186864014801,5
66,1.4136125654450262,-73.75,0.2367,6.873091095927608,82.25887924615519,23.949174107453313,0.8988611465942762,0.43243243243243246,0
67,-14.607329842931941,-72.5,0.2367,231.48717823520892,59.498925639980655,30.710081011527976,313.4304046245026,0.16528550346236803,10623
68,-13.664921465968591,-72.5,0.2367,336.796586592731,64.44556740751891,44.88962593683825,168.2041806506338,0.2562946938284959,7070
69,-12.72251308900524,-72.5,0.2367,381.9712230778757,72.76085131122612,56.544263693920925,118.0703381949157,0.2872019967294948,5168
70,-11.780104712041888,-72.5,0.2367,268.63790725812254,103.08784192211309,60.009617723193195,76.80066994665957,0.35039972784487156,2279
71,-10.837696335078537,-72.5,0.2367,213.4259060013826,111.80124457971665,55.71756920261157,73.39463843962965,0.3408034099715836,2235
72,-9.895287958115185,-72.5,0.2367,195.14302677681872,115.448291360226,52.8759766773528,74.44802544542347,0.3051082997891508,2750
73,-8.952879581151834,-72.5,0.2367,180.13717801675116,99.79990562794083,51.11013930631771,61.07426513614848,0.32428606597735105,1860
74,-8.010471204188482,-72.5,0.2367,183.83067415313337,35.338242841282856,52.139213467059704,19.337929143887735,0.4141091219096334,65
75,-7.0680628272251305,-72.5,0.2367,174.81452360391924,50.56116666091776,51.9695419053914,24.949605638964854,0.39518072289156625,165
76,-6.12565445026178,-72.5,0.2367,186.01245256423095,118.71696936294724,52.628148189420955,57.96403874861147,0.2941205053449951,1916
77,-5.183246073298429,-72.5,0.2367,185.64836699482424,111.23492315106725,51.60100670991621,52.728045196924214,0.2918457080043969,1725
78,-4.2408376963350785,-72.5,0.2367,164.27656071408865,97.01515157854982,50.59569876427869,38.1764687488957,0.33752860411899316,929
79,-3.298429319371728,-72.5,0.2367,144.65567041076474,103.17464316791678,47.59414068110681,33.35269726257607,0.36227106227106226,712
80,-2.356020942408377,-72.5,0.2367,118.80106230605116,94.25185798207286,44.837713477247675,23.125838224533393,0.3934065934065934,325
81,-1.4136125654450262,-72.5,0.2367,85.96984306278988,96.17449698891103,41.98567037773451,15.34871081573462,0.4064814814814815,165
82,-0.4712041884816754,-72.5,0.2367,58.44715867352447,92.37052284970612,36.52724032074312,8.695342493639686,0.40885780885780887,22
83,0.4712041884816754,-72.5,0.2367,32.13001870427518,88.00507934610343,31.364370022012032,3.7637999425540194,0.41493506493506493,6
84,1.4136125654450262,-72.5,0.2367,13.228113527235887,85.29350415024463,28.24852800024302,1.2004076238719423,0.41497584541062804,1
85,-14.607329842931941,-71.25,0.2367,271.3151950048204,59.06208332374509,30.06173778061362,359.2296479517635,0.15681180505040007,10784
86,-13.664921465968591,-71.25,0.2367,393.57768827007345,86.3904640247826,49.626901511290725,216.75903944875247,0.20596195484070523,8852
87,-12.72251308900524,-71.25,0.2367,345.5455310400949,58.275629606535674,50.4811243929026,84.45820795024574,0.36261482939632544,2784
88,-11.780104712041888,-71.25,0.2367,225.42383728831533,105.8565950917025,49.45545719323843,71.65241333444823,0.364266622118276,1910
89,-10.837696335078537,-71.25,0.2367,189.82108287458638,112.88230802433803,46.974323938159756,71.45335195469534,0.3243030303030303,2021
90,-9.895287958115185,-71.25,0.2367,177.95519968968676,113.16137018791905,45.59963419053642,67.60672857331649,0.31104104436331453,2047
91,-8.952879581151834,-71.25,0.2367,189.11472275573232,78.51937384358678,46.325413338498834,46.75192110210119,0.35157855408182326,855
92,-8.010471204188482,-71.25,0.2367,199.24134078191165,13.529213769324242,45.95769185560554,8.124271127267725,0.3947646747752512,3
93,-7.0680628272251305,-71.25,0.2367,200.04695472102463,64.36537690147033,45.379152123404644,35.881580788488705,0.3517500458127176,639
94,-6.12565445026178,-71.25,0.2367,195.9380015980166,105.96165283167201,48.346489384671436,53.966717449162275,0.2898498560263266,1737
95,-5.183246073298429,-71.25,0.2367,196.17643000691746,112.07288824401346,50.23402034329809,55.16201910586967,0.29047136340598073,1589
96,-4.2408376963350785,-71.25,0.2367,185.90298718204855,108.44766066491417,51.815284816016316,48.03881177019691,0.3077635080411894,1277
97,-3.298429319371728,-71.25,0.2367,157.70385422276883,108.27003431442853,50.93179988701738,37.87359617788836,0.34476762567183056,832
98,-2.356020942408377,-71.25,0.2367,129.70272922080503,96.82594834153413,47.87302562103546,26.795852942643236,0.3872271624898949,473
99,-1.4136125654450262,-71.25,0.2367,113.41163409914536,100.19063203004224,45.85310181695495,21.959078145159133,0.38687150837988826,353
100,-0.4712041884816754,-71.25,0.2367,88.98857905188054,95.28026163563482,41.192820019404515,14.658954522017002,0.407088122605364,160
101,0.4712041884816754,-71.25,0.2367,52.56161768288723,89.06089017516933,35.35654830551243,6.796757132497643,0.4230769230769231,24
102,1.4136125654450262,-71.25,0.2367,25.33140762447283,75.73696339852748,31.428832864814304,1.8550930919760604,0.42017416545718433,1
103,-13.664921465968591,-70.0,0.2367,404.7448159678986,79.96240017346527,37.91194412117853,140.5599793949832,0.2587381135954767,6473
104,-12.72251308900524,-70.0,0.2367,305.66741833152696,50.025477027534635,45.595691717819996,47.09719104148483,0.45062240663900416,766
105,-11.780104712041888,-70.0,0.2367,189.56547311954458,70.47130303541071,42.10655913324679,45.29954882493808,0.4132991556091677,637
106,-10.837696335078537,-70.0,0.2367,172.91084478789895,48.16442371452946,38.78144151953239,29.27122344650841,0.4458450046685341,188
107,-9.895287958115185,-70.0,0.2367,177.89099528652665,85.18122825114989,39.776545386038315,49.54798143518914,0.3426788191004557,1041
108,-8.952879581151834,-70.0,0.2367,197.59458175304303,45.05461245636273,41.352752115138586,27.715667576727228,0.3824148824148824,227
109,-8.010471204188482,-70.0,0.2367,219.38479124324095,32.600845558696534,41.26907210661419,20.327266060010302,0.4003839590443686,108
110,-7.0680628272251305,-70.0,0.2367,226.3458892479049,58.82753488826745,42.134399597641114,35.5956732526211,0.35207482261879164,683
111,-6.12565445026178,-70.0,0.2367,219.5786572910128,112.50213023631936,46.25407018183089,62.503334583017065,0.26061064372814063,1931
112,-5.183246073298429,-70.0,0.2367,215.02212343099004,112.23316719437062,50.40410228842985,57.0659988303675,0.2762618690654673,1565
113,-4.2408376963350785,-70.0,0.2367,208.43257213880435,91.2530641573956,52.49795126243265,43.90294197278859,0.30440669620876415,1004
114,-3.298429319371728,-70.0,0.2367,183.89524189457748,104.43267694546331,52.67442006922664,38.572474387793264,0.33345830833833234,782
115,-2.356020942408377,-70.0,0.2367,161.92699765785977,104.01498495846647,51.52452502593723,31.98704808989266,0.3640062326869806,583
116,-1.4136125654450262,-70.0,0.2367,148.66558384378175,99.37272008174239,49.13759127227508,28.081657999741843,0.3588305286418494,465
117,-0.4712041884816754,-70.0,0.2367,130.7613891273163,96.70183717298208,45.21741936439265,23.914361934047797,0.37418268278185063,313
118,0.4712041884816754,-70.0,0.2367,88.0861432405712,93.80710891272108,40.90600506605968,13.139756543732599,0.41129518072289156,101
119,1.4136125654450262,-70.0,0.2367,50.58206197011678,89.65293513883302,35.83347609954251,5.501615205280412,0.427972027972028,17
120,-15.549738219895294,-68.75,0.2367,307.48451322285285,101.34037664256576,27.155485291253314,168.13583895478112,0.221796134114111,7494
121,-14.607329842931941,-68.75,0.2367,315.5254886129984,86.55287645701613,35.93721155670151,115.88408717923,0.2931629512172372,4957
122,-13.664921465968591,-68.75,0.2367,310.0026704791696,89.37411142313532,38.0251557825172,92.95681544843721,0.3057824591573517,3617
123,-12.72251308900524,-68.75,0.2367,222.04428684836677,90.19842501947893,42.445540175805455,62.44164738510987,0.36496133254015467,1283
124,-11.780104712041888,-68.75,0.2367,196.03208311034956,27.398816197424605,24.12039016259862,28.50416847584776,0.49142156862745096,187
125,-10.837696335078537,-68.75,0.2367,184.8797312071976,11.181425558130888,24.59547614986952,9.777198459427307,0.5055555555555555,7
126,-9.895287958115185,-68.75,0.2367,190.4690935227936,54.77372811330542,35.673858692019174,31.72707485158169,0.38846153846153847,252
127,-8.952879581151834,-68.75,0.2367,196.2660806902722,5.761390861216125,36.82482169020313,3.3272250554105467,0.40530612244897957,0
128,-8.010471204188482,-68.75,0.2367,217.3452624700094,85.57628232288951,39.02734525167133,48.622863891016465,0.2983324170789811,1186
129,-7.0680628272251305,-68.75,0.2367,234.4152446354955,112.80995251106818,42.92310468846848,61.97602072374319,0.261696626446688,1827
130,-6.12565445026178,-68.75,0.2367,240.0762261523645,112.85756367381157,47.361373254959965,60.56689814815553,0.2622627998567848,1580
131,-5.183246073298429,-68.75,0.2367,239.28058442777507,113.3424085228297,50.695649893576366,57.00670896698076,0.2743565636385004,1341
132,-4.2408376963350785,-68.75,0.2367,217.45890274670342,111.2675987223957,52.685067064500956,49.95370973718214,0.28883150419625564,977
133,-3.298429319371728,-68.75,0.2367,201.60150714678417,111.6507802042451,55.336667280506525,41.919208435092365,0.29272409051131393,774
134,-2.356020942408377,-68.75,0.2367,180.11771225072908,108.41780814633317,53.89617726152056,36.3204605117765,0.334488351518726,562
135,-1.4136125654450262,-68.75,0.2367,177.93747470886962,105.29379435271211,52.387854520155315,35.67468038314347,0.35778688524590163,505
136,-0.4712041884816754,-68.75,0.2367,167.43434372991968,104.9274355465486,51.08412635286299,31.98583781191011,0.3562228304620834,372
137,0.4712041884816754,-68.75,0.2367,135.14131252976753,101.66942196261367,46.926803163825,23.574818754919825,0.3748513674197384,197
138,1.4136125654450262,-68.75,0.2367,92.96319690137724,96.39265297521794,41.31034604905729,13.535003377322578,0.40257919820577515,93
139,2.356020942408377,-68.75,0.2367,51.974721969870984,88.92991252144591,36.863518143573174,5.167569481286837,0.43148880105401843,16
140,-16.492146596858646,-67.5,0.2367,317.1917289844313,54.46254852660102,14.93422195158701,66.45822803405441,0.41186813186813187,1463
141,-15.549738219895294,-67.5,0.2367,267.17575023294893,49.91708966595614,26.576535313816816,51.024095831738904,0.45550351288056207,933
142,-14.607329842931941,-67.5,0.2367,187.762915156463,77.81328512025755,34.248381130701844,46.55558024456267,0.4478662560492741,820
143,-13.664921465968591,-67.5,0.2367,159.1003468302805,87.51347164458605,35.34817077190087,51.2208709407534,0.39758698092031425,1020
144,-12.72251308900524,-67.5,0.2367,167.69044765132938,105.51710795227149,34.2959349531753,68.1094670756829,0.3222723033882499,1934
145,-11.780104712041888,-67.5,0.2367,166.50763347487612,104.23327025817527,35.47341263320151,60.0199686571389,0.315893563466379,1409
146,-10.837696335078537,-67.5,0.2367,181.82384792397346,46.17319496551112,35.366310732517704,26.49521339727896,0.3966165413533835,155
147,-9.895287958115185,-67.5,0.2367,199.09465566072936,4.452383545159277,33.18975601478655,2.603252510373339,0.4219219219219219,0
148,-8.952879581151834,-67.5,0.2367,201.23534772155648,38.15053338171912,35.33840902532906,21.028505244397476,0.4176788124156545,113
149,-8.010471204188482,-67.5,0.2367,214.26679979293417,107.74428551901083,38.713604481130815,59.66877657735433,0.2758390382367674,1574
150,-7.0680628272251305,-67.5,0.2367,237.50340888074348,91.1050613852445,43.733760627962106,50.63415704505312,0.2995049504950495,1283
151,-6.12565445026178,-67.5,0.2367,255.6569607686658,111.09083312388945,48.250435935460494,60.080492245542246,0.2623380204025365,1322
152,-5.183246073298429,-67.5,0.2367,239.55653337344995,113.08246125707711,51.00265201553441,55.16334314830094,0.2729528535980149,1033
153,-4.2408376963350785,-67.5,0.2367,212.69126726001355,111.63896924663739,52.928656778272604,47.604630202526764,0.2802270716602772,848
154,-3.298429319371728,-67.5,0.2367,179.43912001790272,104.13804767428681,53.501097469753184,38.02581352926762,0.3155759393191039,514
155,-2.356020942408377,-67.5,0.2367,165.48447637067366,108.5533991549366,53.590597141392756,36.83594323448899,0.323982683982684,482
156,-1.4136125654450262,-67.5,0.2367,163.5163438257648,104.27073412334069,52.17588929285928,35.983438407115145,0.33185700727617845,462
157,-0.4712041884816754,-67.5,0.2367,158.62541042274842,106.57417617241089,52.88193484844621,34.949864045575154,0.3556520287193187,360
158,0.4712041884816754,-67.5,0.2367,144.73998969567864,105.95200708295883,49.72149868151802,28.538334526325492,0.36211548839719376,239
159,1.4136125654450262,-67.5,0.2367,127.24532661698922,91.14105485738578,45.05697118894884,20.700964704117116,0.390311004784689,131
160,2.356020942408377,-67.5,0.2367,80.24383996042538,67.47199216396838,38.92821199500786,9.070030505339947,0.4106392907139524,31
161,-18.376963350785346,-66.25,0.2367,204.6970448573071,96.09460495541398,10.53375969801475,64.36238645976641,0.42701525054466233,1006
162,-17.434554973821996,-66.25,0.2367,244.5468770655568,64.72570280043581,17.500176246578093,52.49823621815115,0.4420572916666667,977
163,-16.492146596858646,-66.25,0.2367,259.0282522117989,93.2431525200479,25.543180525894158,100.30740555453589,0.30051201260338717,3407
164,-15.549738219895294,-66.25,0.2367,196.54088898425454,101.60713374741457,32.9142836857878,64.30072291113429,0.359048848719604,1904
165,-14.607329842931941,-66.25,0.2367,174.81181837187304,111.8888610787235,32.58484343858337,67.75789637524012,0.33565802428618313,2165
166,-13.664921465968591,-66.25,0.2367,186.37901642946946,84.35478422361793,22.226641910571935,75.87031126636798,0.32322761194029853,2524
167,-12.72251308900524,-66.25,0.2367,183.04122614122966,119.58005477586994,31.03400599542727,68.43537976426575,0.30441316039228095,1886
168,-11.780104712041888,-66.25,0.2367,176.9688173456136,114.578956255542,32.36740818286557,60.94710038724303,0.3045977011494253,1352
169,-10.837696335078537,-66.25,0.2367,189.0245165925159,90.82220185504805,33.35158914496869,49.195875166331085,0.31446188340807174,830
170,-9.895287958115185,-66.25,0.2367,211.25766633880212,73.29685635513019,34.286818556922036,40.95360744898963,0.3295281582952816,520
171,-8.952879581151834,-66.25,0.2367,227.82495555453352,58.24769981911944,35.184321522775996,33.57213498902837,0.35518672199170126,361
172,-8.010471204188482,-66.25,0.2367,239.96978931315422,94.95453920791483,38.14903086573317,56.11921625394049,0.24889455782312925,1321
173,-7.0680628272251305,-66.25,0.2367,251.22240295162507,102.29265896787646,42.87982670228393,56.93104557339299,0.2584738687593922,1230
174,-6.12565445026178,-66.25,0.2367,249.87604137710687,113.53898264476999,47.489931162857026,59.2891938357114,0.26257513445112307,1079
175,-5.183246073298429,-66.25,0.2367,223.99705600223504,112.41187035329192,51.078930638622566,50.07458674612833,0.2746205435933639,870
176,-4.2408376963350785,-66.25,0.2367,186.94025087449882,108.39397155990775,50.90123837557111,39.11492817757478,0.29026603423386266,530
177,-3.298429319371728,-66.25,0.2367,162.4385975908685,102.82974312413242,52.53100970577514,32.39933612091424,0.3231680561649846,396
178,-2.356020942408377,-66.25,0.2367,134.2168016460078,110.39885442637237,55.255912118372706,29.190525323007197,0.33092313787638666,324
179,-1.4136125654450262,-66.25,0.2367,115.99672878578627,106.94041552080307,54.14254612659752,28.919901496994676,0.3401904761904762,275
180,-0.4712041884816754,-66.25,0.2367,94.60342556269092,95.22793166448221,52.33045625613851,22.969905716263465,0.3783904954046178,204
181,0.4712041884816754,-66.25,0.2367,82.81372385361968,90.54303277927755,48.57925750602393,19.237930094968323,0.37379511320331765,138
182,1.4136125654450262,-66.25,0.2367,70.67961588362941,90.48272293292476,45.08056439464576,14.589337544538989,0.40770230744231395,80
183,2.356020942408377,-66.25,0.2367,42.50020542708239,88.91639514320622,40.42176765964417,7.858276831899092,0.4343185550082102,36
184,-18.376963350785346,-65.0,0.2367,218.10202012355336,117.93362434766269,20.88014305564193,57.06573891068779,0.4169004207573633,765
185,-17.434554973821996,-65.0,0.2367,185.728612598598,37.274466580389934,26.471406939571008,27.825018124251137,0.5477477477477477,169
186,-16.492146596858646,-65.0,0.2367,161.7805161628833,100.84420307758613,26.77637624663116,57.08732901900888,0.37716167993412025,1382
187,-15.549738219895294,-65.0,0.2367,178.60276927225175,86.70179665532645,21.566593733257413,58.315351570256034,0.35901926444833626,1549
188,-14.607329842931941,-65.0,0.2367,185.04420653225083,104.48880519953758,23.1481484315579,69.72672038201864,0.3138680033416876,2253
189,-13.664921465968591,-65.0,0.2367,194.6456428030609,94.47969385467158,21.124556356042252,67.0895350081272,0.316643982111608,2038
190,-12.72251308900524,-65.0,0.2367,210.44938300507332,97.63822678722174,22.74993430745509,67.45438594045221,0.29409607627429407,1870
191,-11.780104712041888,-65.0,0.2367,202.98972662821208,98.87807212500964,29.406844453124144,53.5379760659571,0.30253067484662577,1074
192,-10.837696335078537,-65.0,0.2367,226.7106248650001,58.933792670712435,30.76872623053456,32.4102224152904,0.37170639899623586,285
193,-9.895287958115185,-65.0,0.2367,241.04928967829068,17.096922487113257,30.777545444621428,10.089378611077242,0.39564564564564564,7
194,-8.952879581151834,-65.0,0.2367,252.10741074920668,38.11331244901716,30.23149894579884,22.93106009941136,0.3799860041987404,139
195,-8.010471204188482,-65.0,0.2367,268.60631164545924,76.22601043501881,33.83761601390473,47.91781481600459,0.2587175286683829,905
196,-7.0680628272251305,-65.0,0.2367,261.42064309932476,62.956211864134744,39.049551485228825,35.05371786276103,0.3056979198070546,580
197,-6.12565445026178,-65.0,0.2367,241.86961839613053,109.27635379352124,45.59877508207484,52.79833454429514,0.2447206129695384,865
198,-5.183246073298429,-65.0,0.2367,211.98844012855312,66.5402079483084,48.22425852077665,25.27879111524481,0.33726495726495725,360
199,-4.2408376963350785,-65.0,0.2367,182.8036140949182,61.46772164520566,48.98039300365045,18.949523162728347,0.365414710485133,182
200,-3.298429319371728,-65.0,0.2367,136.32869204108937,79.52584322705972,52.0087307234614,19.30042783817619,0.37293787293787295,168
201,-2.356020942408377,-65.0,0.2367,106.58201738172718,112.53778162740774,56.104985399532055,22.200192921995544,0.33109919571045576,215
202,-1.4136125654450262,-65.0,0.2367,75.96137512985229,102.01218104013375,52.206058653544424,15.802194051408021,0.38694501617171423,101
203,-0.4712041884816754,-65.0,0.2367,48.80000037358836,100.81165247265311,52.30510453906969,11.929442018351974,0.4141681363903586,51
204,0.4712041884816754,-65.0,0.2367,31.880289447862488,93.63839851227294,47.559508865430004,7.996913945149397,0.448943661971831,13
205,1.4136125654450262,-65.0,0.2367,17.28356168626417,96.40910268318262,45.018020453508605,3.896169860102205,0.42488262910798125,4
206,-20.261780104712045,-63.75,0.2367,141.6766258470207,20.66861023582866,0.0,6.059489474045288,1.0,4
207,-19.319371727748695,-63.75,0.2367,115.78864742104392,69.68592478906398,22.463367470153464,23.870961779883928,0.5546875,87
208,-18.376963350785346,-63.75,0.2367,109.71074687812744,81.29984005169946,22.81189361300272,31.018564971952237,0.4446043165467626,150
209,-17.434554973821996,-63.75,0.2367,115.63827799725685,22.78717527667797,21.180798568249628,10.685400366758067,0.49884526558891457,9
210,-16.492146596858646,-63.75,0.2367,135.79152645957245,101.86929261833876,19.522169071186656,48.790164214275336,0.3609644491376276,1060
211,-15.549738219895294,-63.75,0.2367,156.5643628179249,103.69197153282745,20.31807714373199,54.74040076729,0.3363531780270348,1364
212,-14.607329842931941,-63.75,0.2367,174.33251836075286,107.61974379073966,21.57407447732367,58.02805479185466,0.3129091385179366,1359
213,-13.664921465968591,-63.75,0.2367,188.66881821047065,107.14167367589258,21.69860192116871,62.1345531907787,0.3206253428414701,1407
214,-12.72251308900524,-63.75,0.2367,193.2928665482292,114.47251900408544,24.91335408098032,60.12823274474766,0.3052054794520548,1201
215,-11.780104712041888,-63.75,0.2367,216.22961028793137,36.948625428856595,26.43949151771613,19.945860379602642,0.40286144578313254,42
216,-10.837696335078537,-63.75,0.2367,244.7006926156267,84.93496776716158,27.70121803236222,47.7217228761182,0.2772904483430799,609
217,-9.895287958115185,-63.75,0.2367,271.67513202310977,15.598553511992536,27.37837250244693,9.742579222015445,0.4055258467023173,4
218,-8.952879581151834,-63.75,0.2367,278.23075614365496,4.930022845698172,26.584161372588966,3.0744007699295324,0.4183467741935484,0
219,-8.010471204188482,-63.75,0.2367,283.39951843161083,22.79283623370383,28.91382084283423,14.870481789999648,0.38847780126849896,53
220,-7.0680628272251305,-63.75,0.2367,276.2229127543118,35.737669897445215,34.03299138241662,21.18842710954716,0.3508771929824561,142
221,-6.12565445026178,-63.75,0.2367,246.5147585375642,92.30731555938775,41.58265972715638,44.88495262255729,0.2233327106295535,688
222,-5.183246073298429,-63.75,0.2367,219.49060415292357,96.00767136448603,44.94539410765183,37.381082826667175,0.2595787586825006,491
223,-4.2408376963350785,-63.75,0.2367,187.1189985585468,39.007858646388605,47.13561470229252,11.643792212532695,0.41767554479418884,46
224,-3.298429319371728,-63.75,0.2367,144.02508590585086,109.54437717607132,49.934773834162336,26.731803849438798,0.3131016042780749,244
225,-2.356020942408377,-63.75,0.2367,106.12386733611419,105.53649077392276,51.161123080306176,19.407013332837188,0.356140350877193,145
226,-1.4136125654450262,-63.75,0.2367,71.96382291663345,98.93356882927766,50.67531328461766,10.975693168926012,0.38810641627543035,37
227,-0.4712041884816754,-63.75,0.2367,36.601580611980495,105.52706362450236,53.514925676367724,6.3332287654791735,0.40395569620253163,11
228,0.4712041884816754,-63.75,0.2367,14.001230458655044,94.89539112890752,47.7994892064559,3.5256552808753137,0.4490781387181738,2
229,1.4136125654450262,-63.75,0.2367,3.49767553559316,74.25907408824399,44.4396978384857,1.1072357210564965,0.45442908346134153,0
230,3.298429319371728,-63.75,0.2367,-1.6870062081283352,83.95040599292042,34.759758766817136,0.4301519252262128,0.4878048780487805,0
231,-19.319371727748695,-62.5,0.2367,61.57828548830231,49.770452017748774,12.201606045832715,11.487784786607222,0.5714285714285714,10
232,-18.376963350785346,-62.5,0.2367,64.69552886859063,22.89152114832898,12.105106681419022,6.6280610784084475,0.5357142857142857,0
233,-17.434554973821996,-62.5,0.2367,85.65918224067607,12.75598307513898,12.632264468518118,5.210392102394932,0.5178571428571429,0
234,-16.492146596858646,-62.5,0.2367,128.71940036977384,67.42981542193742,13.867442356665844,31.22720341095968,0.4006928406466513,243
235,-15.549738219895294,-62.5,0.2367,164.34133208961646,71.56932065317157,15.677234962845485,35.88756453699192,0.43483870967741933,395
236,-14.607329842931941,-62.5,0.2367,182.40457498387934,110.99867043098465,18.278928680660194,55.4882775944246,0.3180778032036613,1104
237,-13.664921465968591,-62.5,0.2367,200.44082469719936,117.15131614365583,21.410271113159734,63.311723580275014,0.28412426614481406,1492
238,-12.72251308900524,-62.5,0.2367,219.1660756802741,116.66062826445133,24.312637010460772,65.5684621224375,0.2485256950294861,1383
239,-11.780104712041888,-62.5,0.2367,239.35746474785952,39.23947599572017,20.125320718179665,26.415438225172153,0.4024024024024024,104
240,-10.837696335078537,-62.5,0.2367,259.3869510133137,53.965973218939716,21.57709046585056,34.43645830705081,0.33715441672285906,223
241,-9.895287958115185,-62.5,0.2367,307.33583113794464,1.2291348069926515,21.527914863723176,0.8890612575720036,0.46296296296296297,0
242,-8.952879581151834,-62.5,0.2367,309.9312494958952,17.515218438275607,23.986642465576033,11.438446386755349,0.4497153700189753,22
243,-8.010471204188482,-62.5,0.2367,313.1118778847296,27.6118961870415,25.821376459038838,17.87322204969513,0.38170731707317074,82
244,-7.0680628272251305,-62.5,0.2367,279.63860730096064,12.505256292001379,29.544697164050092,7.437910116524592,0.40757381258023107,12
245,-6.12565445026178,-62.5,0.2367,259.43743652156417,36.330649968811734,35.793946300849996,18.674081473788494,0.3296883542919628,127
246,-5.183246073298429,-62.5,0.2367,240.28049699440956,99.95221286602994,41.8161215328797,42.54108969612675,0.21160596752961824,514
247,-4.2408376963350785,-62.5,0.2367,208.02514035056967,42.01119917448095,45.17871653115794,13.355512216564483,0.36977401129943505,59
248,-3.298429319371728,-62.5,0.2367,166.33206628297333,100.24905351025296,48.223333239287996,25.415130715476145,0.30753002271989616,183
249,-2.356020942408377,-62.5,0.2367,123.72783747599162,95.90241452383516,48.54824310542814,18.14614058659926,0.35424430641821947,119
250,-1.4136125654450262,-62.5,0.2367,79.60443122622316,57.704219018436575,53.519279632003986,6.341730495004374,0.39158653846153846,18
251,-0.4712041884816754,-62.5,0.2367,35.96331579680551,93.49076537905066,50.01604940564479,4.843876259351366,0.3933274802458297,7
252,0.4712041884816754,-62.5,0.2367,13.645249314855459,87.57828092436084,46.944072852746494,1.9797623384123781,0.4280753968253968,0
253,1.4136125654450262,-62.5,0.2367,5.169658408825079,55.623201272476344,43.471110737194394,0.7623356402181591,0.45706214689265534,0
254,2.356020942408377,-62.5,0.2367,0.6212700450668969,75.50662737057753,42.766199178646225,0.7046614628870198,0.4431643625192012,0
255,3.298429319371728,-62.5,0.2367,-4.087986462233829,85.62640963798297,37.113997133597266,0.3237977341418661,0.4708603145235893,0
256,-18.376963350785346,-61.25,0.2367,71.95056844051858,68.55149897845205,9.71386283538108,22.527009383112095,0.3798076923076923,72
257,-17.434554973821996,-61.25,0.2367,93.05619269656238,40.88797652963665,10.401105476395916,15.328725091159702,0.4444444444444444,15
258,-16.492146596858646,-61.25,0.2367,128.00307919453064,45.260391207717205,9.795214474446109,21.6929747561118,0.4444444444444444,36
259,-15.549738219895294,-61.25,0.2367,162.34997080770245,53.474413945100906,12.718741832735299,24.955782097996707,0.46825396825396826,98
260,-14.607329842931941,-61.25,0.2367,193.28355429803347,99.40637706100952,16.24270301228254,46.90694964770497,0.33485342019543973,612
261,-13.664921465968591,-61.25,0.2367,226.70443362154577,112.20277172006392,18.713597129028937,63.66940869925655,0.25706436420722134,1298
262,-12.72251308900524,-61.25,0.2367,254.35347864925853,26.8591181194603,19.673246037190445,17.49905560544168,0.47480106100795755,42
263,-11.780104712041888,-61.25,0.2367,277.63393081382065,18.498526789918177,18.692455590048,13.913789545840519,0.48307692307692307,14
264,-10.837696335078537,-61.25,0.2367,269.6169573070632,52.38457227757774,23.354163844883104,32.26135468276629,0.3666950596252129,195
265,-9.895287958115185,-61.25,0.2367,298.3539004344089,27.74125426366407,24.373830945415012,17.317714326820383,0.45540796963946867,44
266,-8.952879581151834,-61.25,0.2367,326.5247205347239,26.45375504092212,24.396861456060083,17.618695434161566,0.4435612082670906,64
267,-8.010471204188482,-61.25,0.2367,320.8059048417201,22.642651553530083,24.786774985492144,14.815937973927069,0.4480421686746988,52
268,-7.0680628272251305,-61.25,0.2367,296.6943472926158,59.210313459068125,28.77541346972871,34.77937324271689,0.22997189037245255,440
269,-6.12565445026178,-61.25,0.2367,279.30498941931984,51.60456205198208,33.18981425529783,25.374349672396797,0.2751865671641791,267
270,-5.183246073298429,-61.25,0.2367,250.09838921095482,32.55326912069624,37.11842301699509,13.54171626235154,0.3482142857142857,72
271,-4.2408376963350785,-61.25,0.2367,222.71180055917844,7.1839031614909565,39.92302831345373,2.5147158994271295,0.40301974448315914,0
272,-3.298429319371728,-61.25,0.2367,200.29922170285073,32.350240469397036,44.96241645185736,9.203040837472875,0.37744107744107747,30
273,-2.356020942408377,-61.25,0.2367,146.17469306361738,98.87748033030671,48.061083085601865,20.22948884116967,0.3137366818873668,130
274,-1.4136125654450262,-61.25,0.2367,87.20256338053164,64.69972582977786,48.4005245866567,7.999522654955432,0.3821924603174603,39
275,-0.4712041884816754,-61.25,0.2367,39.31235497629013,55.46686190209133,46.6760127541262,3.0866557298268313,0.4057239057239057,5
276,0.4712041884816754,-61.25,0.2367,15.601881616915566,53.24177290057251,45.26337790873288,1.141698424627873,0.39876632801161105,0
277,1.4136125654450262,-61.25,0.2367,5.6139753186394685,41.218541666413984,44.325174878490344,0.421949790427096,0.43074225599064875,0
278,2.356020942408377,-61.25,0.2367,-2.638387607758112,7.566770085516179,43.38367553317903,0.02817409416943552,0.4423728813559322,0
279,3.298429319371728,-61.25,0.2367,-7.139498956142588,64.55836383780708,41.901520816861805,0.0946538371684659,0.4505464480874317,0
280,4.2408376963350785,-61.25,0.2367,-6.277210368302507,63.852914577200934,32.121774287330624,0.04744328622170426,0.49715099715099714,0
281,-15.549738219895294,-60.0,0.2367,177.90187746373618,68.31711798395887,8.026490856159043,40.31239640255967,0.3522727272727273,405
282,-14.607329842931941,-60.0,0.2367,214.60246491871663,60.88635907580736,12.911054948706353,29.184478336159625,0.46905940594059403,156
283,-13.664921465968591,-60.0,0.2367,241.73522460063336,37.82279670970426,15.062952230957576,21.28437808300552,0.5218340611353712,51
284,-12.72251308900524,-60.0,0.2367,272.2327955946007,50.94696057178296,18.584160949492365,32.581362379250336,0.40870098039215685,209
285,-11.780104712041888,-60.0,0.2367,305.1870930698287,89.68317013653615,22.179535493095468,65.50244215839247,0.21878502577897332,1162
286,-10.837696335078537,-60.0,0.2367,307.09377148572923,106.63950830296878,25.61313070232622,72.99226262967584,0.18058201974709856,1282
287,-9.895287958115185,-60.0,0.2367,318.7654179576522,40.232692150374604,24.85419586560703,28.119449372763313,0.40403422982885084,181
288,-8.952879581151834,-60.0,0.2367,328.74929568455576,19.69148090000597,23.749874753988998,13.733806170286554,0.5024752475247525,35
289,-8.010471204188482,-60.0,0.2367,335.7417828433704,51.05371369562171,26.013499406463257,33.87979608119282,0.27487155534796825,458
290,-7.0680628272251305,-60.0,0.2367,323.7640119173499,2.6359059985745503,27.20875937979127,1.5103851715658356,0.47413793103448276,0
291,-6.12565445026178,-60.0,0.2367,296.472534791401,24.722412144711832,30.626365768233118,11.813869024396636,0.39119804400978,39
292,-5.183246073298429,-60.0,0.2367,256.3079433914846,33.88876176621836,33.61245907925249,13.298109103709061,0.3417021276595745,89
293,-4.2408376963350785,-60.0,0.2367,238.64887297320274,4.478793456811888,36.23531104641376,1.6010432382506643,0.3753968253968254,0
294,-3.298429319371728,-60.0,0.2367,243.48254434057037,11.571019184242074,40.342467011288704,3.920907207225776,0.37572590011614404,5
295,-2.356020942408377,-60.0,0.2367,181.81222194907554,2.0664754147189135,42.05327018626179,0.5522195490647548,0.433974358974359,0
296,-1.4136125654450262,-60.0,0.2367,109.12543093707393,25.086562199369286,44.094464692780384,3.6352545218378696,0.41350601295097134,6
297,-0.4712041884816754,-60.0,0.2367,54.52516489043854,83.43135499001772,45.52005005067641,5.261218350342846,0.3847457627118644,13
298,0.4712041884816754,-60.0,0.2367,18.533361370709635,78.3345471733775,43.83481592757879,1.5760226883826,0.41402714932126694,0
299,1.4136125654450262,-60.0,0.2367,7.189206751100922,9.911427312064394,42.09028630644541,0.06643732122717182,0.3953900709219858,0
300,2.356020942408377,-60.0,0.2367,1.5684178918727074,38.50676204182572,40.45491359491983,0.09147004167612499,0.4204440333024977,0
301,3.298429319371728,-60.0,0.2367,-3.1572503095579005,72.79432302223637,39.338181617719485,0.07340642732163558,0.4411764705882353,0
302,4.2408376963350785,-60.0,0.2367,1.15957742760855,73.47287295498343,33.41307424794122,0.11152322554898801,0.503448275862069,0
303,5.183246073298429,-60.0,0.2367,29.931957573080126,76.7019770105841,34.525359234965165,0.3521889654964156,0.4778225806451613,0
304,-13.664921465968591,-58.75,0.2367,263.1327626503626,105.33834178542972,13.126646808931465,65.89270915042971,0.25013691128148957,1392
305,-12.72251308900524,-58.75,0.2367,284.15618647976606,117.48931233534175,19.663007373046145,74.93895311449339,0.21558203483043079,1675
306,-11.780104712041888,-58.75,0.2367,304.5130725966925,72.8082481979485,22.16917049675564,52.158949720121036,0.28235796668090557,670
307,-10.837696335078537,-58.75,0.2367,315.2358423763671,15.02044716081073,22.065730909363282,10.669464666266995,0.5285714285714286,10
308,-9.895287958115185,-58.75,0.2367,334.8243237845927,6.1955357539357125,20.81947606586644,4.578741826103351,0.4881422924901186,3
309,-8.952879581151834,-58.75,0.2367,349.4845901555037,15.98029736423861,21.42175324147617,11.369525744997494,0.4762419006479482,27
310,-8.010471204188482,-58.75,0.2367,351.3615054516293,71.57524580266342,25.590055493477273,46.29642753911728,0.24575659082701337,575
311,-7.0680628272251305,-58.75,0.2367,339.4351016028528,4.885355930945667,27.088988483621954,2.739788485158943,0.49867724867724866,0
312,-6.12565445026178,-58.75,0.2367,322.7199629689164,78.35982643924658,30.694452204788018,37.244927832446834,0.24857142857142858,357
313,-5.183246073298429,-58.75,0.2367,295.33691297365704,114.03355914944721,35.59187893023579,46.60352564710471,0.21745625266752028,332
314,-4.2408376963350785,-58.75,0.2367,265.82690235291915,48.66894152453169,35.93052658911486,18.717503058971694,0.2858823529411765,119
315,-3.298429319371728,-58.75,0.2367,266.3715752368424,12.54292009594106,37.218801695753974,4.6570834620223005,0.36890243902439024,10
316,-2.356020942408377,-58.75,0.2367,200.18737257482388,20.97871449660397,38.45912837084795,6.214757299253154,0.37626262626262624,25
317,-1.4136125654450262,-58.75,0.2367,137.7294039373811,88.33749669862317,43.73384878506871,16.181412880841197,0.2896825396825397,88
318,-0.4712041884816754,-58.75,0.2367,75.54333483493204,97.29278390755923,44.17601055208247,8.099131189791246,0.37207792207792206,26
319,0.4712041884816754,-58.75,0.2367,31.91381447445604,87.96679980010967,42.116680021200516,2.5936312864804827,0.40653061224489795,3
320,-13.664921465968591,-57.5,0.2367,273.412469733812,102.93959890480993,11.98767304500345,70.15053210480403,0.2327354260089686,1544
321,-12.72251308900524,-57.5,0.2367,289.9315937147581,101.69832402298802,17.478363323314742,68.91148683213163,0.2112754987670926,1360
322,-11.780104712041888,-57.5,0.2367,318.76094836121143,28.424743197301442,19.061419266083554,21.07410052711002,0.44571428571428573,62
323,-10.837696335078537,-57.5,0.2367,341.1375223591098,28.017730729147896,19.372252477522377,21.552370839299197,0.41785714285714287,72
324,-9.895287958115185,-57.5,0.2367,355.55516618930915,3.007568650608575,18.734638857767166,2.207300739635329,0.4583333333333333,0
325,-8.952879581151834,-57.5,0.2367,358.02187336271487,38.50743631363974,20.95669517440993,25.944272407467544,0.3520336605890603,286
326,-8.010471204188482,-57.5,0.2367,371.2387375406271,44.26112936386479,24.960078086674567,28.181482080469717,0.3207814269535674,343
327,-7.0680628272251305,-57.5,0.2367,358.7296334339013,78.13066950760812,28.67644832658686,42.5248847074671,0.2772647317502199,423
328,-6.12565445026178,-57.5,0.2367,335.11840225495405,18.75376367124877,29.858020120079427,8.361084105620563,0.44107142857142856,25
329,-5.183246073298429,-57.5,0.2367,320.1172761274517,62.42595443654045,35.29000802787569,24.617083485255645,0.2777777777777778,141
330,-4.2408376963350785,-57.5,0.2367,295.6621568816729,37.64722974751696,36.421275655831856,14.145298903839029,0.31823461091753774,76
331,-3.298429319371728,-57.5,0.2367,251.1117243192432,51.83971348141472,36.94066260123707,16.74901305247701,0.2765957446808511,83
332,-2.356020942408377,-57.5,0.2367,214.0930095052214,46.09083921063459,38.47527556141845,12.988636052373478,0.2623376623376623,75
333,-1.4136125654450262,-57.5,0.2367,141.21615220737704,95.7971849245831,42.50801721222542,18.540893425399158,0.2656641604010025,68
334,-0.4712041884816754,-57.5,0.2367,78.05144570671374,61.65183044151101,43.36867103827671,5.340894015784182,0.3622448979591837,15
335,0.4712041884816754,-57.5,0.2367,36.28510676426133,57.45841031539386,42.21231097682282,2.0509826570028324,0.41211840888066603,0
336,1.4136125654450262,-57.5,0.2367,17.55347912075934,36.291228922017595,37.68035602506089,0.39672329699562164,0.4298780487804878,0
337,-13.664921465968591,-56.25,0.2367,315.69531826481335,60.57817046321033,12.185068871885859,45.805632426917796,0.344,543
338,-12.72251308900524,-56.25,0.2367,318.82447913805805,68.53977224135761,15.952943850987346,48.71200429048835,0.29572836801752467,674
339,-11.780104712041888,-56.25,0.2367,335.91080149317247,12.738966906024023,16.296955559626582,9.748461117858511,0.5110294117647058,7
340,-10.837696335078537,-56.25,0.2367,361.37700049347916,31.87931074791,16.771732129921908,25.759982317829845,0.35879332477535303,168
341,-9.895287958115185,-56.25,0.2367,378.2084367461233,0.5838446191654367,16.501505698846746,0.4409189275465427,0.45454545454545453,0
342,-8.952879581151834,-56.25,0.2367,378.3805614071575,74.00255123743071,21.40036959116388,49.675192578360544,0.25650195058517555,637
343,-8.010471204188482,-56.25,0.2367,386.0316143439813,62.957146954190115,26.252589797161626,38.92770318783664,0.29686746987951806,401
344,-7.0680628272251305,-56.25,0.2367,389.64486573488176,30.700567614802004,28.15055838910408,17.080235271097266,0.3391304347826087,114
345,-6.12565445026178,-56.25,0.2367,365.88216723652994,21.794387650805294,28.342828714989835,10.070693688841185,0.4007936507936508,39
346,-5.183246073298429,-56.25,0.2367,321.51325827371727,20.911681268619486,31.077713171546947,7.62507272545559,0.4050420168067227,25
347,-4.2408376963350785,-56.25,0.2367,282.042630846899,30.509989610298273,34.521999135373484,8.980849302693494,0.3531746031746032,30
348,-3.298429319371728,-56.25,0.2367,223.3257234991212,31.293157983608964,36.656665966031966,7.873118315369774,0.33926031294452347,32
349,-2.356020942408377,-56.25,0.2367,188.76110179252447,54.35178528730756,39.99256445538407,10.900355090531038,0.28147163120567376,34
350,-1.4136125654450262,-56.25,0.2367,107.9330809687512,44.98161567519924,41.675829006082544,5.696398773292143,0.3091966173361522,23
351,-0.4712041884816754,-56.25,0.2367,50.0727855613684,67.49611587377348,38.83072775351145,3.7704811600614705,0.3865546218487395,11
352,0.4712041884816754,-56.25,0.2367,27.54426300433237,59.883356893368926,36.00364876015663,1.707023056865779,0.4686609686609687,0
353,1.4136125654450262,-56.25,0.2367,16.123059151506247,74.99205903629894,36.11532962135303,0.8899781712056314,0.45161290322580644,0
354,-14.607329842931941,-55.0,0.2367,332.23938736925817,96.09085387185047,9.081001979348976,72.31253385281694,0.20871235091974935,1921
355,-13.664921465968591,-55.0,0.2367,343.03848868214567,105.00838319820494,12.988127605804541,85.17260532248027,0.17041412601626016,2497
356,-12.72251308900524,-55.0,0.2367,330.6258155297558,32.09738043565769,15.41235134948148,22.27871854119948,0.45255474452554745,70
357,-11.780104712041888,-55.0,0.2367,336.1875461038987,2.1683477105371454,15.000349677959285,1.577859086286478,0.5274725274725275,0
358,-10.837696335078537,-55.0,0.2367,359.65060469992835,3.087643490597737,15.466853104065132,2.3203408176933142,0.49264705882352944,0
359,-9.895287958115185,-55.0,0.2367,373.2453696074016,7.326344033268266,15.960092136060846,5.070135414937379,0.4880952380952381,4
360,-8.952879581151834,-55.0,0.2367,383.60339226801386,67.64584223877381,21.284025823486164,41.95759192610633,0.3055702917771883,508
361,-8.010471204188482,-55.0,0.2367,410.8137562568076,12.641420529963561,24.82817413723789,7.594663984815811,0.44343434343434346,23
362,-7.0680628272251305,-55.0,0.2367,407.008299011444,21.916126398711718,25.833432886688893,11.6981909740469,0.40540540540540543,71
363,-6.12565445026178,-55.0,0.2367,360.46532892140755,33.03459545871923,27.371623190144486,13.967833204321495,0.35676532769556024,72
364,-5.183246073298429,-55.0,0.2367,297.21965485811944,41.58875860438427,29.155777683929472,13.256930439979978,0.3424242424242424,45
365,-4.2408376963350785,-55.0,0.2367,249.03499737856586,7.735186467476653,30.794380835710356,1.8358466109939158,0.4007936507936508,0
366,-3.298429319371728,-55.0,0.2367,177.1779428529126,12.172793290135628,33.53729187397966,1.9251763653368974,0.37606837606837606,1
367,-2.356020942408377,-55.0,0.2367,151.62488299764772,30.215166994431986,38.580752245883744,3.4811983934421673,0.346218487394958,10
368,-1.4136125654450262,-55.0,0.2367,71.17686359730038,32.90660688450836,34.23677016783921,2.2653376804161787,0.37037037037037035,3
369,-0.4712041884816754,-55.0,0.2367,51.67866553948143,57.78945421083869,26.263024313195782,2.7923125887456552,0.37254901960784315,7
370,0.4712041884816754,-55.0,0.2367,41.892408850475405,46.99213033829833,23.27545151952894,1.6619285728594326,0.41818181818181815,0
371,1.4136125654450262,-55.0,0.2367,29.328419890523435,72.05476710566971,30.01817900781134,1.1401050016935457,0.4583333333333333,0
372,2.356020942408377,-55.0,0.2367,31.22307178505402,48.98692663970287,23.864493763750442,0.4745295662261296,0.4666666666666667,0
373,-14.607329842931941,-53.75,0.2367,334.9645902206376,116.31190561953649,7.294457282065319,80.9520864325596,0.18944608325139298,2256
374,-13.664921465968591,-53.75,0.2367,336.9271119900912,101.09577095118091,11.07409558192831,75.30637255168689,0.2204674668351232,1929
375,-12.72251308900524,-53.75,0.2367,321.0143861311493,40.27030723401938,14.248663918727964,27.28293445765663,0.4363425925925926,206
376,-11.780104712041888,-53.75,0.2367,321.4207631356213,63.96261413070287,15.982186513759462,40.210621698942404,0.30748865355521937,515
377,-10.837696335078537,-53.75,0.2367,344.5647927990166,27.443006604777192,17.068986454672274,17.481889497825094,0.4953560371517028,111
378,-9.895287958115185,-53.75,0.2367,361.6972895874427,27.890122821646575,17.956586434285317,15.838896291933992,0.482646420824295,131
379,-8.952879581151834,-53.75,0.2367,413.7740377812862,84.16390441096921,23.282988712324613,47.37608231441763,0.3347509113001215,503
380,-8.010471204188482,-53.75,0.2367,461.09850792375033,105.7492411568187,29.862756580493844,59.11560950298538,0.3210093896713615,490
381,-7.0680628272251305,-53.75,0.2367,432.2628075402602,45.277846734899974,30.211495918665474,20.24112183919533,0.3664079822616408,112
382,-6.12565445026178,-53.75,0.2367,344.70597424516234,16.745033199919032,28.1876535638687,5.466670725716939,0.45060483870967744,21
383,-5.183246073298429,-53.75,0.2367,274.8052506915974,9.84498247443056,27.414068117615688,2.3535286267910536,0.41954022988505746,3
384,-4.2408376963350785,-53.75,0.2367,209.54668139364162,17.887013422123797,28.539717337294828,2.80365316578159,0.4126984126984127,8
385,-3.298429319371728,-53.75,0.2367,160.0220933950332,1.8227401680622488,29.53165841864213,0.20044507505605533,0.3497536945812808,0
386,-2.356020942408377,-53.75,0.2367,102.12369880086985,38.41185277201999,32.74852477660857,2.556351638929587,0.3682266009852217,5
387,-1.4136125654450262,-53.75,0.2367,70.58929182443146,19.277603835345804,29.81820703207693,0.9111764276623647,0.4064327485380117,0
388,-0.4712041884816754,-53.75,0.2367,62.92334942378201,42.73724484820486,23.571645417393555,1.6398475275801525,0.4010989010989011,0
389,0.4712041884816754,-53.75,0.2367,56.19805141047383,36.252298352129195,22.43124229367364,0.846224601146176,0.4111111111111111,0
390,1.4136125654450262,-53.75,0.2367,49.92615286788826,25.328216435528343,23.44737070124155,0.32687446311644686,0.4861111111111111,0
391,2.356020942408377,-53.75,0.2367,48.123735141479116,27.314715795860774,22.131231852847844,0.23128089106555663,0.5,0
392,-13.664921465968591,-52.5,0.2367,363.47431857857447,98.68490738075033,6.801202655484134,78.44240818510411,0.22037625213779624,1809
393,-12.72251308900524,-52.5,0.2367,333.19000880682984,59.68880954727139,10.436954347980576,36.81640963893918,0.3539119804400978,408
394,-11.780104712041888,-52.5,0.2367,329.5327904422453,79.42600206470249,12.463705168729692,44.25611327079958,0.31079187105816397,616
395,-10.837696335078537,-52.5,0.2367,354.4564169547036,61.78226898167297,14.168883629729542,32.88656145285306,0.38739789964994165,398
396,-9.895287958115185,-52.5,0.2367,391.86652287767794,76.3266778764842,17.5578783706385,37.52830875566401,0.383634431455898,375
397,-8.952879581151834,-52.5,0.2367,452.0582267854193,97.99105879774503,22.496670983356037,50.76292099289908,0.38790697674418606,400
398,-8.010471204188482,-52.5,0.2367,479.3181007980047,82.04126783830596,28.634702356952104,39.30597460473882,0.37360801781737196,236
399,-7.0680628272251305,-52.5,0.2367,427.33363190175214,24.549456307352735,30.18730185306687,8.152711722801472,0.4676923076923077,34
400,-6.12565445026178,-52.5,0.2367,336.5249847941408,11.132407632421872,27.89363290077243,2.4888901565867725,0.45566502463054187,10
401,-5.183246073298429,-52.5,0.2367,267.58761268096447,51.93552151413972,27.868290096906343,8.706969828994874,0.4134453781512605,22
402,-4.2408376963350785,-52.5,0.2367,225.15003998410668,39.44771593910723,28.585405783507476,4.974563652511761,0.3911411411411411,10
403,-3.298429319371728,-52.5,0.2367,181.44564777421596,8.341250336594724,29.102636513162036,0.7145960067239194,0.3724137931034483,0
404,-2.356020942408377,-52.5,0.2367,117.17256849242091,68.3534149348971,31.418024978671617,2.6511400704559733,0.3155241935483871,4
405,-1.4136125654450262,-52.5,0.2367,89.7655279799935,13.53229713259031,31.728978409792763,0.292213946933153,0.3630769230769231,0
406,-0.4712041884816754,-52.5,0.2367,76.51946658671461,33.03288763222849,25.261572013633433,0.6320118329151388,0.4065934065934066,0
407,0.4712041884816754,-52.5,0.2367,81.25111830145981,28.489495390684798,24.239688333737053,0.35468147818180074,0.4305555555555556,0
408,-8.952879581151834,-51.25,0.2367,457.72352373953595,12.98869743572856,13.168290938340897,5.5574159225269835,0.5559701492537313,13
409,-8.010471204188482,-51.25,0.2367,463.6708477062561,46.4974115268613,18.217560082256508,15.648836954193817,0.46812080536912754,54
410,-7.0680628272251305,-51.25,0.2367,433.0543161700377,32.16777062376593,21.807363188205226,6.177427539263961,0.5131578947368421,9
411,-5.183246073298429,-51.25,0.2367,335.5034813482632,52.00323732587033,24.57247007656961,6.677082900534041,0.4673913043478261,7
412,-4.2408376963350785,-51.25,0.2367,290.3681834519102,24.375583855444184,27.50075234030955,2.673286497429621,0.4075268817204301,3
413,-3.298429319371728,-51.25,0.2367,233.9265869970454,1.6041291565390763,29.008320111120664,0.11207278590357315,0.3941798941798942,0
414,-2.356020942408377,-51.25,0.2367,163.15722584613022,19.60032588866488,30.860482738443704,0.49571918547314936,0.3435960591133005,1
415,-3.298429319371728,-50.0,0.2367,280.6768499286834,6.388044580254272,25.42034531838135,0.22609807075135013,0.405,0
0,-6.12565445026178,-78.75,1.1514,145.65032550505322,40.20666888529966,19.57364846170285,37.02089769690576,0.40476190476190477,10
1,-5.183246073298429,-78.75,1.1514,154.41946170407425,53.53002807853126,19.497960936413875,51.43816442343754,0.3333333333333333,19
2,-4.2408376963350785,-78.75,1.1514,156.15597722693755,46.25697522934672,21.40393713867972,44.99553732234113,0.3,8
3,-3.298429319371728,-78.75,1.1514,153.60330924544294,37.02240558687407,19.530028958520937,30.232252343805406,0.16666666666666666,6
4,-2.356020942408377,-78.75,1.1514,156.76064871686194,80.87926616120967,19.02891068186285,60.9037360236521,0.08928571428571429,16
5,-1.4136125654450262,-78.75,1.1514,163.2861582012942,75.48427658024593,18.8504753849032,51.652563148919725,0.16666666666666666,13
6,-8.952879581151834,-77.5,1.1514,184.1904218161152,89.56976718203927,29.31483710045373,132.12177863598407,0.31203007518796994,66
7,-8.010471204188482,-77.5,1.1514,136.94124814960318,73.53270036083775,27.96606901427097,78.97802792916099,0.37012987012987014,34
8,-7.0680628272251305,-77.5,1.1514,141.54441041898662,64.96875577442145,31.248432997580394,57.529892038798295,0.36666666666666664,13
9,-6.12565445026178,-77.5,1.1514,159.68477179528332,36.321338538202276,28.777177593409384,30.720683848725333,0.5476190476190477,3
10,-5.183246073298429,-77.5,1.1514,188.01079338204366,71.97672631824355,28.547566583169612,47.96937472425345,0.24358974358974358,16
11,-4.2408376963350785,-77.5,1.1514,149.2604397937065,100.01350923505694,30.65168129009704,46.066898522977574,0.2222222222222222,8
12,-3.298429319371728,-77.5,1.1514,129.4013066415721,40.7658526876202,26.163073073528533,16.80857910554812,0.5,1
13,-2.356020942408377,-77.5,1.1514,121.14779236072073,54.03242095421766,22.77048403506209,20.802109901830843,0.5,1
14,-1.4136125654450262,-77.5,1.1514,126.95262732861468,43.67883526435083,21.5052521057358,16.69439102594308,0.5,2
15,-0.4712041884816754,-77.5,1.1514,132.22311955917397,53.31734179300793,16.988171691677838,24.500853677560034,0.25,8
16,0.4712041884816754,-77.5,1.1514,136.867542103685,54.86134845563039,15.964222979315682,20.89069524872265,0.16666666666666666,4
17,-10.837696335078537,-76.25,1.1514,218.12424197341898,79.75724836594573,22.23600691559426,157.67061402332942,0.21956521739130436,110
18,-9.895287958115185,-76.25,1.1514,251.34253374613886,71.54630457742805,27.86576419366181,126.42607094097856,0.22420634920634921,79
19,-8.952879581151834,-76.25,1.1514,257.1257929262833,44.117749454517714,33.39820081444315,56.64589600838885,0.3961038961038961,30
20,-8.010471204188482,-76.25,1.1514,136.53752668931253,77.13156836301143,36.87391432223941,40.40918159166016,0.4666666666666667,4
21,-7.0680628272251305,-76.25,1.1514,97.34489706378761,59.73503440898148,33.59539684579794,23.47546539361776,0.4666666666666667,0
22,-6.12565445026178,-76.25,1.1514,134.00817412445178,40.08315608177172,40.6763185626047,16.65610808339689,0.41818181818181815,0
23,-5.183246073298429,-76.25,1.1514,158.08784423336067,102.03892869632773,41.30021212537519,45.50629413467869,0.32222222222222224,5
24,-4.2408376963350785,-76.25,1.1514,132.60120153807233,103.06963931020171,37.71299917763021,40.54443835188909,0.25,8
25,-3.298429319371728,-76.25,1.1514,124.01704792998098,103.6101318831028,35.41574555236051,34.78909177053838,0.17857142857142858,5
26,-2.356020942408377,-76.25,1.1514,106.40006488580535,101.44966336083728,31.517269841748387,27.990630358991464,0.08333333333333333,5
27,-1.4136125654450262,-76.25,1.1514,81.7622708908581,100.59957776212595,28.84022241327581,17.537132222535078,0.0,1
28,-0.4712041884816754,-76.25,1.1514,73.58507572598553,62.213029656830756,25.401728735610224,8.662272798928225,0.3333333333333333,0
29,0.4712041884816754,-76.25,1.1514,77.98716407330039,60.34529727840682,21.522804817626696,7.918053361457897,0.3333333333333333,0
30,1.4136125654450262,-76.25,1.1514,68.25760876056206,6.301203671750661,15.615237601363136,0.5581407449893581,0.0,0
31,-13.664921465968591,-75.0,1.1514,123.67692053971959,56.38412458383254,25.225962559004756,73.30616750097737,0.48863636363636365,35
32,-12.72251308900524,-75.0,1.1514,196.98968598578853,71.29490547584841,33.42305758054737,149.8718257437461,0.2591240875912409,118
33,-11.780104712041888,-75.0,1.1514,272.1850283319518,65.73481717818022,28.129986891476996,144.7461363622046,0.19202898550724637,101
34,-10.837696335078537,-75.0,1.1514,338.0821850574397,52.74565117677804,37.56425382483956,91.76866354429768,0.28708133971291866,60
35,-9.895287958115185,-75.0,1.1514,217.9074425869119,71.32578030307093,45.893404000855995,54.237552265262075,0.3901098901098901,5
36,-8.952879581151834,-75.0,1.1514,175.38391195339892,42.32664714273208,53.05594760540984,22.54627811531998,0.37083333333333335,1
37,-8.010471204188482,-75.0,1.1514,144.36973490415608,76.57728165396827,52.11400198686363,36.14679811142834,0.37254901960784315,5
38,-7.0680628272251305,-75.0,1.1514,131.7259855038978,75.42104454239168,38.35388420133231,41.43368004225111,0.4175824175824176,3
39,-6.12565445026178,-75.0,1.1514,133.39557613326062,101.49033711325426,50.19074419783236,43.013677111974914,0.35833333333333334,6
40,-5.183246073298429,-75.0,1.1514,143.28927961487713,106.98643294123622,51.04066025307319,46.076881370450984,0.3125,9
41,-4.2408376963350785,-75.0,1.1514,140.3789168730544,103.38861945418645,45.703025928865735,41.072076243037316,0.24242424242424243,9
42,-3.298429319371728,-75.0,1.1514,128.0725951374891,99.42085983084547,40.644752143181094,32.343363684540506,0.15,5
43,-2.356020942408377,-75.0,1.1514,112.17047336860266,98.93933753468927,37.11297331739402,24.65304144390571,0.5,1
44,-1.4136125654450262,-75.0,1.1514,84.60057647121158,94.40360905444803,31.389910482080282,18.72162247510508,0.0,1
45,-0.4712041884816754,-75.0,1.1514,54.15843298031192,86.35402546787188,28.1392181651554,10.27559983271792,0.0,0
46,0.4712041884816754,-75.0,1.1514,28.33975335509486,85.41150645694557,24.01417998204975,5.1955184255198175,0.5,0
47,1.4136125654450262,-75.0,1.1514,23.49762992226634,19.893437752334236,18.816070037710425,0.6518373276884732,0.3333333333333333,0
48,2.356020942408377,-75.0,1.1514,23.913515744143975,4.7672523516237035,13.303995744496962,0.10969297420859798,0.0,0
49,-14.607329842931941,-73.75,1.1514,166.1962250104176,57.797075247071916,33.022300980074064,94.08466332665603,0.6081081081081081,52
50,-13.664921465968591,-73.75,1.1514,210.9071909811869,63.5356933939061,43.03245287274594,111.08519963231169,0.35978835978835977,94
51,-12.72251308900524,-73.75,1.1514,353.28952682122105,78.24136559495793,51.636504123001245,140.31178922694818,0.26666666666666666,126
52,-11.780104712041888,-73.75,1.1514,278.9726831784118,87.22026385180204,57.82834749048085,99.39436616878527,0.3225108225108225,41
53,-10.837696335078537,-73.75,1.1514,224.11857722775983,91.65796536551665,59.70360249953169,59.67546079201143,0.39705882352941174,8
54,-9.895287958115185,-73.75,1.1514,204.7215838521653,105.92484504184975,60.78433553354834,65.3602462321631,0.42810457516339867,15
55,-8.952879581151834,-73.75,1.1514,181.56728941438163,99.11707883864355,59.05221593503602,58.18925064225583,0.38095238095238093,10
56,-8.010471204188482,-73.75,1.1514,166.58334231101884,77.8008153862428,56.49636114567271,39.999693092673155,0.4411764705882353,6
57,-7.0680628272251305,-73.75,1.1514,155.29586606044884,90.98084960372856,57.81797059437445,40.78825670042919,0.4019607843137255,6
58,-6.12565445026178,-73.75,1.1514,163.46556627755297,114.17141836320609,55.19186505264409,52.59142070824649,0.3380952380952381,13
59,-5.183246073298429,-73.75,1.1514,164.99194242238448,105.54825055243157,53.65376668798269,47.1736944634209,0.32222222222222224,13
60,-4.2408376963350785,-73.75,1.1514,151.28471090702624,106.37661154649356,50.27302656559814,40.12657180680375,0.3333333333333333,9
61,-3.298429319371728,-73.75,1.1514,128.76342389525038,99.76681869973788,44.19335033341752,30.149568304263507,0.2,5
62,-2.356020942408377,-73.75,1.1514,105.10251196099549,98.7275827927329,41.57388968798957,20.517788050681038,0.0,1
63,-1.4136125654450262,-73.75,1.1514,72.10549159795568,81.61669907823574,36.57785114601779,10.428824903581791,0.0,0
64,-0.4712041884816754,-73.75,1.1514,45.51466861861488,90.765212217351,31.509679989893183,6.958871475710854,0.0,0
65,0.4712041884816754,-73.75,1.1514,22.350993807049203,90.53274642739612,27.569374315962857,3.410337708245323,0.0,0
66,1.4136125654450262,-73.75,1.1514,6.873091095927608,82.25887924615519,23.949174107453313,0.8988611465942762,0.0,0
67,-14.607329842931941,-72.5,1.1514,231.48717823520892,59.498925639980655,30.710081011527976,313.4304046245026,0.17379117028731605,461
68,-13.664921465968591,-72.5,1.1514,336.796586592731,64.44556740751891,44.88962593683825,168.2041806506338,0.33866666666666667,207
69,-12.72251308900524,-72.5,1.1514,381.9712230778757,72.76085131122612,56.544263693920925,118.0703381949157,0.33992094861660077,75
70,-11.780104712041888,-72.5,1.1514,268.63790725812254,103.08784192211309,60.009617723193195,76.80066994665957,0.4215686274509804,31
71,-10.837696335078537,-72.5,1.1514,213.4259060013826,111.80124457971665,55.71756920261157,73.39463843962965,0.39766081871345027,26
72,-9.895287958115185,-72.5,1.1514,195.14302677681872,115.448291360226,52.8759766773528,74.44802544542347,0.3567251461988304,22
73,-8.952879581151834,-72.5,1.1514,180.13717801675116,99.79990562794083,51.11013930631771,61.07426513614848,0.3541666666666667,9
74,-8.010471204188482,-72.5,1.1514,183.83067415313337,35.338242841282856,52.139213467059704,19.337929143887735,0.4818181818181818,0
75,-7.0680628272251305,-72.5,1.1514,174.81452360391924,50.56116666091776,51.9695419053914,24.949605638964854,0.4444444444444444,3
76,-6.12565445026178,-72.5,1.1514,186.01245256423095,118.71696936294724,52.628148189420955,57.96403874861147,0.17272727272727273,18
77,-5.183246073298429,-72.5,1.1514,185.64836699482424,111.23492315106725,51.60100670991621,52.728045196924214,0.2361111111111111,18
78,-4.2408376963350785,-72.5,1.1514,164.27656071408865,97.01515157854982,50.59569876427869,38.1764687488957,0.26785714285714285,9
79,-3.298429319371728,-72.5,1.1514,144.65567041076474,103.17464316791678,47.59414068110681,33.35269726257607,0.23809523809523808,6
80,-2.356020942408377,-72.5,1.1514,118.80106230605116,94.25185798207286,44.837713477247675,23.125838224533393,0.0,3
81,-1.4136125654450262,-72.5,1.1514,85.96984306278988,96.17449698891103,41.98567037773451,15.34871081573462,0.0,1
82,-0.4712041884816754,-72.5,1.1514,58.44715867352447,92.37052284970612,36.52724032074312,8.695342493639686,0.0,0
83,0.4712041884816754,-72.5,1.1514,32.13001870427518,88.00507934610343,31.364370022012032,3.7637999425540194,0.0,0
84,1.4136125654450262,-72.5,1.1514,13.228113527235887,85.29350415024463,28.24852800024302,1.2004076238719423,0.0,0
85,-14.607329842931941,-71.25,1.1514,271.3151950048204,59.06208332374509,30.06173778061362,359.2296479517635,0.12837480148226574,509
86,-13.664921465968591,-71.25,1.1514,393.57768827007345,86.3904640247826,49.626901511290725,216.75903944875247,0.24766355140186916,330
87,-12.72251308900524,-71.25,1.1514,345.5455310400949,58.275629606535674,50.4811243929026,84.45820795024574,0.4411764705882353,45
88,-11.780104712041888,-71.25,1.1514,225.42383728831533,105.8565950917025,49.45545719323843,71.65241333444823,0.4166666666666667,23
89,-10.837696335078537,-71.25,1.1514,189.82108287458638,112.88230802433803,46.974323938159756,71.45335195469534,0.37083333333333335,21
90,-9.895287958115185,-71.25,1.1514,177.95519968968676,113.16137018791905,45.59963419053642,67.60672857331649,0.2692307692307692,16
91,-8.952879581151834,-71.25,1.1514,189.11472275573232,78.51937384358678,46.325413338498834,46.75192110210119,0.2,4
92,-8.010471204188482,-71.25,1.1514,199.24134078191165,13.529213769324242,45.95769185560554,8.124271127267725,0.3333333333333333,0
93,-7.0680628272251305,-71.25,1.1514,200.04695472102463,64.36537690147033,45.379152123404644,35.881580788488705,0.15,6
94,-6.12565445026178,-71.25,1.1514,195.9380015980166,105.96165283167201,48.346489384671436,53.966717449162275,0.23333333333333334,13
95,-5.183246073298429,-71.25,1.1514,196.17643000691746,112.07288824401346,50.23402034329809,55.16201910586967,0.2857142857142857,19
96,-4.2408376963350785,-71.25,1.1514,185.90298718204855,108.44766066491417,51.815284816016316,48.03881177019691,0.2361111111111111,17
97,-3.298429319371728,-71.25,1.1514,157.70385422276883,108.27003431442853,50.93179988701738,37.87359617788836,0.21428571428571427,9
98,-2.356020942408377,-71.25,1.1514,129.70272922080503,96.82594834153413,47.87302562103546,26.795852942643236,0.16666666666666666,5
99,-1.4136125654450262,-71.25,1.1514,113.41163409914536,100.19063203004224,45.85310181695495,21.959078145159133,0.0,3
100,-0.4712041884816754,-71.25,1.1514,88.98857905188054,95.28026163563482,41.192820019404515,14.658954522017002,0.0,1
101,0.4712041884816754,-71.25,1.1514,52.56161768288723,89.06089017516933,35.35654830551243,6.796757132497643,0.0,0
102,1.4136125654450262,-71.25,1.1514,25.33140762447283,75.73696339852748,31.428832864814304,1.8550930919760604,0.0,0
103,-13.664921465968591,-70.0,1.1514,404.7448159678986,79.96240017346527,37.91194412117853,140.5599793949832,0.31142857142857144,135
104,-12.72251308900524,-70.0,1.1514,305.66741833152696,50.025477027534635,45.595691717819996,47.09719104148483,0.5416666666666666,1
105,-11.780104712041888,-70.0,1.1514,189.56547311954458,70.47130303541071,42.10655913324679,45.29954882493808,0.42424242424242425,3
106,-10.837696335078537,-70.0,1.1514,172.91084478789895,48.16442371452946,38.78144151953239,29.27122344650841,0.5,0
107,-9.895287958115185,-70.0,1.1514,177.89099528652665,85.18122825114989,39.776545386038315,49.54798143518914,0.1,9
108,-8.952879581151834,-70.0,1.1514,197.59458175304303,45.05461245636273,41.352752115138586,27.715667576727228,0.5,2
109,-8.010471204188482,-70.0,1.1514,219.38479124324095,32.600845558696534,41.26907210661419,20.327266060010302,0.5,0
110,-7.0680628272251305,-70.0,1.1514,226.3458892479049,58.82753488826745,42.134399597641114,35.5956732526211,0.5,6
111,-6.12565445026178,-70.0,1.1514,219.5786572910128,112.50213023631936,46.25407018183089,62.503334583017065,0.19642857142857142,19
112,-5.183246073298429,-70.0,1.1514,215.02212343099004,112.23316719437062,50.40410228842985,57.0659988303675,0.25,23
113,-4.2408376963350785,-70.0,1.1514,208.43257213880435,91.2530641573956,52.49795126243265,43.90294197278859,0.2222222222222222,12
114,-3.298429319371728,-70.0,1.1514,183.89524189457748,104.43267694546331,52.67442006922664,38.572474387793264,0.25,9
115,-2.356020942408377,-70.0,1.1514,161.92699765785977,104.01498495846647,51.52452502593723,31.98704808989266,0.15,5
116,-1.4136125654450262,-70.0,1.1514,148.66558384378175,99.37272008174239,49.13759127227508,28.081657999741843,0.0,5
117,-0.4712041884816754,-70.0,1.1514,130.7613891273163,96.70183717298208,45.21741936439265,23.914361934047797,0.0,5
118,0.4712041884816754,-70.0,1.1514,88.0861432405712,93.80710891272108,40.90600506605968,13.139756543732599,0.0,1
119,1.4136125654450262,-70.0,1.1514,50.58206197011678,89.65293513883302,35.83347609954251,5.501615205280412,0.0,0
120,-15.549738219895294,-68.75,1.1514,307.48451322285285,101.34037664256576,27.155485291253314,168.13583895478112,0.24216524216524216,164
121,-14.607329842931941,-68.75,1.1514,315.5254886129984,86.55287645701613,35.93721155670151,115.88408717923,0.34210526315789475,79
122,-13.664921465968591,-68.75,1.1514,310.0026704791696,89.37411142313532,38.0251557825172,92.95681544843721,0.34558823529411764,37
123,-12.72251308900524,-68.75,1.1514,222.04428684836677,90.19842501947893,42.445540175805455,62.44164738510987,0.3269230769230769,10
124,-11.780104712041888,-68.75,1.1514,196.03208311034956,27.398816197424605,24.12039016259862,28.50416847584776,0.0,0
125,-10.837696335078537,-68.75,1.1514,184.8797312071976,11.181425558130888,24.59547614986952,9.777198459427307,0.0,0
126,-9.895287958115185,-68.75,1.1514,190.4690935227936,54.77372811330542,35.673858692019174,31.72707485158169,0.16666666666666666,0
127,-8.952879581151834,-68.75,1.1514,196.2660806902722,5.761390861216125,36.82482169020313,3.3272250554105467,0.0,0
128,-8.010471204188482,-68.75,1.1514,217.3452624700094,85.57628232288951,39.02734525167133,48.622863891016465,0.4166666666666667,14
129,-7.0680628272251305,-68.75,1.1514,234.4152446354955,112.80995251106818,42.92310468846848,61.97602072374319,0.3,17
130,-6.12565445026178,-68.75,1.1514,240.0762261523645,112.85756367381157,47.361373254959965,60.56689814815553,0.2222222222222222,19
131,-5.183246073298429,-68.75,1.1514,239.28058442777507,113.3424085228297,50.695649893576366,57.00670896698076,0.24444444444444444,23
132,-4.2408376963350785,-68.75,1.1514,217.45890274670342,111.2675987223957,52.685067064500956,49.95370973718214,0.25,17
133,-3.298429319371728,-68.75,1.1514,201.60150714678417,111.6507802042451,55.336667280506525,41.919208435092365,0.19090909090909092,16
134,-2.356020942408377,-68.75,1.1514,180.11771225072908,108.41780814633317,53.89617726152056,36.3204605117765,0.19047619047619047,9
135,-1.4136125654450262,-68.75,1.1514,177.93747470886962,105.29379435271211,52.387854520155315,35.67468038314347,0.1,9
136,-0.4712041884816754,-68.75,1.1514,167.43434372991968,104.9274355465486,51.08412635286299,31.98583781191011,0.15,10
137,0.4712041884816754,-68.75,1.1514,135.14131252976753,101.66942196261367,46.926803163825,23.574818754919825,0.25,10
138,1.4136125654450262,-68.75,1.1514,92.96319690137724,96.39265297521794,41.31034604905729,13.535003377322578,0.0,1
139,2.356020942408377,-68.75,1.1514,51.974721969870984,88.92991252144591,36.863518143573174,5.167569481286837,0.0,0
140,-16.492146596858646,-67.5,1.1514,317.1917289844313,54.46254852660102,14.93422195158701,66.45822803405441,0.3611111111111111,25
141,-15.549738219895294,-67.5,1.1514,267.17575023294893,49.91708966595614,26.576535313816816,51.024095831738904,0.5,6
142,-14.607329842931941,-67.5,1.1514,187.762915156463,77.81328512025755,34.248381130701844,46.55558024456267,0.39285714285714285,3
143,-13.664921465968591,-67.5,1.1514,159.1003468302805,87.51347164458605,35.34817077190087,51.2208709407534,0.32727272727272727,5
144,-12.72251308900524,-67.5,1.1514,167.69044765132938,105.51710795227149,34.2959349531753,68.1094670756829,0.16071428571428573,7
145,-11.780104712041888,-67.5,1.1514,166.50763347487612,104.23327025817527,35.47341263320151,60.0199686571389,0.13333333333333333,4
146,-10.837696335078537,-67.5,1.1514,181.82384792397346,46.17319496551112,35.366310732517704,26.49521339727896,0.3333333333333333,0
147,-9.895287958115185,-67.5,1.1514,199.09465566072936,4.452383545159277,33.18975601478655,2.603252510373339,0.0,0
148,-8.952879581151834,-67.5,1.1514,201.23534772155648,38.15053338171912,35.33840902532906,21.028505244397476,0.0,1
149,-8.010471204188482,-67.5,1.1514,214.26679979293417,107.74428551901083,38.713604481130815,59.66877657735433,0.23333333333333334,18
150,-7.0680628272251305,-67.5,1.1514,237.50340888074348,91.1050613852445,43.733760627962106,50.63415704505312,0.23809523809523808,13
151,-6.12565445026178,-67.5,1.1514,255.6569607686658,111.09083312388945,48.250435935460494,60.080492245542246,0.2,23
152,-5.183246073298429,-67.5,1.1514,239.55653337344995,113.08246125707711,51.00265201553441,55.16334314830094,0.24444444444444444,22
153,-4.2408376963350785,-67.5,1.1514,212.69126726001355,111.63896924663739,52.928656778272604,47.604630202526764,0.22727272727272727,16
154,-3.298429319371728,-67.5,1.1514,179.43912001790272,104.13804767428681,53.501097469753184,38.02581352926762,0.2857142857142857,9
155,-2.356020942408377,-67.5,1.1514,165.48447637067366,108.5533991549366,53.590597141392756,36.83594323448899,0.23333333333333334,9
156,-1.4136125654450262,-67.5,1.1514,163.5163438257648,104.27073412334069,52.17588929285928,35.983438407115145,0.2,8
157,-0.4712041884816754,-67.5,1.1514,158.62541042274842,106.57417617241089,52.88193484844621,34.949864045575154,0.2,8
158,0.4712041884816754,-67.5,1.1514,144.73998969567864,105.95200708295883,49.72149868151802,28.538334526325492,0.19047619047619047,11
159,1.4136125654450262,-67.5,1.1514,127.24532661698922,91.14105485738578,45.05697118894884,20.700964704117116,0.25,8
160,2.356020942408377,-67.5,1.1514,80.24383996042538,67.47199216396838,38.92821199500786,9.070030505339947,0.0,3
161,-18.376963350785346,-66.25,1.1514,204.6970448573071,96.09460495541398,10.53375969801475,64.36238645976641,0.26666666666666666,21
162,-17.434554973821996,-66.25,1.1514,244.5468770655568,64.72570280043581,17.500176246578093,52.49823621815115,0.3333333333333333,12
163,-16.492146596858646,-66.25,1.1514,259.0282522117989,93.2431525200479,25.543180525894158,100.30740555453589,0.21978021978021978,28
164,-15.549738219895294,-66.25,1.1514,196.54088898425454,101.60713374741457,32.9142836857878,64.30072291113429,0.3194444444444444,6
165,-14.607329842931941,-66.25,1.1514,174.81181837187304,111.8888610787235,32.58484343858337,67.75789637524012,0.25,9
166,-13.664921465968591,-66.25,1.1514,186.37901642946946,84.35478422361793,22.226641910571935,75.87031126636798,0.25,9
167,-12.72251308900524,-66.25,1.1514,183.04122614122966,119.58005477586994,31.03400599542727,68.43537976426575,0.14285714285714285,11
168,-11.780104712041888,-66.25,1.1514,176.9688173456136,114.578956255542,32.36740818286557,60.94710038724303,0.14285714285714285,8
169,-10.837696335078537,-66.25,1.1514,189.0245165925159,90.82220185504805,33.35158914496869,49.195875166331085,0.16666666666666666,6
170,-9.895287958115185,-66.25,1.1514,211.25766633880212,73.29685635513019,34.286818556922036,40.95360744898963,0.25,6
171,-8.952879581151834,-66.25,1.1514,227.82495555453352,58.24769981911944,35.184321522775996,33.57213498902837,0.3333333333333333,3
172,-8.010471204188482,-66.25,1.1514,239.96978931315422,94.95453920791483,38.14903086573317,56.11921625394049,0.16071428571428573,17
173,-7.0680628272251305,-66.25,1.1514,251.22240295162507,102.29265896787646,42.87982670228393,56.93104557339299,0.2619047619047619,13
174,-6.12565445026178,-66.25,1.1514,249.87604137710687,113.53898264476999,47.489931162857026,59.2891938357114,0.20909090909090908,21
175,-5.183246073298429,-66.25,1.1514,223.99705600223504,112.41187035329192,51.078930638622566,50.07458674612833,0.18888888888888888,16
176,-4.2408376963350785,-66.25,1.1514,186.94025087449882,108.39397155990775,50.90123837557111,39.11492817757478,0.2857142857142857,5
177,-3.298429319371728,-66.25,1.1514,162.4385975908685,102.82974312413242,52.53100970577514,32.39933612091424,0.2857142857142857,5
178,-2.356020942408377,-66.25,1.1514,134.2168016460078,110.39885442637237,55.255912118372706,29.190525323007197,0.2,5
179,-1.4136125654450262,-66.25,1.1514,115.99672878578627,106.94041552080307,54.14254612659752,28.919901496994676,0.2,4
180,-0.4712041884816754,-66.25,1.1514,94.60342556269092,95.22793166448221,52.33045625613851,22.969905716263465,0.2,3
181,0.4712041884816754,-66.25,1.1514,82.81372385361968,90.54303277927755,48.57925750602393,19.237930094968323,0.25,3
182,1.4136125654450262,-66.25,1.1514,70.67961588362941,90.48272293292476,45.08056439464576,14.589337544538989,0.3333333333333333,2
183,2.356020942408377,-66.25,1.1514,42.50020542708239,88.91639514320622,40.42176765964417,7.858276831899092,0.0,1
184,-18.376963350785346,-65.0,1.1514,218.10202012355336,117.93362434766269,20.88014305564193,57.06573891068779,0.23333333333333334,12
185,-17.434554973821996,-65.0,1.1514,185.728612598598,37.274466580389934,26.471406939571008,27.825018124251137,0.3333333333333333,3
186,-16.492146596858646,-65.0,1.1514,161.7805161628833,100.84420307758613,26.77637624663116,57.08732901900888,0.23333333333333334,5
187,-15.549738219895294,-65.0,1.1514,178.60276927225175,86.70179665532645,21.566593733257413,58.315351570256034,0.16666666666666666,2
188,-14.607329842931941,-65.0,1.1514,185.04420653225083,104.48880519953758,23.1481484315579,69.72672038201864,0.08333333333333333,5
189,-13.664921465968591,-65.0,1.1514,194.6456428030609,94.47969385467158,21.124556356042252,67.0895350081272,0.25,5
190,-12.72251308900524,-65.0,1.1514,210.44938300507332,97.63822678722174,22.74993430745509,67.45438594045221,0.2,12
191,-11.780104712041888,-65.0,1.1514,202.98972662821208,98.87807212500964,29.406844453124144,53.5379760659571,0.16666666666666666,7
192,-10.837696335078537,-65.0,1.1514,226.7106248650001,58.933792670712435,30.76872623053456,32.4102224152904,0.25,2
193,-9.895287958115185,-65.0,1.1514,241.04928967829068,17.096922487113257,30.777545444621428,10.089378611077242,0.5,0
194,-8.952879581151834,-65.0,1.1514,252.10741074920668,38.11331244901716,30.23149894579884,22.93106009941136,0.0,3
195,-8.010471204188482,-65.0,1.1514,268.60631164545924,76.22601043501881,33.83761601390473,47.91781481600459,0.1,10
196,-7.0680628272251305,-65.0,1.1514,261.42064309932476,62.956211864134744,39.049551485228825,35.05371786276103,0.23333333333333334,8
197,-6.12565445026178,-65.0,1.1514,241.86961839613053,109.27635379352124,45.59877508207484,52.79833454429514,0.2111111111111111,20
198,-5.183246073298429,-65.0,1.1514,211.98844012855312,66.5402079483084,48.22425852077665,25.27879111524481,0.2857142857142857,5
199,-4.2408376963350785,-65.0,1.1514,182.8036140949182,61.46772164520566,48.98039300365045,18.949523162728347,0.4,1
200,-3.298429319371728,-65.0,1.1514,136.32869204108937,79.52584322705972,52.0087307234614,19.30042783817619,0.26666666666666666,3
201,-2.356020942408377,-65.0,1.1514,106.58201738172718,112.53778162740774,56.104985399532055,22.200192921995544,0.13333333333333333,4
202,-1.4136125654450262,-65.0,1.1514,75.96137512985229,102.01218104013375,52.206058653544424,15.802194051408021,0.16666666666666666,2
203,-0.4712041884816754,-65.0,1.1514,48.80000037358836,100.81165247265311,52.30510453906969,11.929442018351974,0.3333333333333333,0
204,0.4712041884816754,-65.0,1.1514,31.880289447862488,93.63839851227294,47.559508865430004,7.996913945149397,0.3333333333333333,0
205,1.4136125654450262,-65.0,1.1514,17.28356168626417,96.40910268318262,45.018020453508605,3.896169860102205,0.3333333333333333,0
206,-20.261780104712045,-63.75,1.1514,141.6766258470207,20.66861023582866,0.0,6.059489474045288,0.0,0
207,-19.319371727748695,-63.75,1.1514,115.78864742104392,69.68592478906398,22.463367470153464,23.870961779883928,0.3,4
208,-18.376963350785346,-63.75,1.1514,109.71074687812744,81.29984005169946,22.81189361300272,31.018564971952237,0.5,4
209,-17.434554973821996,-63.75,1.1514,115.63827799725685,22.78717527667797,21.180798568249628,10.685400366758067,0.0,0
210,-16.492146596858646,-63.75,1.1514,135.79152645957245,101.86929261833876,19.522169071186656,48.790164214275336,0.0,1
211,-15.549738219895294,-63.75,1.1514,156.5643628179249,103.69197153282745,20.31807714373199,54.74040076729,0.0,5
212,-14.607329842931941,-63.75,1.1514,174.33251836075286,107.61974379073966,21.57407447732367,58.02805479185466,0.0,3
213,-13.664921465968591,-63.75,1.1514,188.66881821047065,107.14167367589258,21.69860192116871,62.1345531907787,0.08333333333333333,6
214,-12.72251308900524,-63.75,1.1514,193.2928665482292,114.47251900408544,24.91335408098032,60.12823274474766,0.1,9
215,-11.780104712041888,-63.75,1.1514,216.22961028793137,36.948625428856595,26.43949151771613,19.945860379602642,0.3333333333333333,0
216,-10.837696335078537,-63.75,1.1514,244.7006926156267,84.93496776716158,27.70121803236222,47.7217228761182,0.0,3
217,-9.895287958115185,-63.75,1.1514,271.67513202310977,15.598553511992536,27.37837250244693,9.742579222015445,0.0,0
218,-8.952879581151834,-63.75,1.1514,278.23075614365496,4.930022845698172,26.584161372588966,3.0744007699295324,0.0,0
219,-8.010471204188482,-63.75,1.1514,283.39951843161083,22.79283623370383,28.91382084283423,14.870481789999648,0.0,0
220,-7.0680628272251305,-63.75,1.1514,276.2229127543118,35.737669897445215,34.03299138241662,21.18842710954716,0.5,1
221,-6.12565445026178,-63.75,1.1514,246.5147585375642,92.30731555938775,41.58265972715638,44.88495262255729,0.16071428571428573,13
222,-5.183246073298429,-63.75,1.1514,219.49060415292357,96.00767136448603,44.94539410765183,37.381082826667175,0.23214285714285715,8
223,-4.2408376963350785,-63.75,1.1514,187.1189985585468,39.007858646388605,47.13561470229252,11.643792212532695,0.4,0
224,-3.298429319371728,-63.75,1.1514,144.02508590585086,109.54437717607132,49.934773834162336,26.731803849438798,0.08333333333333333,5
225,-2.356020942408377,-63.75,1.1514,106.12386733611419,105.53649077392276,51.161123080306176,19.407013332837188,0.0,4
226,-1.4136125654450262,-63.75,1.1514,71.96382291663345,98.93356882927766,50.67531328461766,10.975693168926012,0.0,0
227,-0.4712041884816754,-63.75,1.1514,36.601580611980495,105.52706362450236,53.514925676367724,6.3332287654791735,0.0,0
228,0.4712041884816754,-63.75,1.1514,14.001230458655044,94.89539112890752,47.7994892064559,3.5256552808753137,0.0,0
229,1.4136125654450262,-63.75,1.1514,3.49767553559316,74.25907408824399,44.4396978384857,1.1072357210564965,0.0,0
230,3.298429319371728,-63.75,1.1514,-1.6870062081283352,83.95040599292042,34.759758766817136,0.4301519252262128,0.0,0
231,-19.319371727748695,-62.5,1.1514,61.57828548830231,49.770452017748774,12.201606045832715,11.487784786607222,0.0,0
232,-18.376963350785346,-62.5,1.1514,64.69552886859063,22.89152114832898,12.105106681419022,6.6280610784084475,0.0,0
233,-17.434554973821996,-62.5,1.1514,85.65918224067607,12.75598307513898,12.632264468518118,5.210392102394932,0.0,0
234,-16.492146596858646,-62.5,1.1514,128.71940036977384,67.42981542193742,13.867442356665844,31.22720341095968,0.0,0
235,-15.549738219895294,-62.5,1.1514,164.34133208961646,71.56932065317157,15.677234962845485,35.88756453699192,0.0,0
236,-14.607329842931941,-62.5,1.1514,182.40457498387934,110.99867043098465,18.278928680660194,55.4882775944246,0.0,5
237,-13.664921465968591,-62.5,1.1514,200.44082469719936,117.15131614365583,21.410271113159734,63.311723580275014,0.1,8
238,-12.72251308900524,-62.5,1.1514,219.1660756802741,116.66062826445133,24.312637010460772,65.5684621224375,0.03333333333333333,6
239,-11.780104712041888,-62.5,1.1514,239.35746474785952,39.23947599572017,20.125320718179665,26.415438225172153,0.0,0
240,-10.837696335078537,-62.5,1.1514,259.3869510133137,53.965973218939716,21.57709046585056,34.43645830705081,0.0,0
241,-9.895287958115185,-62.5,1.1514,307.33583113794464,1.2291348069926515,21.527914863723176,0.8890612575720036,0.0,0
242,-8.952879581151834,-62.5,1.1514,309.9312494958952,17.515218438275607,23.986642465576033,11.438446386755349,0.0,0
243,-8.010471204188482,-62.5,1.1514,313.1118778847296,27.6118961870415,25.821376459038838,17.87322204969513,0.0,1
244,-7.0680628272251305,-62.5,1.1514,279.63860730096064,12.505256292001379,29.544697164050092,7.437910116524592,0.0,0
245,-6.12565445026178,-62.5,1.1514,259.43743652156417,36.330649968811734,35.793946300849996,18.674081473788494,0.0,1
246,-5.183246073298429,-62.5,1.1514,240.28049699440956,99.95221286602994,41.8161215328797,42.54108969612675,0.19047619047619047,5
247,-4.2408376963350785,-62.5,1.1514,208.02514035056967,42.01119917448095,45.17871653115794,13.355512216564483,0.5,0
248,-3.298429319371728,-62.5,1.1514,166.33206628297333,100.24905351025296,48.223333239287996,25.415130715476145,0.0,4
249,-2.356020942408377,-62.5,1.1514,123.72783747599162,95.90241452383516,48.54824310542814,18.14614058659926,0.0,4
250,-1.4136125654450262,-62.5,1.1514,79.60443122622316,57.704219018436575,53.519279632003986,6.341730495004374,0.0,0
251,-0.4712041884816754,-62.5,1.1514,35.96331579680551,93.49076537905066,50.01604940564479,4.843876259351366,0.0,0
252,0.4712041884816754,-62.5,1.1514,13.645249314855459,87.57828092436084,46.944072852746494,1.9797623384123781,0.0,0
253,1.4136125654450262,-62.5,1.1514,5.169658408825079,55.623201272476344,43.471110737194394,0.7623356402181591,0.0,0
254,2.356020942408377,-62.5,1.1514,0.6212700450668969,75.50662737057753,42.766199178646225,0.7046614628870198,0.0,0
255,3.298429319371728,-62.5,1.1514,-4.087986462233829,85.62640963798297,37.113997133597266,0.3237977341418661,0.0,0
256,-18.376963350785346,-61.25,1.1514,71.95056844051858,68.55149897845205,9.71386283538108,22.527009383112095,0.0,0
257,-17.434554973821996,-61.25,1.1514,93.05619269656238,40.88797652963665,10.401105476395916,15.328725091159702,0.0,0
258,-16.492146596858646,-61.25,1.1514,128.00307919453064,45.260391207717205,9.795214474446109,21.6929747561118,0.0,0
259,-15.549738219895294,-61.25,1.1514,162.34997080770245,53.474413945100906,12.718741832735299,24.955782097996707,0.0,0
260,-14.607329842931941,-61.25,1.1514,193.28355429803347,99.40637706100952,16.24270301228254,46.90694964770497,0.0,5
261,-13.664921465968591,-61.25,1.1514,226.70443362154577,112.20277172006392,18.713597129028937,63.66940869925655,0.0,4
262,-12.72251308900524,-61.25,1.1514,254.35347864925853,26.8591181194603,19.673246037190445,17.49905560544168,0.0,0
263,-11.780104712041888,-61.25,1.1514,277.63393081382065,18.498526789918177,18.692455590048,13.913789545840519,0.0,0
264,-10.837696335078537,-61.25,1.1514,269.6169573070632,52.38457227757774,23.354163844883104,32.26135468276629,0.5,2
265,-9.895287958115185,-61.25,1.1514,298.3539004344089,27.74125426366407,24.373830945415012,17.317714326820383,0.5,0
266,-8.952879581151834,-61.25,1.1514,326.5247205347239,26.45375504092212,24.396861456060083,17.618695434161566,0.0,0
267,-8.010471204188482,-61.25,1.1514,320.8059048417201,22.642651553530083,24.786774985492144,14.815937973927069,0.0,0
268,-7.0680628272251305,-61.25,1.1514,296.6943472926158,59.210313459068125,28.77541346972871,34.77937324271689,0.16666666666666666,6
269,-6.12565445026178,-61.25,1.1514,279.30498941931984,51.60456205198208,33.18981425529783,25.374349672396797,0.16666666666666666,3
270,-5.183246073298429,-61.25,1.1514,250.09838921095482,32.55326912069624,37.11842301699509,13.54171626235154,0.5,0
271,-4.2408376963350785,-61.25,1.1514,222.71180055917844,7.1839031614909565,39.92302831345373,2.5147158994271295,0.5,0
272,-3.298429319371728,-61.25,1.1514,200.29922170285073,32.350240469397036,44.96241645185736,9.203040837472875,0.0,0
273,-2.356020942408377,-61.25,1.1514,146.17469306361738,98.87748033030671,48.061083085601865,20.22948884116967,0.0,3
274,-1.4136125654450262,-61.25,1.1514,87.20256338053164,64.69972582977786,48.4005245866567,7.999522654955432,0.0,0
275,-0.4712041884816754,-61.25,1.1514,39.31235497629013,55.46686190209133,46.6760127541262,3.0866557298268313,0.0,0
276,0.4712041884816754,-61.25,1.1514,15.601881616915566,53.24177290057251,45.26337790873288,1.141698424627873,0.0,0
277,1.4136125654450262,-61.25,1.1514,5.6139753186394685,41.218541666413984,44.325174878490344,0.421949790427096,0.0,0
278,2.356020942408377,-61.25,1.1514,-2.638387607758112,7.566770085516179,43.38367553317903,0.02817409416943552,0.0,0
279,3.298429319371728,-61.25,1.1514,-7.139498956142588,64.55836383780708,41.901520816861805,0.0946538371684659,0.0,0
280,4.2408376963350785,-61.25,1.1514,-6.277210368302507,63.852914577200934,32.121774287330624,0.04744328622170426,0.0,0
281,-15.549738219895294,-60.0,1.1514,177.90187746373618,68.31711798395887,8.026490856159043,40.31239640255967,0.0,1
282,-14.607329842931941,-60.0,1.1514,214.60246491871663,60.88635907580736,12.911054948706353,29.184478336159625,0.0,0
283,-13.664921465968591,-60.0,1.1514,241.73522460063336,37.82279670970426,15.062952230957576,21.28437808300552,0.0,0
284,-12.72251308900524,-60.0,1.1514,272.2327955946007,50.94696057178296,18.584160949492365,32.581362379250336,0.5,1
285,-11.780104712041888,-60.0,1.1514,305.1870930698287,89.68317013653615,22.179535493095468,65.50244215839247,0.19047619047619047,12
286,-10.837696335078537,-60.0,1.1514,307.09377148572923,106.63950830296878,25.61313070232622,72.99226262967584,0.08888888888888889,13
287,-9.895287958115185,-60.0,1.1514,318.7654179576522,40.232692150374604,24.85419586560703,28.119449372763313,0.3333333333333333,2
288,-8.952879581151834,-60.0,1.1514,328.74929568455576,19.69148090000597,23.749874753988998,13.733806170286554,0.5,0
289,-8.010471204188482,-60.0,1.1514,335.7417828433704,51.05371369562171,26.013499406463257,33.87979608119282,0.08333333333333333,6
290,-7.0680628272251305,-60.0,1.1514,323.7640119173499,2.6359059985745503,27.20875937979127,1.5103851715658356,0.0,0
291,-6.12565445026178,-60.0,1.1514,296.472534791401,24.722412144711832,30.626365768233118,11.813869024396636,0.5,0
292,-5.183246073298429,-60.0,1.1514,256.3079433914846,33.88876176621836,33.61245907925249,13.298109103709061,0.0,0
293,-4.2408376963350785,-60.0,1.1514,238.64887297320274,4.478793456811888,36.23531104641376,1.6010432382506643,0.0,0
294,-3.298429319371728,-60.0,1.1514,243.48254434057037,11.571019184242074,40.342467011288704,3.920907207225776,0.0,0
295,-2.356020942408377,-60.0,1.1514,181.81222194907554,2.0664754147189135,42.05327018626179,0.5522195490647548,0.0,0
296,-1.4136125654450262,-60.0,1.1514,109.12543093707393,25.086562199369286,44.094464692780384,3.6352545218378696,0.0,0
297,-0.4712041884816754,-60.0,1.1514,54.52516489043854,83.43135499001772,45.52005005067641,5.261218350342846,0.0,0
298,0.4712041884816754,-60.0,1.1514,18.533361370709635,78.3345471733775,43.83481592757879,1.5760226883826,0.0,0
299,1.4136125654450262,-60.0,1.1514,7.189206751100922,9.911427312064394,42.09028630644541,0.06643732122717182,0.0,0
300,2.356020942408377,-60.0,1.1514,1.5684178918727074,38.50676204182572,40.45491359491983,0.09147004167612499,0.0,0
301,3.298429319371728,-60.0,1.1514,-3.1572503095579005,72.79432302223637,39.338181617719485,0.07340642732163558,0.0,0
302,4.2408376963350785,-60.0,1.1514,1.15957742760855,73.47287295498343,33.41307424794122,0.11152322554898801,0.0,0
303,5.183246073298429,-60.0,1.1514,29.931957573080126,76.7019770105841,34.525359234965165,0.3521889654964156,0.0,0
304,-13.664921465968591,-58.75,1.1514,263.1327626503626,105.33834178542972,13.126646808931465,65.89270915042971,0.2,10
305,-12.72251308900524,-58.75,1.1514,284.15618647976606,117.48931233534175,19.663007373046145,74.93895311449339,0.19642857142857142,13
306,-11.780104712041888,-58.75,1.1514,304.5130725966925,72.8082481979485,22.16917049675564,52.158949720121036,0.23333333333333334,6
307,-10.837696335078537,-58.75,1.1514,315.2358423763671,15.02044716081073,22.065730909363282,10.669464666266995,0.5,0
308,-9.895287958115185,-58.75,1.1514,334.8243237845927,6.1955357539357125,20.81947606586644,4.578741826103351,0.5,0
309,-8.952879581151834,-58.75,1.1514,349.4845901555037,15.98029736423861,21.42175324147617,11.369525744997494,0.0,0
310,-8.010471204188482,-58.75,1.1514,351.3615054516293,71.57524580266342,25.590055493477273,46.29642753911728,0.13333333333333333,11
311,-7.0680628272251305,-58.75,1.1514,339.4351016028528,4.885355930945667,27.088988483621954,2.739788485158943,0.5,0
312,-6.12565445026178,-58.75,1.1514,322.7199629689164,78.35982643924658,30.694452204788018,37.244927832446834,0.26666666666666666,18
313,-5.183246073298429,-58.75,1.1514,295.33691297365704,114.03355914944721,35.59187893023579,46.60352564710471,0.14444444444444443,23
314,-4.2408376963350785,-58.75,1.1514,265.82690235291915,48.66894152453169,35.93052658911486,18.717503058971694,0.3333333333333333,5
315,-3.298429319371728,-58.75,1.1514,266.3715752368424,12.54292009594106,37.218801695753974,4.6570834620223005,0.0,0
316,-2.356020942408377,-58.75,1.1514,200.18737257482388,20.97871449660397,38.45912837084795,6.214757299253154,0.0,0
317,-1.4136125654450262,-58.75,1.1514,137.7294039373811,88.33749669862317,43.73384878506871,16.181412880841197,0.5,5
318,-0.4712041884816754,-58.75,1.1514,75.54333483493204,97.29278390755923,44.17601055208247,8.099131189791246,0.0,0
319,0.4712041884816754,-58.75,1.1514,31.91381447445604,87.96679980010967,42.116680021200516,2.5936312864804827,0.0,0
320,-13.664921465968591,-57.5,1.1514,273.412469733812,102.93959890480993,11.98767304500345,70.15053210480403,0.3333333333333333,13
321,-12.72251308900524,-57.5,1.1514,289.9315937147581,101.69832402298802,17.478363323314742,68.91148683213163,0.11904761904761904,12
322,-11.780104712041888,-57.5,1.1514,318.76094836121143,28.424743197301442,19.061419266083554,21.07410052711002,0.0,0
323,-10.837696335078537,-57.5,1.1514,341.1375223591098,28.017730729147896,19.372252477522377,21.552370839299197,0.0,2
324,-9.895287958115185,-57.5,1.1514,355.55516618930915,3.007568650608575,18.734638857767166,2.207300739635329,0.0,0
325,-8.952879581151834,-57.5,1.1514,358.02187336271487,38.50743631363974,20.95669517440993,25.944272407467544,0.0,3
326,-8.010471204188482,-57.5,1.1514,371.2387375406271,44.26112936386479,24.960078086674567,28.181482080469717,0.16666666666666666,6
327,-7.0680628272251305,-57.5,1.1514,358.7296334339013,78.13066950760812,28.67644832658686,42.5248847074671,0.10714285714285714,12
328,-6.12565445026178,-57.5,1.1514,335.11840225495405,18.75376367124877,29.858020120079427,8.361084105620563,0.16666666666666666,0
329,-5.183246073298429,-57.5,1.1514,320.1172761274517,62.42595443654045,35.29000802787569,24.617083485255645,0.3,7
330,-4.2408376963350785,-57.5,1.1514,295.6621568816729,37.64722974751696,36.421275655831856,14.145298903839029,0.26666666666666666,3
331,-3.298429319371728,-57.5,1.1514,251.1117243192432,51.83971348141472,36.94066260123707,16.74901305247701,0.15,6
332,-2.356020942408377,-57.5,1.1514,214.0930095052214,46.09083921063459,38.47527556141845,12.988636052373478,0.0,4
333,-1.4136125654450262,-57.5,1.1514,141.21615220737704,95.7971849245831,42.50801721222542,18.540893425399158,0.08333333333333333,4
334,-0.4712041884816754,-57.5,1.1514,78.05144570671374,61.65183044151101,43.36867103827671,5.340894015784182,0.5,0
335,0.4712041884816754,-57.5,1.1514,36.28510676426133,57.45841031539386,42.21231097682282,2.0509826570028324,0.0,0
336,1.4136125654450262,-57.5,1.1514,17.55347912075934,36.291228922017595,37.68035602506089,0.39672329699562164,0.0,0
337,-13.664921465968591,-56.25,1.1514,315.69531826481335,60.57817046321033,12.185068871885859,45.805632426917796,0.25,2
338,-12.72251308900524,-56.25,1.1514,318.82447913805805,68.53977224135761,15.952943850987346,48.71200429048835,0.2,3
339,-11.780104712041888,-56.25,1.1514,335.91080149317247,12.738966906024023,16.296955559626582,9.748461117858511,0.5,0
340,-10.837696335078537,-56.25,1.1514,361.37700049347916,31.87931074791,16.771732129921908,25.759982317829845,0.0,2
341,-9.895287958115185,-56.25,1.1514,378.2084367461233,0.5838446191654367,16.501505698846746,0.4409189275465427,0.0,0
342,-8.952879581151834,-56.25,1.1514,378.3805614071575,74.00255123743071,21.40036959116388,49.675192578360544,0.25,14
343,-8.010471204188482,-56.25,1.1514,386.0316143439813,62.957146954190115,26.252589797161626,38.92770318783664,0.2,8
344,-7.0680628272251305,-56.25,1.1514,389.64486573488176,30.700567614802004,28.15055838910408,17.080235271097266,0.16666666666666666,4
345,-6.12565445026178,-56.25,1.1514,365.88216723652994,21.794387650805294,28.342828714989835,10.070693688841185,0.3333333333333333,0
346,-5.183246073298429,-56.25,1.1514,321.51325827371727,20.911681268619486,31.077713171546947,7.62507272545559,0.25,0
347,-4.2408376963350785,-56.25,1.1514,282.042630846899,30.509989610298273,34.521999135373484,8.980849302693494,0.5,0
348,-3.298429319371728,-56.25,1.1514,223.3257234991212,31.293157983608964,36.656665966031966,7.873118315369774,0.3333333333333333,0
349,-2.356020942408377,-56.25,1.1514,188.76110179252447,54.35178528730756,39.99256445538407,10.900355090531038,0.08333333333333333,3
350,-1.4136125654450262,-56.25,1.1514,107.9330809687512,44.98161567519924,41.675829006082544,5.696398773292143,0.0,0
351,-0.4712041884816754,-56.25,1.1514,50.0727855613684,67.49611587377348,38.83072775351145,3.7704811600614705,0.0,0
352,0.4712041884816754,-56.25,1.1514,27.54426300433237,59.883356893368926,36.00364876015663,1.707023056865779,0.0,0
353,1.4136125654450262,-56.25,1.1514,16.123059151506247,74.99205903629894,36.11532962135303,0.8899781712056314,0.0,0
354,-14.607329842931941,-55.0,1.1514,332.23938736925817,96.09085387185047,9.081001979348976,72.31253385281694,0.3333333333333333,9
355,-13.664921465968591,-55.0,1.1514,343.03848868214567,105.00838319820494,12.988127605804541,85.17260532248027,0.16071428571428573,9
356,-12.72251308900524,-55.0,1.1514,330.6258155297558,32.09738043565769,15.41235134948148,22.27871854119948,0.3333333333333333,0
357,-11.780104712041888,-55.0,1.1514,336.1875461038987,2.1683477105371454,15.000349677959285,1.577859086286478,0.3333333333333333,0
358,-10.837696335078537,-55.0,1.1514,359.65060469992835,3.087643490597737,15.466853104065132,2.3203408176933142,0.0,0
359,-9.895287958115185,-55.0,1.1514,373.2453696074016,7.326344033268266,15.960092136060846,5.070135414937379,0.0,0
360,-8.952879581151834,-55.0,1.1514,383.60339226801386,67.64584223877381,21.284025823486164,41.95759192610633,0.275,16
361,-8.010471204188482,-55.0,1.1514,410.8137562568076,12.641420529963561,24.82817413723789,7.594663984815811,0.3,0
362,-7.0680628272251305,-55.0,1.1514,407.008299011444,21.916126398711718,25.833432886688893,11.6981909740469,0.25,0
363,-6.12565445026178,-55.0,1.1514,360.46532892140755,33.03459545871923,27.371623190144486,13.967833204321495,0.16666666666666666,2
364,-5.183246073298429,-55.0,1.1514,297.21965485811944,41.58875860438427,29.155777683929472,13.256930439979978,0.0,2
365,-4.2408376963350785,-55.0,1.1514,249.03499737856586,7.735186467476653,30.794380835710356,1.8358466109939158,0.5,0
366,-3.298429319371728,-55.0,1.1514,177.1779428529126,12.172793290135628,33.53729187397966,1.9251763653368974,0.0,0
367,-2.356020942408377,-55.0,1.1514,151.62488299764772,30.215166994431986,38.580752245883744,3.4811983934421673,0.5,0
368,-1.4136125654450262,-55.0,1.1514,71.17686359730038,32.90660688450836,34.23677016783921,2.2653376804161787,0.0,0
369,-0.4712041884816754,-55.0,1.1514,51.67866553948143,57.78945421083869,26.263024313195782,2.7923125887456552,0.0,0
370,0.4712041884816754,-55.0,1.1514,41.892408850475405,46.99213033829833,23.27545151952894,1.6619285728594326,0.0,0
371,1.4136125654450262,-55.0,1.1514,29.328419890523435,72.05476710566971,30.01817900781134,1.1401050016935457,0.0,0
372,2.356020942408377,-55.0,1.1514,31.22307178505402,48.98692663970287,23.864493763750442,0.4745295662261296,0.0,0
373,-14.607329842931941,-53.75,1.1514,334.9645902206376,116.31190561953649,7.294457282065319,80.9520864325596,0.25,14
374,-13.664921465968591,-53.75,1.1514,336.9271119900912,101.09577095118091,11.07409558192831,75.30637255168689,0.23809523809523808,11
375,-12.72251308900524,-53.75,1.1514,321.0143861311493,40.27030723401938,14.248663918727964,27.28293445765663,0.3333333333333333,1
376,-11.780104712041888,-53.75,1.1514,321.4207631356213,63.96261413070287,15.982186513759462,40.210621698942404,0.19047619047619047,3
377,-10.837696335078537,-53.75,1.1514,344.5647927990166,27.443006604777192,17.068986454672274,17.481889497825094,0.3333333333333333,1
378,-9.895287958115185,-53.75,1.1514,361.6972895874427,27.890122821646575,17.956586434285317,15.838896291933992,0.25,3
379,-8.952879581151834,-53.75,1.1514,413.7740377812862,84.16390441096921,23.282988712324613,47.37608231441763,0.21710526315789475,37
380,-8.010471204188482,-53.75,1.1514,461.09850792375033,105.7492411568187,29.862756580493844,59.11560950298538,0.1323529411764706,33
381,-7.0680628272251305,-53.75,1.1514,432.2628075402602,45.277846734899974,30.211495918665474,20.24112183919533,0.30952380952380953,5
382,-6.12565445026178,-53.75,1.1514,344.70597424516234,16.745033199919032,28.1876535638687,5.466670725716939,0.5,0
383,-5.183246073298429,-53.75,1.1514,274.8052506915974,9.84498247443056,27.414068117615688,2.3535286267910536,0.0,0
384,-4.2408376963350785,-53.75,1.1514,209.54668139364162,17.887013422123797,28.539717337294828,2.80365316578159,0.0,0
385,-3.298429319371728,-53.75,1.1514,160.0220933950332,1.8227401680622488,29.53165841864213,0.20044507505605533,0.0,0
386,-2.356020942408377,-53.75,1.1514,102.12369880086985,38.41185277201999,32.74852477660857,2.556351638929587,0.0,0
387,-1.4136125654450262,-53.75,1.1514,70.58929182443146,19.277603835345804,29.81820703207693,0.9111764276623647,0.0,0
388,-0.4712041884816754,-53.75,1.1514,62.92334942378201,42.73724484820486,23.571645417393555,1.6398475275801525,0.0,0
389,0.4712041884816754,-53.75,1.1514,56.19805141047383,36.252298352129195,22.43124229367364,0.846224601146176,0.0,0
390,1.4136125654450262,-53.75,1.1514,49.92615286788826,25.328216435528343,23.44737070124155,0.32687446311644686,0.0,0
391,2.356020942408377,-53.75,1.1514,48.123735141479116,27.314715795860774,22.131231852847844,0.23128089106555663,0.0,0
392,-13.664921465968591,-52.5,1.1514,363.47431857857447,98.68490738075033,6.801202655484134,78.44240818510411,0.17857142857142858,23
393,-12.72251308900524,-52.5,1.1514,333.19000880682984,59.68880954727139,10.436954347980576,36.81640963893918,0.5,6
394,-11.780104712041888,-52.5,1.1514,329.5327904422453,79.42600206470249,12.463705168729692,44.25611327079958,0.21428571428571427,15
395,-10.837696335078537,-52.5,1.1514,354.4564169547036,61.78226898167297,14.168883629729542,32.88656145285306,0.3333333333333333,9
396,-9.895287958115185,-52.5,1.1514,391.86652287767794,76.3266778764842,17.5578783706385,37.52830875566401,0.2361111111111111,27
397,-8.952879581151834,-52.5,1.1514,452.0582267854193,97.99105879774503,22.496670983356037,50.76292099289908,0.2012987012987013,39
398,-8.010471204188482,-52.5,1.1514,479.3181007980047,82.04126783830596,28.634702356952104,39.30597460473882,0.22727272727272727,17
399,-7.0680628272251305,-52.5,1.1514,427.33363190175214,24.549456307352735,30.18730185306687,8.152711722801472,0.5,2
400,-6.12565445026178,-52.5,1.1514,336.5249847941408,11.132407632421872,27.89363290077243,2.4888901565867725,0.4666666666666667,0
401,-5.183246073298429,-52.5,1.1514,267.58761268096447,51.93552151413972,27.868290096906343,8.706969828994874,0.25,3
402,-4.2408376963350785,-52.5,1.1514,225.15003998410668,39.44771593910723,28.585405783507476,4.974563652511761,0.5,0
403,-3.298429319371728,-52.5,1.1514,181.44564777421596,8.341250336594724,29.102636513162036,0.7145960067239194,0.0,0
404,-2.356020942408377,-52.5,1.1514,117.17256849242091,68.3534149348971,31.418024978671617,2.6511400704559733,0.0,0
405,-1.4136125654450262,-52.5,1.1514,89.7655279799935,13.53229713259031,31.728978409792763,0.292213946933153,0.0,0
406,-0.4712041884816754,-52.5,1.1514,76.51946658671461,33.03288763222849,25.261572013633433,0.6320118329151388,0.0,0
407,0.4712041884816754,-52.5,1.1514,81.25111830145981,28.489495390684798,24.239688333737053,0.35468147818180074,0.0,0
408,-8.952879581151834,-51.25,1.1514,457.72352373953595,12.98869743572856,13.168290938340897,5.5574159225269835,0.5,0
409,-8.010471204188482,-51.25,1.1514,463.6708477062561,46.4974115268613,18.217560082256508,15.648836954193817,0.5,3
410,-7.0680628272251305,-51.25,1.1514,433.0543161700377,32.16777062376593,21.807363188205226,6.177427539263961,0.4166666666666667,1
411,-5.183246073298429,-51.25,1.1514,335.5034813482632,52.00323732587033,24.57247007656961,6.677082900534041,0.25,3
412,-4.2408376963350785,-51.25,1.1514,290.3681834519102,24.375583855444184,27.50075234030955,2.673286497429621,0.4166666666666667,0
413,-3.298429319371728,-51.25,1.1514,233.9265869970454,1.6041291565390763,29.008320111120664,0.11207278590357315,0.0,0
414,-2.356020942408377,-51.25,1.1514,163.15722584613022,19.60032588866488,30.860482738443704,0.49571918547314936,0.0,0
415,-3.298429319371728,-50.0,1.1514,280.6768499286834,6.388044580254272,25.42034531838135,0.22609807075135013,0.0,0
0,-6.12565445026178,-78.75,3.112,145.65032550505322,40.20666888529966,19.57364846170285,37.02089769690576,0.0,0
1,-5.183246073298429,-78.75,3.112,154.41946170407425,53.53002807853126,19.497960936413875,51.43816442343754,0.0,0
2,-4.2408376963350785,-78.75,3.112,156.15597722693755,46.25697522934672,21.40393713867972,44.99553732234113,0.0,0
3,-3.298429319371728,-78.75,3.112,153.60330924544294,37.02240558687407,19.530028958520937,30.232252343805406,0.0,0
4,-2.356020942408377,-78.75,3.112,156.76064871686194,80.87926616120967,19.02891068186285,60.9037360236521,0.0,3
5,-1.4136125654450262,-78.75,3.112,163.2861582012942,75.48427658024593,18.8504753849032,51.652563148919725,0.0,1
6,-8.952879581151834,-77.5,3.112,184.1904218161152,89.56976718203927,29.31483710045373,132.12177863598407,0.2,9
7,-8.010471204188482,-77.5,3.112,136.94124814960318,73.53270036083775,27.96606901427097,78.97802792916099,0.5,4
8,-7.0680628272251305,-77.5,3.112,141.54441041898662,64.96875577442145,31.248432997580394,57.529892038798295,0.5,0
9,-6.12565445026178,-77.5,3.112,159.68477179528332,36.321338538202276,28.777177593409384,30.720683848725333,0.5,0
10,-5.183246073298429,-77.5,3.112,188.01079338204366,71.97672631824355,28.547566583169612,47.96937472425345,0.0,0
11,-4.2408376963350785,-77.5,3.112,149.2604397937065,100.01350923505694,30.65168129009704,46.066898522977574,0.0,0
12,-3.298429319371728,-77.5,3.112,129.4013066415721,40.7658526876202,26.163073073528533,16.80857910554812,0.0,0
13,-2.356020942408377,-77.5,3.112,121.14779236072073,54.03242095421766,22.77048403506209,20.802109901830843,0.0,0
14,-1.4136125654450262,-77.5,3.112,126.95262732861468,43.67883526435083,21.5052521057358,16.69439102594308,0.0,0
15,-0.4712041884816754,-77.5,3.112,132.22311955917397,53.31734179300793,16.988171691677838,24.500853677560034,0.0,0
16,0.4712041884816754,-77.5,3.112,136.867542103685,54.86134845563039,15.964222979315682,20.89069524872265,0.0,0
17,-10.837696335078537,-76.25,3.112,218.12424197341898,79.75724836594573,22.23600691559426,157.67061402332942,0.16666666666666666,13
18,-9.895287958115185,-76.25,3.112,251.34253374613886,71.54630457742805,27.86576419366181,126.42607094097856,0.2,9
19,-8.952879581151834,-76.25,3.112,257.1257929262833,44.117749454517714,33.39820081444315,56.64589600838885,0.5,0
20,-8.010471204188482,-76.25,3.112,136.53752668931253,77.13156836301143,36.87391432223941,40.40918159166016,0.3333333333333333,0
21,-7.0680628272251305,-76.25,3.112,97.34489706378761,59.73503440898148,33.59539684579794,23.47546539361776,0.5,0
22,-6.12565445026178,-76.25,3.112,134.00817412445178,40.08315608177172,40.6763185626047,16.65610808339689,0.5,0
23,-5.183246073298429,-76.25,3.112,158.08784423336067,102.03892869632773,41.30021212537519,45.50629413467869,0.0,0
24,-4.2408376963350785,-76.25,3.112,132.60120153807233,103.06963931020171,37.71299917763021,40.54443835188909,0.0,0
25,-3.298429319371728,-76.25,3.112,124.01704792998098,103.6101318831028,35.41574555236051,34.78909177053838,0.0,0
26,-2.356020942408377,-76.25,3.112,106.40006488580535,101.44966336083728,31.517269841748387,27.990630358991464,0.0,0
27,-1.4136125654450262,-76.25,3.112,81.7622708908581,100.59957776212595,28.84022241327581,17.537132222535078,0.0,0
28,-0.4712041884816754,-76.25,3.112,73.58507572598553,62.213029656830756,25.401728735610224,8.662272798928225,0.0,0
29,0.4712041884816754,-76.25,3.112,77.98716407330039,60.34529727840682,21.522804817626696,7.918053361457897,0.0,0
30,1.4136125654450262,-76.25,3.112,68.25760876056206,6.301203671750661,15.615237601363136,0.5581407449893581,0.0,0
31,-13.664921465968591,-75.0,3.112,123.67692053971959,56.38412458383254,25.225962559004756,73.30616750097737,0.0,4
32,-12.72251308900524,-75.0,3.112,196.98968598578853,71.29490547584841,33.42305758054737,149.8718257437461,0.15,16
33,-11.780104712041888,-75.0,3.112,272.1850283319518,65.73481717818022,28.129986891476996,144.7461363622046,0.3,7
34,-10.837696335078537,-75.0,3.112,338.0821850574397,52.74565117677804,37.56425382483956,91.76866354429768,0.4166666666666667,0
35,-9.895287958115185,-75.0,3.112,217.9074425869119,71.32578030307093,45.893404000855995,54.237552265262075,0.25,0
36,-8.952879581151834,-75.0,3.112,175.38391195339892,42.32664714273208,53.05594760540984,22.54627811531998,0.5,0
37,-8.010471204188482,-75.0,3.112,144.36973490415608,76.57728165396827,52.11400198686363,36.14679811142834,0.5,0
38,-7.0680628272251305,-75.0,3.112,131.7259855038978,75.42104454239168,38.35388420133231,41.43368004225111,0.0,0
39,-6.12565445026178,-75.0,3.112,133.39557613326062,101.49033711325426,50.19074419783236,43.013677111974914,0.0,0
40,-5.183246073298429,-75.0,3.112,143.28927961487713,106.98643294123622,51.04066025307319,46.076881370450984,0.0,0
41,-4.2408376963350785,-75.0,3.112,140.3789168730544,103.38861945418645,45.703025928865735,41.072076243037316,0.0,0
42,-3.298429319371728,-75.0,3.112,128.0725951374891,99.42085983084547,40.644752143181094,32.343363684540506,0.0,0
43,-2.356020942408377,-75.0,3.112,112.17047336860266,98.93933753468927,37.11297331739402,24.65304144390571,0.0,0
44,-1.4136125654450262,-75.0,3.112,84.60057647121158,94.40360905444803,31.389910482080282,18.72162247510508,0.0,0
45,-0.4712041884816754,-75.0,3.112,54.15843298031192,86.35402546787188,28.1392181651554,10.27559983271792,0.0,0
46,0.4712041884816754,-75.0,3.112,28.33975335509486,85.41150645694557,24.01417998204975,5.1955184255198175,0.0,0
47,1.4136125654450262,-75.0,3.112,23.49762992226634,19.893437752334236,18.816070037710425,0.6518373276884732,0.0,0
48,2.356020942408377,-75.0,3.112,23.913515744143975,4.7672523516237035,13.303995744496962,0.10969297420859798,0.0,0
49,-14.607329842931941,-73.75,3.112,166.1962250104176,57.797075247071916,33.022300980074064,94.08466332665603,0.5833333333333334,6
50,-13.664921465968591,-73.75,3.112,210.9071909811869,63.5356933939061,43.03245287274594,111.08519963231169,0.4523809523809524,9
51,-12.72251308900524,-73.75,3.112,353.28952682122105,78.24136559495793,51.636504123001245,140.31178922694818,0.4107142857142857,7
52,-11.780104712041888,-73.75,3.112,278.9726831784118,87.22026385180204,57.82834749048085,99.39436616878527,0.47619047619047616,3
53,-10.837696335078537,-73.75,3.112,224.11857722775983,91.65796536551665,59.70360249953169,59.67546079201143,0.4107142857142857,0
54,-9.895287958115185,-73.75,3.112,204.7215838521653,105.92484504184975,60.78433553354834,65.3602462321631,0.35714285714285715,0
55,-8.952879581151834,-73.75,3.112,181.56728941438163,99.11707883864355,59.05221593503602,58.18925064225583,0.25,0
56,-8.010471204188482,-73.75,3.112,166.58334231101884,77.8008153862428,56.49636114567271,39.999693092673155,0.0,0
57,-7.0680628272251305,-73.75,3.112,155.29586606044884,90.98084960372856,57.81797059437445,40.78825670042919,0.0,0
58,-6.12565445026178,-73.75,3.112,163.46556627755297,114.17141836320609,55.19186505264409,52.59142070824649,0.0,0
59,-5.183246073298429,-73.75,3.112,164.99194242238448,105.54825055243157,53.65376668798269,47.1736944634209,0.0,0
60,-4.2408376963350785,-73.75,3.112,151.28471090702624,106.37661154649356,50.27302656559814,40.12657180680375,0.0,0
61,-3.298429319371728,-73.75,3.112,128.76342389525038,99.76681869973788,44.19335033341752,30.149568304263507,0.0,0
62,-2.356020942408377,-73.75,3.112,105.10251196099549,98.7275827927329,41.57388968798957,20.517788050681038,0.0,0
63,-1.4136125654450262,-73.75,3.112,72.10549159795568,81.61669907823574,36.57785114601779,10.428824903581791,0.0,0
64,-0.4712041884816754,-73.75,3.112,45.51466861861488,90.765212217351,31.509679989893183,6.958871475710854,0.0,0
65,0.4712041884816754,-73.75,3.112,22.350993807049203,90.53274642739612,27.569374315962857,3.410337708245323,0.0,0
66,1.4136125654450262,-73.75,3.112,6.873091095927608,82.25887924615519,23.949174107453313,0.8988611465942762,0.0,0
67,-14.607329842931941,-72.5,3.112,231.48717823520892,59.498925639980655,30.710081011527976,313.4304046245026,0.23333333333333334,78
68,-13.664921465968591,-72.5,3.112,336.796586592731,64.44556740751891,44.88962593683825,168.2041806506338,0.36666666666666664,23
69,-12.72251308900524,-72.5,3.112,381.9712230778757,72.76085131122612,56.544263693920925,118.0703381949157,0.4523809523809524,4
70,-11.780104712041888,-72.5,3.112,268.63790725812254,103.08784192211309,60.009617723193195,76.80066994665957,0.4666666666666667,0
71,-10.837696335078537,-72.5,3.112,213.4259060013826,111.80124457971665,55.71756920261157,73.39463843962965,0.25,0
72,-9.895287958115185,-72.5,3.112,195.14302677681872,115.448291360226,52.8759766773528,74.44802544542347,0.0,0
73,-8.952879581151834,-72.5,3.112,180.13717801675116,99.79990562794083,51.11013930631771,61.07426513614848,0.0,0
74,-8.010471204188482,-72.5,3.112,183.83067415313337,35.338242841282856,52.139213467059704,19.337929143887735,0.0,0
75,-7.0680628272251305,-72.5,3.112,174.81452360391924,50.56116666091776,51.9695419053914,24.949605638964854,0.0,0
76,-6.12565445026178,-72.5,3.112,186.01245256423095,118.71696936294724,52.628148189420955,57.96403874861147,0.0,1
77,-5.183246073298429,-72.5,3.112,185.64836699482424,111.23492315106725,51.60100670991621,52.728045196924214,0.0,0
78,-4.2408376963350785,-72.5,3.112,164.27656071408865,97.01515157854982,50.59569876427869,38.1764687488957,0.0,0
79,-3.298429319371728,-72.5,3.112,144.65567041076474,103.17464316791678,47.59414068110681,33.35269726257607,0.0,0
80,-2.356020942408377,-72.5,3.112,118.80106230605116,94.25185798207286,44.837713477247675,23.125838224533393,0.0,0
81,-1.4136125654450262,-72.5,3.112,85.96984306278988,96.17449698891103,41.98567037773451,15.34871081573462,0.0,0
82,-0.4712041884816754,-72.5,3.112,58.44715867352447,92.37052284970612,36.52724032074312,8.695342493639686,0.0,0
83,0.4712041884816754,-72.5,3.112,32.13001870427518,88.00507934610343,31.364370022012032,3.7637999425540194,0.0,0
84,1.4136125654450262,-72.5,3.112,13.228113527235887,85.29350415024463,28.24852800024302,1.2004076238719423,0.0,0
85,-14.607329842931941,-71.25,3.112,271.3151950048204,59.06208332374509,30.06173778061362,359.2296479517635,0.1722488038277512,91
86,-13.664921465968591,-71.25,3.112,393.57768827007345,86.3904640247826,49.626901511290725,216.75903944875247,0.23484848484848486,27
87,-12.72251308900524,-71.25,3.112,345.5455310400949,58.275629606535674,50.4811243929026,84.45820795024574,0.5,2
88,-11.780104712041888,-71.25,3.112,225.42383728831533,105.8565950917025,49.45545719323843,71.65241333444823,0.3333333333333333,0
89,-10.837696335078537,-71.25,3.112,189.82108287458638,112.88230802433803,46.974323938159756,71.45335195469534,0.0,0
90,-9.895287958115185,-71.25,3.112,177.95519968968676,113.16137018791905,45.59963419053642,67.60672857331649,0.0,0
91,-8.952879581151834,-71.25,3.112,189.11472275573232,78.51937384358678,46.325413338498834,46.75192110210119,0.0,0
92,-8.010471204188482,-71.25,3.112,199.24134078191165,13.529213769324242,45.95769185560554,8.124271127267725,0.0,0
93,-7.0680628272251305,-71.25,3.112,200.04695472102463,64.36537690147033,45.379152123404644,35.881580788488705,0.0,0
94,-6.12565445026178,-71.25,3.112,195.9380015980166,105.96165283167201,48.346489384671436,53.966717449162275,0.0,1
95,-5.183246073298429,-71.25,3.112,196.17643000691746,112.07288824401346,50.23402034329809,55.16201910586967,0.0,1
96,-4.2408376963350785,-71.25,3.112,185.90298718204855,108.44766066491417,51.815284816016316,48.03881177019691,0.0,0
97,-3.298429319371728,-71.25,3.112,157.70385422276883,108.27003431442853,50.93179988701738,37.87359617788836,0.0,0
98,-2.356020942408377,-71.25,3.112,129.70272922080503,96.82594834153413,47.87302562103546,26.795852942643236,0.0,0
99,-1.4136125654450262,-71.25,3.112,113.41163409914536,100.19063203004224,45.85310181695495,21.959078145159133,0.0,0
100,-0.4712041884816754,-71.25,3.112,88.98857905188054,95.28026163563482,41.192820019404515,14.658954522017002,0.0,0
101,0.4712041884816754,-71.25,3.112,52.56161768288723,89.06089017516933,35.35654830551243,6.796757132497643,0.0,0
102,1.4136125654450262,-71.25,3.112,25.33140762447283,75.73696339852748,31.428832864814304,1.8550930919760604,0.0,0
103,-13.664921465968591,-70.0,3.112,404.7448159678986,79.96240017346527,37.91194412117853,140.5599793949832,0.30952380952380953,6
104,-12.72251308900524,-70.0,3.112,305.66741833152696,50.025477027534635,45.595691717819996,47.09719104148483,0.45,0
105,-11.780104712041888,-70.0,3.112,189.56547311954458,70.47130303541071,42.10655913324679,45.29954882493808,0.0,0
106,-10.837696335078537,-70.0,3.112,172.91084478789895,48.16442371452946,38.78144151953239,29.27122344650841,0.0,0
107,-9.895287958115185,-70.0,3.112,177.89099528652665,85.18122825114989,39.776545386038315,49.54798143518914,0.0,0
108,-8.952879581151834,-70.0,3.112,197.59458175304303,45.05461245636273,41.352752115138586,27.715667576727228,0.0,0
109,-8.010471204188482,-70.0,3.112,219.38479124324095,32.600845558696534,41.26907210661419,20.327266060010302,0.0,0
110,-7.0680628272251305,-70.0,3.112,226.3458892479049,58.82753488826745,42.134399597641114,35.5956732526211,0.0,0
111,-6.12565445026178,-70.0,3.112,219.5786572910128,112.50213023631936,46.25407018183089,62.503334583017065,0.0,1
112,-5.183246073298429,-70.0,3.112,215.02212343099004,112.23316719437062,50.40410228842985,57.0659988303675,0.0,1
113,-4.2408376963350785,-70.0,3.112,208.43257213880435,91.2530641573956,52.49795126243265,43.90294197278859,0.0,0
114,-3.298429319371728,-70.0,3.112,183.89524189457748,104.43267694546331,52.67442006922664,38.572474387793264,0.0,0
115,-2.356020942408377,-70.0,3.112,161.92699765785977,104.01498495846647,51.52452502593723,31.98704808989266,0.0,0
116,-1.4136125654450262,-70.0,3.112,148.66558384378175,99.37272008174239,49.13759127227508,28.081657999741843,0.0,0
117,-0.4712041884816754,-70.0,3.112,130.7613891273163,96.70183717298208,45.21741936439265,23.914361934047797,0.0,0
118,0.4712041884816754,-70.0,3.112,88.0861432405712,93.80710891272108,40.90600506605968,13.139756543732599,0.0,0
119,1.4136125654450262,-70.0,3.112,50.58206197011678,89.65293513883302,35.83347609954251,5.501615205280412,0.0,0
120,-15.549738219895294,-68.75,3.112,307.48451322285285,101.34037664256576,27.155485291253314,168.13583895478112,0.17857142857142858,10
121,-14.607329842931941,-68.75,3.112,315.5254886129984,86.55287645701613,35.93721155670151,115.88408717923,0.45,3
122,-13.664921465968591,-68.75,3.112,310.0026704791696,89.37411142313532,38.0251557825172,92.95681544843721,0.5,0
123,-12.72251308900524,-68.75,3.112,222.04428684836677,90.19842501947893,42.445540175805455,62.44164738510987,0.0,0
124,-11.780104712041888,-68.75,3.112,196.03208311034956,27.398816197424605,24.12039016259862,28.50416847584776,0.0,0
125,-10.837696335078537,-68.75,3.112,184.8797312071976,11.181425558130888,24.59547614986952,9.777198459427307,0.0,0
126,-9.895287958115185,-68.75,3.112,190.4690935227936,54.77372811330542,35.673858692019174,31.72707485158169,0.0,0
127,-8.952879581151834,-68.75,3.112,196.2660806902722,5.761390861216125,36.82482169020313,3.3272250554105467,0.0,0
128,-8.010471204188482,-68.75,3.112,217.3452624700094,85.57628232288951,39.02734525167133,48.622863891016465,0.0,0
129,-7.0680628272251305,-68.75,3.112,234.4152446354955,112.80995251106818,42.92310468846848,61.97602072374319,0.0,3
130,-6.12565445026178,-68.75,3.112,240.0762261523645,112.85756367381157,47.361373254959965,60.56689814815553,0.0,1
131,-5.183246073298429,-68.75,3.112,239.28058442777507,113.3424085228297,50.695649893576366,57.00670896698076,0.0,1
132,-4.2408376963350785,-68.75,3.112,217.45890274670342,111.2675987223957,52.685067064500956,49.95370973718214,0.0,1
133,-3.298429319371728,-68.75,3.112,201.60150714678417,111.6507802042451,55.336667280506525,41.919208435092365,0.0,0
134,-2.356020942408377,-68.75,3.112,180.11771225072908,108.41780814633317,53.89617726152056,36.3204605117765,0.0,0
135,-1.4136125654450262,-68.75,3.112,177.93747470886962,105.29379435271211,52.387854520155315,35.67468038314347,0.0,1
136,-0.4712041884816754,-68.75,3.112,167.43434372991968,104.9274355465486,51.08412635286299,31.98583781191011,0.0,1
137,0.4712041884816754,-68.75,3.112,135.14131252976753,101.66942196261367,46.926803163825,23.574818754919825,0.0,0
138,1.4136125654450262,-68.75,3.112,92.96319690137724,96.39265297521794,41.31034604905729,13.535003377322578,0.0,0
139,2.356020942408377,-68.75,3.112,51.974721969870984,88.92991252144591,36.863518143573174,5.167569481286837,0.0,0
140,-16.492146596858646,-67.5,3.112,317.1917289844313,54.46254852660102,14.93422195158701,66.45822803405441,0.0,2
141,-15.549738219895294,-67.5,3.112,267.17575023294893,49.91708966595614,26.576535313816816,51.024095831738904,0.0,0
142,-14.607329842931941,-67.5,3.112,187.762915156463,77.81328512025755,34.248381130701844,46.55558024456267,0.0,0
143,-13.664921465968591,-67.5,3.112,159.1003468302805,87.51347164458605,35.34817077190087,51.2208709407534,0.0,0
144,-12.72251308900524,-67.5,3.112,167.69044765132938,105.51710795227149,34.2959349531753,68.1094670756829,0.0,0
145,-11.780104712041888,-67.5,3.112,166.50763347487612,104.23327025817527,35.47341263320151,60.0199686571389,0.0,0
146,-10.837696335078537,-67.5,3.112,181.82384792397346,46.17319496551112,35.366310732517704,26.49521339727896,0.0,0
147,-9.895287958115185,-67.5,3.112,199.09465566072936,4.452383545159277,33.18975601478655,2.603252510373339,0.0,0
148,-8.952879581151834,-67.5,3.112,201.23534772155648,38.15053338171912,35.33840902532906,21.028505244397476,0.0,0
149,-8.010471204188482,-67.5,3.112,214.26679979293417,107.74428551901083,38.713604481130815,59.66877657735433,0.0,3
150,-7.0680628272251305,-67.5,3.112,237.50340888074348,91.1050613852445,43.733760627962106,50.63415704505312,0.0,1
151,-6.12565445026178,-67.5,3.112,255.6569607686658,111.09083312388945,48.250435935460494,60.080492245542246,0.0,1
152,-5.183246073298429,-67.5,3.112,239.55653337344995,113.08246125707711,51.00265201553441,55.16334314830094,0.0,1
153,-4.2408376963350785,-67.5,3.112,212.69126726001355,111.63896924663739,52.928656778272604,47.604630202526764,0.0,1
154,-3.298429319371728,-67.5,3.112,179.43912001790272,104.13804767428681,53.501097469753184,38.02581352926762,0.0,0
155,-2.356020942408377,-67.5,3.112,165.48447637067366,108.5533991549366,53.590597141392756,36.83594323448899,0.0,0
156,-1.4136125654450262,-67.5,3.112,163.5163438257648,104.27073412334069,52.17588929285928,35.983438407115145,0.0,0
157,-0.4712041884816754,-67.5,3.112,158.62541042274842,106.57417617241089,52.88193484844621,34.949864045575154,0.0,1
158,0.4712041884816754,-67.5,3.112,144.73998969567864,105.95200708295883,49.72149868151802,28.538334526325492,0.0,1
159,1.4136125654450262,-67.5,3.112,127.24532661698922,91.14105485738578,45.05697118894884,20.700964704117116,0.0,0
160,2.356020942408377,-67.5,3.112,80.24383996042538,67.47199216396838,38.92821199500786,9.070030505339947,0.0,0
161,-18.376963350785346,-66.25,3.112,204.6970448573071,96.09460495541398,10.53375969801475,64.36238645976641,0.0,5
162,-17.434554973821996,-66.25,3.112,244.5468770655568,64.72570280043581,17.500176246578093,52.49823621815115,0.0,3
163,-16.492146596858646,-66.25,3.112,259.0282522117989,93.2431525200479,25.543180525894158,100.30740555453589,0.0,2
164,-15.549738219895294,-66.25,3.112,196.54088898425454,101.60713374741457,32.9142836857878,64.30072291113429,0.0,0
165,-14.607329842931941,-66.25,3.112,174.81181837187304,111.8888610787235,32.58484343858337,67.75789637524012,0.0,0
166,-13.664921465968591,-66.25,3.112,186.37901642946946,84.35478422361793,22.226641910571935,75.87031126636798,0.0,0
167,-12.72251308900524,-66.25,3.112,183.04122614122966,119.58005477586994,31.03400599542727,68.43537976426575,0.0,0
168,-11.780104712041888,-66.25,3.112,176.9688173456136,114.578956255542,32.36740818286557,60.94710038724303,0.0,0
169,-10.837696335078537,-66.25,3.112,189.0245165925159,90.82220185504805,33.35158914496869,49.195875166331085,0.0,0
170,-9.895287958115185,-66.25,3.112,211.25766633880212,73.29685635513019,34.286818556922036,40.95360744898963,0.0,0
171,-8.952879581151834,-66.25,3.112,227.82495555453352,58.24769981911944,35.184321522775996,33.57213498902837,0.0,0
172,-8.010471204188482,-66.25,3.112,239.96978931315422,94.95453920791483,38.14903086573317,56.11921625394049,0.0,1
173,-7.0680628272251305,-66.25,3.112,251.22240295162507,102.29265896787646,42.87982670228393,56.93104557339299,0.0,1
174,-6.12565445026178,-66.25,3.112,249.87604137710687,113.53898264476999,47.489931162857026,59.2891938357114,0.0,1
175,-5.183246073298429,-66.25,3.112,223.99705600223504,112.41187035329192,51.078930638622566,50.07458674612833,0.0,1
176,-4.2408376963350785,-66.25,3.112,186.94025087449882,108.39397155990775,50.90123837557111,39.11492817757478,0.0,0
177,-3.298429319371728,-66.25,3.112,162.4385975908685,102.82974312413242,52.53100970577514,32.39933612091424,0.0,0
178,-2.356020942408377,-66.25,3.112,134.2168016460078,110.39885442637237,55.255912118372706,29.190525323007197,0.0,0
179,-1.4136125654450262,-66.25,3.112,115.99672878578627,106.94041552080307,54.14254612659752,28.919901496994676,0.0,0
180,-0.4712041884816754,-66.25,3.112,94.60342556269092,95.22793166448221,52.33045625613851,22.969905716263465,0.0,0
181,0.4712041884816754,-66.25,3.112,82.81372385361968,90.54303277927755,48.57925750602393,19.237930094968323,0.0,0
182,1.4136125654450262,-66.25,3.112,70.67961588362941,90.48272293292476,45.08056439464576,14.589337544538989,0.0,0
183,2.356020942408377,-66.25,3.112,42.50020542708239,88.91639514320622,40.42176765964417,7.858276831899092,0.0,0
184,-18.376963350785346,-65.0,3.112,218.10202012355336,117.93362434766269,20.88014305564193,57.06573891068779,0.0,2
185,-17.434554973821996,-65.0,3.112,185.728612598598,37.274466580389934,26.471406939571008,27.825018124251137,0.0,0
186,-16.492146596858646,-65.0,3.112,161.7805161628833,100.84420307758613,26.77637624663116,57.08732901900888,0.0,0
187,-15.549738219895294,-65.0,3.112,178.60276927225175,86.70179665532645,21.566593733257413,58.315351570256034,0.0,0
188,-14.607329842931941,-65.0,3.112,185.04420653225083,104.48880519953758,23.1481484315579,69.72672038201864,0.0,0
189,-13.664921465968591,-65.0,3.112,194.6456428030609,94.47969385467158,21.124556356042252,67.0895350081272,0.0,0
190,-12.72251308900524,-65.0,3.112,210.44938300507332,97.63822678722174,22.74993430745509,67.45438594045221,0.0,0
191,-11.780104712041888,-65.0,3.112,202.98972662821208,98.87807212500964,29.406844453124144,53.5379760659571,0.0,0
192,-10.837696335078537,-65.0,3.112,226.7106248650001,58.933792670712435,30.76872623053456,32.4102224152904,0.0,0
193,-9.895287958115185,-65.0,3.112,241.04928967829068,17.096922487113257,30.777545444621428,10.089378611077242,0.0,0
194,-8.952879581151834,-65.0,3.112,252.10741074920668,38.11331244901716,30.23149894579884,22.93106009941136,0.0,0
195,-8.010471204188482,-65.0,3.112,268.60631164545924,76.22601043501881,33.83761601390473,47.91781481600459,0.0,0
196,-7.0680628272251305,-65.0,3.112,261.42064309932476,62.956211864134744,39.049551485228825,35.05371786276103,0.0,0
197,-6.12565445026178,-65.0,3.112,241.86961839613053,109.27635379352124,45.59877508207484,52.79833454429514,0.0,1
198,-5.183246073298429,-65.0,3.112,211.98844012855312,66.5402079483084,48.22425852077665,25.27879111524481,0.0,0
199,-4.2408376963350785,-65.0,3.112,182.8036140949182,61.46772164520566,48.98039300365045,18.949523162728347,0.0,0
200,-3.298429319371728,-65.0,3.112,136.32869204108937,79.52584322705972,52.0087307234614,19.30042783817619,0.0,0
201,-2.356020942408377,-65.0,3.112,106.58201738172718,112.53778162740774,56.104985399532055,22.200192921995544,0.0,0
202,-1.4136125654450262,-65.0,3.112,75.96137512985229,102.01218104013375,52.206058653544424,15.802194051408021,0.0,0
203,-0.4712041884816754,-65.0,3.112,48.80000037358836,100.81165247265311,52.30510453906969,11.929442018351974,0.0,0
204,0.4712041884816754,-65.0,3.112,31.880289447862488,93.63839851227294,47.559508865430004,7.996913945149397,0.0,0
205,1.4136125654450262,-65.0,3.112,17.28356168626417,96.40910268318262,45.018020453508605,3.896169860102205,0.0,0
206,-20.261780104712045,-63.75,3.112,141.6766258470207,20.66861023582866,0.0,6.059489474045288,0.0,0
207,-19.319371727748695,-63.75,3.112,115.78864742104392,69.68592478906398,22.463367470153464,23.870961779883928,0.0,0
208,-18.376963350785346,-63.75,3.112,109.71074687812744,81.29984005169946,22.81189361300272,31.018564971952237,0.0,0
209,-17.434554973821996,-63.75,3.112,115.63827799725685,22.78717527667797,21.180798568249628,10.685400366758067,0.0,0
210,-16.492146596858646,-63.75,3.112,135.79152645957245,101.86929261833876,19.522169071186656,48.790164214275336,0.0,0
211,-15.549738219895294,-63.75,3.112,156.5643628179249,103.69197153282745,20.31807714373199,54.74040076729,0.0,0
212,-14.607329842931941,-63.75,3.112,174.33251836075286,107.61974379073966,21.57407447732367,58.02805479185466,0.0,0
213,-13.664921465968591,-63.75,3.112,188.66881821047065,107.14167367589258,21.69860192116871,62.1345531907787,0.0,0
214,-12.72251308900524,-63.75,3.112,193.2928665482292,114.47251900408544,24.91335408098032,60.12823274474766,0.0,0
215,-11.780104712041888,-63.75,3.112,216.22961028793137,36.948625428856595,26.43949151771613,19.945860379602642,0.0,0
216,-10.837696335078537,-63.75,3.112,244.7006926156267,84.93496776716158,27.70121803236222,47.7217228761182,0.0,0
217,-9.895287958115185,-63.75,3.112,271.67513202310977,15.598553511992536,27.37837250244693,9.742579222015445,0.0,0
218,-8.952879581151834,-63.75,3.112,278.23075614365496,4.930022845698172,26.584161372588966,3.0744007699295324,0.0,0
219,-8.010471204188482,-63.75,3.112,283.39951843161083,22.79283623370383,28.91382084283423,14.870481789999648,0.0,0
220,-7.0680628272251305,-63.75,3.112,276.2229127543118,35.737669897445215,34.03299138241662,21.18842710954716,0.0,0
221,-6.12565445026178,-63.75,3.112,246.5147585375642,92.30731555938775,41.58265972715638,44.88495262255729,0.0,1
222,-5.183246073298429,-63.75,3.112,219.49060415292357,96.00767136448603,44.94539410765183,37.381082826667175,0.0,0
223,-4.2408376963350785,-63.75,3.112,187.1189985585468,39.007858646388605,47.13561470229252,11.643792212532695,0.0,0
224,-3.298429319371728,-63.75,3.112,144.02508590585086,109.54437717607132,49.934773834162336,26.731803849438798,0.0,0
225,-2.356020942408377,-63.75,3.112,106.12386733611419,105.53649077392276,51.161123080306176,19.407013332837188,0.0,0
226,-1.4136125654450262,-63.75,3.112,71.96382291663345,98.93356882927766,50.67531328461766,10.975693168926012,0.0,0
227,-0.4712041884816754,-63.75,3.112,36.601580611980495,105.52706362450236,53.514925676367724,6.3332287654791735,0.0,0
228,0.4712041884816754,-63.75,3.112,14.001230458655044,94.89539112890752,47.7994892064559,3.5256552808753137,0.0,0
229,1.4136125654450262,-63.75,3.112,3.49767553559316,74.25907408824399,44.4396978384857,1.1072357210564965,0.0,0
230,3.298429319371728,-63.75,3.112,-1.6870062081283352,83.95040599292042,34.759758766817136,0.4301519252262128,0.0,0
231,-19.319371727748695,-62.5,3.112,61.57828548830231,49.770452017748774,12.201606045832715,11.487784786607222,0.0,0
232,-18.376963350785346,-62.5,3.112,64.69552886859063,22.89152114832898,12.105106681419022,6.6280610784084475,0.0,0
233,-17.434554973821996,-62.5,3.112,85.65918224067607,12.75598307513898,12.632264468518118,5.210392102394932,0.0,0
234,-16.492146596858646,-62.5,3.112,128.71940036977384,67.42981542193742,13.867442356665844,31.22720341095968,0.0,0
235,-15.549738219895294,-62.5,3.112,164.34133208961646,71.56932065317157,15.677234962845485,35.88756453699192,0.0,0
236,-14.607329842931941,-62.5,3.112,182.40457498387934,110.99867043098465,18.278928680660194,55.4882775944246,0.0,0
237,-13.664921465968591,-62.5,3.112,200.44082469719936,117.15131614365583,21.410271113159734,63.311723580275014,0.0,0
238,-12.72251308900524,-62.5,3.112,219.1660756802741,116.66062826445133,24.312637010460772,65.5684621224375,0.0,0
239,-11.780104712041888,-62.5,3.112,239.35746474785952,39.23947599572017,20.125320718179665,26.415438225172153,0.0,0
240,-10.837696335078537,-62.5,3.112,259.3869510133137,53.965973218939716,21.57709046585056,34.43645830705081,0.0,0
241,-9.895287958115185,-62.5,3.112,307.33583113794464,1.2291348069926515,21.527914863723176,0.8890612575720036,0.0,0
242,-8.952879581151834,-62.5,3.112,309.9312494958952,17.515218438275607,23.986642465576033,11.438446386755349,0.0,0
243,-8.010471204188482,-62.5,3.112,313.1118778847296,27.6118961870415,25.821376459038838,17.87322204969513,0.0,0
244,-7.0680628272251305,-62.5,3.112,279.63860730096064,12.505256292001379,29.544697164050092,7.437910116524592,0.0,0
245,-6.12565445026178,-62.5,3.112,259.43743652156417,36.330649968811734,35.793946300849996,18.674081473788494,0.0,0
246,-5.183246073298429,-62.5,3.112,240.28049699440956,99.95221286602994,41.8161215328797,42.54108969612675,0.0,0
247,-4.2408376963350785,-62.5,3.112,208.02514035056967,42.01119917448095,45.17871653115794,13.355512216564483,0.0,0
248,-3.298429319371728,-62.5,3.112,166.33206628297333,100.24905351025296,48.223333239287996,25.415130715476145,0.0,0
249,-2.356020942408377,-62.5,3.112,123.72783747599162,95.90241452383516,48.54824310542814,18.14614058659926,0.0,0
250,-1.4136125654450262,-62.5,3.112,79.60443122622316,57.704219018436575,53.519279632003986,6.341730495004374,0.0,0
251,-0.4712041884816754,-62.5,3.112,35.96331579680551,93.49076537905066,50.01604940564479,4.843876259351366,0.0,0
252,0.4712041884816754,-62.5,3.112,13.645249314855459,87.57828092436084,46.944072852746494,1.9797623384123781,0.0,0
253,1.4136125654450262,-62.5,3.112,5.169658408825079,55.623201272476344,43.471110737194394,0.7623356402181591,0.0,0
254,2.356020942408377,-62.5,3.112,0.6212700450668969,75.50662737057753,42.766199178646225,0.7046614628870198,0.0,0
255,3.298429319371728,-62.5,3.112,-4.087986462233829,85.62640963798297,37.113997133597266,0.3237977341418661,0.0,0
256,-18.376963350785346,-61.25,3.112,71.95056844051858,68.55149897845205,9.71386283538108,22.527009383112095,0.0,0
257,-17.434554973821996,-61.25,3.112,93.05619269656238,40.88797652963665,10.401105476395916,15.328725091159702,0.0,0
258,-16.492146596858646,-61.25,3.112,128.00307919453064,45.260391207717205,9.795214474446109,21.6929747561118,0.0,0
259,-15.549738219895294,-61.25,3.112,162.34997080770245,53.474413945100906,12.718741832735299,24.955782097996707,0.0,0
260,-14.607329842931941,-61.25,3.112,193.28355429803347,99.40637706100952,16.24270301228254,46.90694964770497,0.0,0
261,-13.664921465968591,-61.25,3.112,226.70443362154577,112.20277172006392,18.713597129028937,63.66940869925655,0.0,0
262,-12.72251308900524,-61.25,3.112,254.35347864925853,26.8591181194603,19.673246037190445,17.49905560544168,0.0,0
263,-11.780104712041888,-61.25,3.112,277.63393081382065,18.498526789918177,18.692455590048,13.913789545840519,0.0,0
264,-10.837696335078537,-61.25,3.112,269.6169573070632,52.38457227757774,23.354163844883104,32.26135468276629,0.0,0
265,-9.895287958115185,-61.25,3.112,298.3539004344089,27.74125426366407,24.373830945415012,17.317714326820383,0.0,0
266,-8.952879581151834,-61.25,3.112,326.5247205347239,26.45375504092212,24.396861456060083,17.618695434161566,0.0,0
267,-8.010471204188482,-61.25,3.112,320.8059048417201,22.642651553530083,24.786774985492144,14.815937973927069,0.0,0
268,-7.0680628272251305,-61.25,3.112,296.6943472926158,59.210313459068125,28.77541346972871,34.77937324271689,0.0,0
269,-6.12565445026178,-61.25,3.112,279.30498941931984,51.60456205198208,33.18981425529783,25.374349672396797,0.0,0
270,-5.183246073298429,-61.25,3.112,250.09838921095482,32.55326912069624,37.11842301699509,13.54171626235154,0.0,0
271,-4.2408376963350785,-61.25,3.112,222.71180055917844,7.1839031614909565,39.92302831345373,2.5147158994271295,0.0,0
272,-3.298429319371728,-61.25,3.112,200.29922170285073,32.350240469397036,44.96241645185736,9.203040837472875,0.0,0
273,-2.356020942408377,-61.25,3.112,146.17469306361738,98.87748033030671,48.061083085601865,20.22948884116967,0.0,0
274,-1.4136125654450262,-61.25,3.112,87.20256338053164,64.69972582977786,48.4005245866567,7.999522654955432,0.0,0
275,-0.4712041884816754,-61.25,3.112,39.31235497629013,55.46686190209133,46.6760127541262,3.0866557298268313,0.0,0
276,0.4712041884816754,-61.25,3.112,15.601881616915566,53.24177290057251,45.26337790873288,1.141698424627873,0.0,0
277,1.4136125654450262,-61.25,3.112,5.6139753186394685,41.218541666413984,44.325174878490344,0.421949790427096,0.0,0
278,2.356020942408377,-61.25,3.112,-2.638387607758112,7.566770085516179,43.38367553317903,0.02817409416943552,0.0,0
279,3.298429319371728,-61.25,3.112,-7.139498956142588,64.55836383780708,41.901520816861805,0.0946538371684659,0.0,0
280,4.2408376963350785,-61.25,3.112,-6.277210368302507,63.852914577200934,32.121774287330624,0.04744328622170426,0.0,0
281,-15.549738219895294,-60.0,3.112,177.90187746373618,68.31711798395887,8.026490856159043,40.31239640255967,0.0,0
282,-14.607329842931941,-60.0,3.112,214.60246491871663,60.88635907580736,12.911054948706353,29.184478336159625,0.0,0
283,-13.664921465968591,-60.0,3.112,241.73522460063336,37.82279670970426,15.062952230957576,21.28437808300552,0.0,0
284,-12.72251308900524,-60.0,3.112,272.2327955946007,50.94696057178296,18.584160949492365,32.581362379250336,0.0,0
285,-11.780104712041888,-60.0,3.112,305.1870930698287,89.68317013653615,22.179535493095468,65.50244215839247,0.0,0
286,-10.837696335078537,-60.0,3.112,307.09377148572923,106.63950830296878,25.61313070232622,72.99226262967584,0.0,2
287,-9.895287958115185,-60.0,3.112,318.7654179576522,40.232692150374604,24.85419586560703,28.119449372763313,0.0,0
288,-8.952879581151834,-60.0,3.112,328.74929568455576,19.69148090000597,23.749874753988998,13.733806170286554,0.0,0
289,-8.010471204188482,-60.0,3.112,335.7417828433704,51.05371369562171,26.013499406463257,33.87979608119282,0.0,0
290,-7.0680628272251305,-60.0,3.112,323.7640119173499,2.6359059985745503,27.20875937979127,1.5103851715658356,0.0,0
291,-6.12565445026178,-60.0,3.112,296.472534791401,24.722412144711832,30.626365768233118,11.813869024396636,0.0,0
292,-5.183246073298429,-60.0,3.112,256.3079433914846,33.88876176621836,33.61245907925249,13.298109103709061,0.0,0
293,-4.2408376963350785,-60.0,3.112,238.64887297320274,4.478793456811888,36.23531104641376,1.6010432382506643,0.0,0
294,-3.298429319371728,-60.0,3.112,243.48254434057037,11.571019184242074,40.342467011288704,3.920907207225776,0.0,0
295,-2.356020942408377,-60.0,3.112,181.81222194907554,2.0664754147189135,42.05327018626179,0.5522195490647548,0.0,0
296,-1.4136125654450262,-60.0,3.112,109.12543093707393,25.086562199369286,44.094464692780384,3.6352545218378696,0.0,0
297,-0.4712041884816754,-60.0,3.112,54.52516489043854,83.43135499001772,45.52005005067641,5.261218350342846,0.0,0
298,0.4712041884816754,-60.0,3.112,18.533361370709635,78.3345471733775,43.83481592757879,1.5760226883826,0.0,0
299,1.4136125654450262,-60.0,3.112,7.189206751100922,9.911427312064394,42.09028630644541,0.06643732122717182,0.0,0
300,2.356020942408377,-60.0,3.112,1.5684178918727074,38.50676204182572,40.45491359491983,0.09147004167612499,0.0,0
301,3.298429319371728,-60.0,3.112,-3.1572503095579005,72.79432302223637,39.338181617719485,0.07340642732163558,0.0,0
302,4.2408376963350785,-60.0,3.112,1.15957742760855,73.47287295498343,33.41307424794122,0.11152322554898801,0.0,0
303,5.183246073298429,-60.0,3.112,29.931957573080126,76.7019770105841,34.525359234965165,0.3521889654964156,0.0,0
304,-13.664921465968591,-58.75,3.112,263.1327626503626,105.33834178542972,13.126646808931465,65.89270915042971,0.0,0
305,-12.72251308900524,-58.75,3.112,284.15618647976606,117.48931233534175,19.663007373046145,74.93895311449339,0.0,0
306,-11.780104712041888,-58.75,3.112,304.5130725966925,72.8082481979485,22.16917049675564,52.158949720121036,0.0,0
307,-10.837696335078537,-58.75,3.112,315.2358423763671,15.02044716081073,22.065730909363282,10.669464666266995,0.0,0
308,-9.895287958115185,-58.75,3.112,334.8243237845927,6.1955357539357125,20.81947606586644,4.578741826103351,0.0,0
309,-8.952879581151834,-58.75,3.112,349.4845901555037,15.98029736423861,21.42175324147617,11.369525744997494,0.0,0
310,-8.010471204188482,-58.75,3.112,351.3615054516293,71.57524580266342,25.590055493477273,46.29642753911728,0.0,1
311,-7.0680628272251305,-58.75,3.112,339.4351016028528,4.885355930945667,27.088988483621954,2.739788485158943,0.0,0
312,-6.12565445026178,-58.75,3.112,322.7199629689164,78.35982643924658,30.694452204788018,37.244927832446834,0.0,1
313,-5.183246073298429,-58.75,3.112,295.33691297365704,114.03355914944721,35.59187893023579,46.60352564710471,0.0,3
314,-4.2408376963350785,-58.75,3.112,265.82690235291915,48.66894152453169,35.93052658911486,18.717503058971694,0.0,0
315,-3.298429319371728,-58.75,3.112,266.3715752368424,12.54292009594106,37.218801695753974,4.6570834620223005,0.0,0
316,-2.356020942408377,-58.75,3.112,200.18737257482388,20.97871449660397,38.45912837084795,6.214757299253154,0.0,0
317,-1.4136125654450262,-58.75,3.112,137.7294039373811,88.33749669862317,43.73384878506871,16.181412880841197,0.0,0
318,-0.4712041884816754,-58.75,3.112,75.54333483493204,97.29278390755923,44.17601055208247,8.099131189791246,0.0,0
319,0.4712041884816754,-58.75,3.112,31.91381447445604,87.96679980010967,42.116680021200516,2.5936312864804827,0.0,0
320,-13.664921465968591,-57.5,3.112,273.412469733812,102.93959890480993,11.98767304500345,70.15053210480403,0.0,0
321,-12.72251308900524,-57.5,3.112,289.9315937147581,101.69832402298802,17.478363323314742,68.91148683213163,0.0,0
322,-11.780104712041888,-57.5,3.112,318.76094836121143,28.424743197301442,19.061419266083554,21.07410052711002,0.0,0
323,-10.837696335078537,-57.5,3.112,341.1375223591098,28.017730729147896,19.372252477522377,21.552370839299197,0.0,0
324,-9.895287958115185,-57.5,3.112,355.55516618930915,3.007568650608575,18.734638857767166,2.207300739635329,0.0,0
325,-8.952879581151834,-57.5,3.112,358.02187336271487,38.50743631363974,20.95669517440993,25.944272407467544,0.0,0
326,-8.010471204188482,-57.5,3.112,371.2387375406271,44.26112936386479,24.960078086674567,28.181482080469717,0.0,0
327,-7.0680628272251305,-57.5,3.112,358.7296334339013,78.13066950760812,28.67644832658686,42.5248847074671,0.0,1
328,-6.12565445026178,-57.5,3.112,335.11840225495405,18.75376367124877,29.858020120079427,8.361084105620563,0.0,0
329,-5.183246073298429,-57.5,3.112,320.1172761274517,62.42595443654045,35.29000802787569,24.617083485255645,0.0,0
330,-4.2408376963350785,-57.5,3.112,295.6621568816729,37.64722974751696,36.421275655831856,14.145298903839029,0.0,0
331,-3.298429319371728,-57.5,3.112,251.1117243192432,51.83971348141472,36.94066260123707,16.74901305247701,0.0,0
332,-2.356020942408377,-57.5,3.112,214.0930095052214,46.09083921063459,38.47527556141845,12.988636052373478,0.0,0
333,-1.4136125654450262,-57.5,3.112,141.21615220737704,95.7971849245831,42.50801721222542,18.540893425399158,0.0,0
334,-0.4712041884816754,-57.5,3.112,78.05144570671374,61.65183044151101,43.36867103827671,5.340894015784182,0.0,0
335,0.4712041884816754,-57.5,3.112,36.28510676426133,57.45841031539386,42.21231097682282,2.0509826570028324,0.0,0
336,1.4136125654450262,-57.5,3.112,17.55347912075934,36.291228922017595,37.68035602506089,0.39672329699562164,0.0,0
337,-13.664921465968591,-56.25,3.112,315.69531826481335,60.57817046321033,12.185068871885859,45.805632426917796,0.0,0
338,-12.72251308900524,-56.25,3.112,318.82447913805805,68.53977224135761,15.952943850987346,48.71200429048835,0.0,0
339,-11.780104712041888,-56.25,3.112,335.91080149317247,12.738966906024023,16.296955559626582,9.748461117858511,0.0,0
340,-10.837696335078537,-56.25,3.112,361.37700049347916,31.87931074791,16.771732129921908,25.759982317829845,0.0,0
341,-9.895287958115185,-56.25,3.112,378.2084367461233,0.5838446191654367,16.501505698846746,0.4409189275465427,0.0,0
342,-8.952879581151834,-56.25,3.112,378.3805614071575,74.00255123743071,21.40036959116388,49.675192578360544,0.0,3
343,-8.010471204188482,-56.25,3.112,386.0316143439813,62.957146954190115,26.252589797161626,38.92770318783664,0.0,1
344,-7.0680628272251305,-56.25,3.112,389.64486573488176,30.700567614802004,28.15055838910408,17.080235271097266,0.0,0
345,-6.12565445026178,-56.25,3.112,365.88216723652994,21.794387650805294,28.342828714989835,10.070693688841185,0.0,0
346,-5.183246073298429,-56.25,3.112,321.51325827371727,20.911681268619486,31.077713171546947,7.62507272545559,0.0,0
347,-4.2408376963350785,-56.25,3.112,282.042630846899,30.509989610298273,34.521999135373484,8.980849302693494,0.0,0
348,-3.298429319371728,-56.25,3.112,223.3257234991212,31.293157983608964,36.656665966031966,7.873118315369774,0.0,0
349,-2.356020942408377,-56.25,3.112,188.76110179252447,54.35178528730756,39.99256445538407,10.900355090531038,0.0,0
350,-1.4136125654450262,-56.25,3.112,107.9330809687512,44.98161567519924,41.675829006082544,5.696398773292143,0.0,0
351,-0.4712041884816754,-56.25,3.112,50.0727855613684,67.49611587377348,38.83072775351145,3.7704811600614705,0.0,0
352,0.4712041884816754,-56.25,3.112,27.54426300433237,59.883356893368926,36.00364876015663,1.707023056865779,0.0,0
353,1.4136125654450262,-56.25,3.112,16.123059151506247,74.99205903629894,36.11532962135303,0.8899781712056314,0.0,0
354,-14.607329842931941,-55.0,3.112,332.23938736925817,96.09085387185047,9.081001979348976,72.31253385281694,0.0,0
355,-13.664921465968591,-55.0,3.112,343.03848868214567,105.00838319820494,12.988127605804541,85.17260532248027,0.0,0
356,-12.72251308900524,-55.0,3.112,330.6258155297558,32.09738043565769,15.41235134948148,22.27871854119948,0.0,0
357,-11.780104712041888,-55.0,3.112,336.1875461038987,2.1683477105371454,15.000349677959285,1.577859086286478,0.0,0
358,-10.837696335078537,-55.0,3.112,359.65060469992835,3.087643490597737,15.466853104065132,2.3203408176933142,0.0,0
359,-9.895287958115185,-55.0,3.112,373.2453696074016,7.326344033268266,15.960092136060846,5.070135414937379,0.0,0
360,-8.952879581151834,-55.0,3.112,383.60339226801386,67.64584223877381,21.284025823486164,41.95759192610633,0.0,2
361,-8.010471204188482,-55.0,3.112,410.8137562568076,12.641420529963561,24.82817413723789,7.594663984815811,0.0,0
362,-7.0680628272251305,-55.0,3.112,407.008299011444,21.916126398711718,25.833432886688893,11.6981909740469,0.0,0
363,-6.12565445026178,-55.0,3.112,360.46532892140755,33.03459545871923,27.371623190144486,13.967833204321495,0.0,0
364,-5.183246073298429,-55.0,3.112,297.21965485811944,41.58875860438427,29.155777683929472,13.256930439979978,0.0,0
365,-4.2408376963350785,-55.0,3.112,249.03499737856586,7.735186467476653,30.794380835710356,1.8358466109939158,0.0,0
366,-3.298429319371728,-55.0,3.112,177.1779428529126,12.172793290135628,33.53729187397966,1.9251763653368974,0.0,0
367,-2.356020942408377,-55.0,3.112,151.62488299764772,30.215166994431986,38.580752245883744,3.4811983934421673,0.0,0
368,-1.4136125654450262,-55.0,3.112,71.17686359730038,32.90660688450836,34.23677016783921,2.2653376804161787,0.0,0
369,-0.4712041884816754,-55.0,3.112,51.67866553948143,57.78945421083869,26.263024313195782,2.7923125887456552,0.0,0
370,0.4712041884816754,-55.0,3.112,41.892408850475405,46.99213033829833,23.27545151952894,1.6619285728594326,0.0,0
371,1.4136125654450262,-55.0,3.112,29.328419890523435,72.05476710566971,30.01817900781134,1.1401050016935457,0.0,0
372,2.356020942408377,-55.0,3.112,31.22307178505402,48.98692663970287,23.864493763750442,0.4745295662261296,0.0,0
373,-14.607329842931941,-53.75,3.112,334.9645902206376,116.31190561953649,7.294457282065319,80.9520864325596,0.0,0
374,-13.664921465968591,-53.75,3.112,336.9271119900912,101.09577095118091,11.07409558192831,75.30637255168689,0.0,0
375,-12.72251308900524,-53.75,3.112,321.0143861311493,40.27030723401938,14.248663918727964,27.28293445765663,0.0,0
376,-11.780104712041888,-53.75,3.112,321.4207631356213,63.96261413070287,15.982186513759462,40.210621698942404,0.0,0
377,-10.837696335078537,-53.75,3.112,344.5647927990166,27.443006604777192,17.068986454672274,17.481889497825094,0.0,0
378,-9.895287958115185,-53.75,3.112,361.6972895874427,27.890122821646575,17.956586434285317,15.838896291933992,0.0,0
379,-8.952879581151834,-53.75,3.112,413.7740377812862,84.16390441096921,23.282988712324613,47.37608231441763,0.0,3
380,-8.010471204188482,-53.75,3.112,461.09850792375033,105.7492411568187,29.862756580493844,59.11560950298538,0.0,3
381,-7.0680628272251305,-53.75,3.112,432.2628075402602,45.277846734899974,30.211495918665474,20.24112183919533,0.0,0
382,-6.12565445026178,-53.75,3.112,344.70597424516234,16.745033199919032,28.1876535638687,5.466670725716939,0.0,0
383,-5.183246073298429,-53.75,3.112,274.8052506915974,9.84498247443056,27.414068117615688,2.3535286267910536,0.0,0
384,-4.2408376963350785,-53.75,3.112,209.54668139364162,17.887013422123797,28.539717337294828,2.80365316578159,0.0,0
385,-3.298429319371728,-53.75,3.112,160.0220933950332,1.8227401680622488,29.53165841864213,0.20044507505605533,0.0,0
386,-2.356020942408377,-53.75,3.112,102.12369880086985,38.41185277201999,32.74852477660857,2.556351638929587,0.0,0
387,-1.4136125654450262,-53.75,3.112,70.58929182443146,19.277603835345804,29.81820703207693,0.9111764276623647,0.0,0
388,-0.4712041884816754,-53.75,3.112,62.92334942378201,42.73724484820486,23.571645417393555,1.6398475275801525,0.0,0
389,0.4712041884816754,-53.75,3.112,56.19805141047383,36.252298352129195,22.43124229367364,0.846224601146176,0.0,0
390,1.4136125654450262,-53.75,3.112,49.92615286788826,25.328216435528343,23.44737070124155,0.32687446311644686,0.0,0
391,2.356020942408377,-53.75,3.112,48.123735141479116,27.314715795860774,22.131231852847844,0.23128089106555663,0.0,0
392,-13.664921465968591,-52.5,3.112,363.47431857857447,98.68490738075033,6.801202655484134,78.44240818510411,0.0,0
393,-12.72251308900524,-52.5,3.112,333.19000880682984,59.68880954727139,10.436954347980576,36.81640963893918,0.0,0
394,-11.780104712041888,-52.5,3.112,329.5327904422453,79.42600206470249,12.463705168729692,44.25611327079958,0.0,0
395,-10.837696335078537,-52.5,3.112,354.4564169547036,61.78226898167297,14.168883629729542,32.88656145285306,0.0,0
396,-9.895287958115185,-52.5,3.112,391.86652287767794,76.3266778764842,17.5578783706385,37.52830875566401,0.0,3
397,-8.952879581151834,-52.5,3.112,452.0582267854193,97.99105879774503,22.496670983356037,50.76292099289908,0.0,3
398,-8.010471204188482,-52.5,3.112,479.3181007980047,82.04126783830596,28.634702356952104,39.30597460473882,0.0,2
399,-7.0680628272251305,-52.5,3.112,427.33363190175214,24.549456307352735,30.18730185306687,8.152711722801472,0.0,0
400,-6.12565445026178,-52.5,3.112,336.5249847941408,11.132407632421872,27.89363290077243,2.4888901565867725,0.0,0
401,-5.183246073298429,-52.5,3.112,267.58761268096447,51.93552151413972,27.868290096906343,8.706969828994874,0.0,0
402,-4.2408376963350785,-52.5,3.112,225.15003998410668,39.44771593910723,28.585405783507476,4.974563652511761,0.0,0
403,-3.298429319371728,-52.5,3.112,181.44564777421596,8.341250336594724,29.102636513162036,0.7145960067239194,0.0,0
404,-2.356020942408377,-52.5,3.112,117.17256849242091,68.3534149348971,31.418024978671617,2.6511400704559733,0.0,0
405,-1.4136125654450262,-52.5,3.112,89.7655279799935,13.53229713259031,31.728978409792763,0.292213946933153,0.0,0
406,-0.4712041884816754,-52.5,3.112,76.51946658671461,33.03288763222849,25.261572013633433,0.6320118329151388,0.0,0
407,0.4712041884816754,-52.5,3.112,81.25111830145981,28.489495390684798,24.239688333737053,0.35468147818180074,0.0,0
408,-8.952879581151834,-51.25,3.112,457.72352373953595,12.98869743572856,13.168290938340897,5.5574159225269835,0.0,0
409,-8.010471204188482,-51.25,3.112,463.6708477062561,46.4974115268613,18.217560082256508,15.648836954193817,0.0,0
410,-7.0680628272251305,-51.25,3.112,433.0543161700377,32.16777062376593,21.807363188205226,6.177427539263961,0.0,0
411,-5.183246073298429,-51.25,3.112,335.5034813482632,52.00323732587033,24.57247007656961,6.677082900534041,0.0,0
412,-4.2408376963350785,-51.25,3.112,290.3681834519102,24.375583855444184,27.50075234030955,2.673286497429621,0.0,0
413,-3.298429319371728,-51.25,3.112,233.9265869970454,1.6041291565390763,29.008320111120664,0.11207278590357315,0.0,0
414,-2.356020942408377,-51.25,3.112,163.15722584613022,19.60032588866488,30.860482738443704,0.49571918547314936,0.0,0
415,-3.298429319371728,-50.0,3.112,280.6768499286834,6.388044580254272,25.42034531838135,0.22609807075135013,0.0,0
