node_id,lat,lon,threshold,prec,evap,in_degree,out_degree,clustering,ffl
0,-6.12565445026178,-78.75,0.2367,180.82201018217302,39.33441370725911,18.175787980326618,38.92971097625946,0.5044444444444445,485
1,-5.183246073298429,-78.75,0.2367,195.82785678016424,65.31539114460026,22.957172005682448,62.90487776204961,0.4078605858361142,1344
2,-4.2408376963350785,-78.75,0.2367,211.34875129152775,53.706198990359795,23.853288726927072,53.44103112382186,0.44017094017094016,1067
3,-3.298429319371728,-78.75,0.2367,211.13617141056437,39.26467719399097,21.086598506820582,39.3811200718016,0.4867524602573808,515
4,-2.356020942408377,-78.75,0.2367,226.52859379218376,77.06186336145038,23.127555788272677,79.26919438004518,0.3362486828240253,2309
5,-1.4136125654450262,-78.75,0.2367,233.7350915541968,69.52293532696785,22.26591670177962,63.82066471420345,0.34965701219512196,1458
6,-8.952879581151834,-77.5,0.2367,196.13151355939468,73.1586230803143,24.888455072089922,113.12910163346722,0.35680882903105127,3019
7,-8.010471204188482,-77.5,0.2367,159.07730023081496,65.25139302049163,25.10246431946649,71.61363005591137,0.4028201219512195,1498
8,-7.0680628272251305,-77.5,0.2367,156.84432680773466,56.057237609678936,27.25650206320762,54.15395044993579,0.4403578528827038,1089
9,-6.12565445026178,-77.5,0.2367,177.47583827119638,38.980570487407775,26.15230353031461,34.47472084820485,0.48712255772646534,489
10,-5.183246073298429,-77.5,0.2367,225.6118802677872,72.90701516424508,27.29752645217496,53.19719451588792,0.40763587862620876,1341
11,-4.2408376963350785,-77.5,0.2367,219.3368133647682,95.74118739554757,31.832379647628688,63.226824183544025,0.35193260654112984,1998
12,-3.298429319371728,-77.5,0.2367,225.5795904713337,47.68658351736988,28.554666326792063,29.409602178612083,0.4604022627278441,446
13,-2.356020942408377,-77.5,0.2367,242.17022934729997,56.621824448221986,27.0200629915756,37.74562046888087,0.42039034411915766,713
14,-1.4136125654450262,-77.5,0.2367,250.3039652015429,38.44163944959966,22.44084537278125,29.68216929036746,0.43989314336598395,412
15,-0.4712041884816754,-77.5,0.2367,231.25888032705842,43.833903302787505,16.931260719544497,36.44854981721354,0.4009009009009009,420
16,0.4712041884816754,-77.5,0.2367,184.90039422827513,48.42321535302115,16.605091664179252,30.413072294044415,0.44666666666666666,160
17,-10.837696335078537,-76.25,0.2367,218.88569232528056,61.22618882454472,18.61955293659091,138.93039301805396,0.29669208463108154,5095
18,-9.895287958115185,-76.25,0.2367,260.202973580472,57.53427074192268,23.481741641509963,115.58020052267923,0.31495405179615704,4548
19,-8.952879581151834,-76.25,0.2367,291.2019780994842,39.039132788625416,29.168644514681542,68.74977253369528,0.39722724532851117,1791
20,-8.010471204188482,-76.25,0.2367,212.4756822208258,75.2010336501192,37.68994643157863,69.06479656518599,0.37341620846282575,1841
21,-7.0680628272251305,-76.25,0.2367,174.31191908570577,69.97885360906322,40.329241349014175,45.733260229878866,0.4182993730407524,872
22,-6.12565445026178,-76.25,0.2367,189.15208408875733,46.64201742874838,39.322591820495575,31.820111935579387,0.4674677608440797,332
23,-5.183246073298429,-76.25,0.2367,216.05976524619035,99.03241037278427,42.416393323362264,74.30878905682778,0.3057931570762053,3553
24,-4.2408376963350785,-76.25,0.2367,198.8412955796257,106.45373455219031,43.3691068401331,68.06836784582765,0.3077845617095508,2852
25,-3.298429319371728,-76.25,0.2367,192.7467627568807,102.73720243497232,40.412034672113876,53.67913892304144,0.34280882589789013,1805
26,-2.356020942408377,-76.25,0.2367,185.75360744412006,101.48297336144725,38.05046650017722,44.18930932316765,0.3532448377581121,1240
27,-1.4136125654450262,-76.25,0.2367,170.9678404757367,97.84928408241122,35.84842105617334,36.27080379585627,0.3715382048715382,756
28,-0.4712041884816754,-76.25,0.2367,161.16016055608603,72.67724870857992,32.33981745881792,22.246176643793973,0.4262135922330097,176
29,0.4712041884816754,-76.25,0.2367,183.8165444473608,68.56596477050726,25.224225356418483,19.903208154961376,0.4557235421166307,116
30,1.4136125654450262,-76.25,0.2367,142.72450055826948,9.755466176755663,15.679989943708708,1.8266192638543688,0.6060606060606061,4
31,-13.664921465968591,-75.0,0.2367,171.46131685455902,72.1835666792148,33.379942470283986,77.92388045756414,0.4394904458598726,1135
32,-12.72251308900524,-75.0,0.2367,194.9144268583961,55.32636491279519,28.650004406530712,124.39075192492733,0.34822866344605474,3479
33,-11.780104712041888,-75.0,0.2367,276.0448533182222,52.35238639181027,23.39366868628293,130.68487857231148,0.2855817651736019,5444
34,-10.837696335078537,-75.0,0.2367,362.80434484380504,48.697138732104094,30.779198047050187,96.18946702473389,0.3236649498509081,3649
35,-9.895287958115185,-75.0,0.2367,278.93288967882125,71.52223304708559,40.98557115514198,80.42315844893999,0.3503184713375796,2885
36,-8.952879581151834,-75.0,0.2367,215.85540472061064,44.61206188170941,49.98060920519744,33.863817856102166,0.4697398190045249,416
37,-8.010471204188482,-75.0,0.2367,181.98049872948968,75.71741369216174,50.62250293728287,50.245150733878624,0.4241234221598878,1016
38,-7.0680628272251305,-75.0,0.2367,182.23544124472224,98.82321771139497,51.729129569788505,65.77555095980183,0.34521540221120856,2453
39,-6.12565445026178,-75.0,0.2367,201.40615171906217,97.42606200763399,52.28624916174779,69.85001942835756,0.31494611457742483,3304
40,-5.183246073298429,-75.0,0.2367,213.618840816837,95.95664905962798,50.3501869115893,75.14538821627046,0.3029007377598927,3544
41,-4.2408376963350785,-75.0,0.2367,228.9947449359385,97.02317771386275,49.573550524746224,73.44246631537757,0.3021735288920304,2962
42,-3.298429319371728,-75.0,0.2367,229.27871381871816,97.22741330495535,46.02451491422901,62.127808240684985,0.3176263219741481,2134
43,-2.356020942408377,-75.0,0.2367,208.29896260378393,93.90390390826705,42.71629740328155,48.28549077421546,0.32163216321632165,1565
44,-1.4136125654450262,-75.0,0.2367,182.49582414947994,89.91006397378169,38.21299154720747,38.87666873098931,0.34307824591573516,1013
45,-0.4712041884816754,-75.0,0.2367,123.26765609316246,87.41893332658172,35.53885491182975,24.97360679222971,0.3924852874603893,392
46,0.4712041884816754,-75.0,0.2367,76.13587517020585,90.45388286887618,31.83076561629189,12.164953117506204,0.48674242424242425,22
47,1.4136125654450262,-75.0,0.2367,68.86424608603366,33.04092305230828,22.625366677938395,2.6253032228395607,0.5175438596491229,3
48,2.356020942408377,-75.0,0.2367,77.49909241456538,5.909086908291613,14.281223079174424,0.3624719962584363,0.6388888888888888,0
49,-14.607329842931941,-73.75,0.2367,195.6494940081357,69.23849284445168,35.780917236670504,81.20049037909035,0.46402704007725737,1465
50,-13.664921465968591,-73.75,0.2367,200.86232005115363,52.958966361826484,36.63641554474488,88.91957138202412,0.4447058823529412,1727
51,-12.72251308900524,-73.75,0.2367,355.50933883591887,68.22047536795333,44.19183755953828,131.1238983722711,0.29215500945179584,5311
52,-11.780104712041888,-73.75,0.2367,305.2792921497209,82.38833493224837,52.85399998422438,130.86644087676856,0.254105899356195,6162
53,-10.837696335078537,-73.75,0.2367,236.87102596143015,89.78914588274252,56.590589374426735,75.52137201530964,0.4061492152225328,1947
54,-9.895287958115185,-73.75,0.2367,222.70303545417866,96.67106504938864,58.534624510741736,77.73611481409256,0.37608730033212084,2098
55,-8.952879581151834,-73.75,0.2367,216.3489353883699,91.99681704471536,58.440957519395525,74.07496419852774,0.3595917822838847,2296
56,-8.010471204188482,-73.75,0.2367,218.64860899624313,80.20002578544678,55.94644687741011,65.86017989828585,0.35679235537190085,2136
57,-7.0680628272251305,-73.75,0.2367,231.64540229660946,88.03506326690409,55.209186809066516,75.23245219025596,0.2976249586229725,3371
58,-6.12565445026178,-73.75,0.2367,245.70465021954314,100.63518635471823,55.52306144625599,85.01324476223422,0.2804928414096916,3819
59,-5.183246073298429,-73.75,0.2367,248.63604513409345,94.75631995384714,56.99852256398909,75.0613577771444,0.2844685628742515,3199
60,-4.2408376963350785,-73.75,0.2367,257.4874105612351,99.18413210585194,56.305614486341064,70.7678358370257,0.2923286991062562,2576
61,-3.298429319371728,-73.75,0.2367,242.45447403691819,98.89654615099614,53.35078838385156,58.619045042858275,0.3129759048711797,1842
62,-2.356020942408377,-73.75,0.2367,214.18439426937468,98.26167863566347,50.49080975711903,45.33928000093596,0.32558612278086463,1325
63,-1.4136125654450262,-73.75,0.2367,182.98057067581166,80.20686572052742,44.57393756184095,31.688969866206513,0.3488055933190911,777
64,-0.4712041884816754,-73.75,0.2367,137.3852827372577,87.22391444134581,39.033647969982184,24.41151965538596,0.38461538461538464,376
65,0.4712041884816754,-73.75,0.2367,87.26230591318823,86.26795228875591,34.21206887408472,12.888340990777646,0.41544374563242487,86
66,1.4136125654450262,-73.75,0.2367,44.523680906605364,84.23881930084909,29.705260736836536,4.0456317451596515,0.489247311827957,3
67,-14.607329842931941,-72.5,0.2367,253.76000881122408,58.558388559715034,26.921549469198947,229.3803334132256,0.24982336694713855,7102
68,-13.664921465968591,-72.5,0.2367,304.0564447459674,56.91965331942627,36.878484609656894,136.19958015277305,0.3377526909950118,4463
69,-12.72251308900524,-72.5,0.2367,401.54791906993825,72.93965594946786,54.332327978339634,127.3032682787184,0.29900463191090965,4784
70,-11.780104712041888,-72.5,0.2367,285.16485203707697,97.45429279998189,60.38650581624556,89.56456848217323,0.3571323204012391,2692
71,-10.837696335078537,-72.5,0.2367,211.48424889700084,104.16837123331365,60.275835761730036,77.60317634175041,0.38633706363788206,1912
72,-9.895287958115185,-72.5,0.2367,225.1011203202189,103.81702213548124,59.173728345452446,90.43516401716893,0.3169193065262776,3290
73,-8.952879581151834,-72.5,0.2367,228.81214069105818,97.6643060654538,57.17492414760651,82.03708691806972,0.3094733121244256,2977
74,-8.010471204188482,-72.5,0.2367,241.0320839915898,40.87962623397158,54.74893376827075,33.7408492777849,0.4179753224901851,340
75,-7.0680628272251305,-72.5,0.2367,257.3469253045119,63.400930045528966,53.854421143383036,51.470014984738384,0.3408856183836819,1585
76,-6.12565445026178,-72.5,0.2367,269.0388421192152,102.8134553824665,56.42764464519873,82.70393063512526,0.2696598639455782,3537
77,-5.183246073298429,-72.5,0.2367,284.5702955599294,101.3782494401699,58.585925939505366,82.00033048397825,0.27505285412262154,3039
78,-4.2408376963350785,-72.5,0.2367,279.2866730476428,88.69929503588637,57.54062435588815,65.26054165632087,0.29961783439490447,2203
79,-3.298429319371728,-72.5,0.2367,253.14352770386904,97.7889982253791,57.921514991740565,60.580971268077576,0.30993100767661064,1747
80,-2.356020942408377,-72.5,0.2367,236.3876836028088,90.94272606518714,55.122390972517984,49.40073920042915,0.32543686930839283,1237
81,-1.4136125654450262,-72.5,0.2367,208.0019039228541,91.52221796617326,51.165781447835215,39.965355646189195,0.33461084905660377,892
82,-0.4712041884816754,-72.5,0.2367,160.44736819894848,86.97806035754334,45.87043968435216,27.051031686860288,0.3476906552094522,558
83,0.4712041884816754,-72.5,0.2367,107.24085026205574,83.04114911351817,39.962920168843695,15.174769612037345,0.3797564687975647,141
84,1.4136125654450262,-72.5,0.2367,63.817105691316684,81.4275024694799,34.288188481299926,5.982018897006617,0.4175401816911251,23
85,-14.607329842931941,-71.25,0.2367,249.26279467194692,48.03590649071839,20.837405309027865,210.3108759526289,0.2364242982052462,7539
86,-13.664921465968591,-71.25,0.2367,372.16505783395894,74.71960004823723,39.76857590455717,178.94664739271084,0.25123009364583887,7912
87,-12.72251308900524,-71.25,0.2367,385.7273129115278,64.40509447070453,51.8200943591652,99.29713706809477,0.35568022440392705,3140
88,-11.780104712041888,-71.25,0.2367,240.41652912276695,103.45315657595503,58.2077677768714,79.69025281981942,0.3827558420628525,2084
89,-10.837696335078537,-71.25,0.2367,202.50344735540142,104.54016466215992,56.220856377373295,80.46168777920259,0.3467096620088379,2171
90,-9.895287958115185,-71.25,0.2367,217.5924358089926,103.5438432053202,55.57318461752061,80.6105706324044,0.31185726038667216,2322
91,-8.952879581151834,-71.25,0.2367,242.42995662512527,82.52874907697141,53.225151902241976,65.58479347153701,0.33070764462809915,1657
92,-8.010471204188482,-71.25,0.2367,257.189897139283,23.996330438126108,49.93504170388361,19.307268698223492,0.4316758026624902,61
93,-7.0680628272251305,-71.25,0.2367,258.2816330742991,78.69655032127827,50.814556653677776,62.50475431750479,0.30286686103012633,2128
94,-6.12565445026178,-71.25,0.2367,272.361128358671,99.16279713823907,55.06845558580152,77.49991599259053,0.27444630171333056,3015
95,-5.183246073298429,-71.25,0.2367,283.1764188211629,102.43807658649153,59.35780290043204,74.37598804786964,0.2886585464225216,2488
96,-4.2408376963350785,-71.25,0.2367,270.5573737884863,95.61643162862829,59.162057381294744,64.6723003850015,0.3063403263403263,1889
97,-3.298429319371728,-71.25,0.2367,252.20846261440124,97.70627834544604,58.08342972024231,58.46503253076103,0.31948560541913634,1472
98,-2.356020942408377,-71.25,0.2367,239.14886206199773,90.8132205365665,57.673705701405574,49.90300432409396,0.3328361770671758,1120
99,-1.4136125654450262,-71.25,0.2367,221.71764099693212,91.20143637493439,55.036406389097436,42.25541425109871,0.34556980687011646,833
100,-0.4712041884816754,-71.25,0.2367,184.80689644984,87.63394341483945,49.89698936295425,30.492636892371106,0.3548748599178185,524
101,0.4712041884816754,-71.25,0.2367,136.68527781001657,82.20373346834094,43.990670757015614,19.35875925029412,0.3712370005473454,257
102,1.4136125654450262,-71.25,0.2367,86.6583172042469,71.12586199053338,38.761442748274284,8.527115179364682,0.39925373134328357,56
103,-13.664921465968591,-70.0,0.2367,408.23689484455684,73.35277683118399,34.622391685483386,142.13636273994106,0.26793812511648135,6959
104,-12.72251308900524,-70.0,0.2367,305.3826745142603,57.87875307887472,51.72845745466937,56.88071695929199,0.46890499809233116,908
105,-11.780104712041888,-70.0,0.2367,196.79849630809682,85.31874258388996,52.67110884673552,61.062023343622194,0.41842445114076626,1205
106,-10.837696335078537,-70.0,0.2367,190.1406743154629,55.88723410820173,48.77549137797534,39.60732686192088,0.44076708939065884,432
107,-9.895287958115185,-70.0,0.2367,207.10977713480375,95.65374826982338,49.10172723263006,68.68553667890299,0.3094734367653973,1669
108,-8.952879581151834,-70.0,0.2367,230.5755781696205,57.67382528301361,49.4956395225063,41.99611966936692,0.3762897452095178,589
109,-8.010471204188482,-70.0,0.2367,248.67668710943838,42.74963848846936,48.2256695559475,32.85883635470803,0.3934951901053596,386
110,-7.0680628272251305,-70.0,0.2367,264.0555334030167,85.06726551277617,50.27091187596443,68.02096144915785,0.28719738469694295,2357
111,-6.12565445026178,-70.0,0.2367,276.03387206584324,101.17251657072879,55.59313517250437,78.61653193399187,0.2792984112002517,2623
112,-5.183246073298429,-70.0,0.2367,285.28384250295926,100.71067013477223,59.103419417253974,72.79355318349926,0.28846153846153844,2056
113,-4.2408376963350785,-70.0,0.2367,266.31508284847246,86.04565494339782,60.2024141812784,54.206933825998085,0.3193009911319771,1429
114,-3.298429319371728,-70.0,0.2367,275.9244109134708,93.46919469664283,60.04158978708579,58.189313098745686,0.32035685320356855,1317
115,-2.356020942408377,-70.0,0.2367,267.76544969294963,95.32927909255659,60.810863058651954,54.626365571540575,0.33202234382124945,1088
116,-1.4136125654450262,-70.0,0.2367,244.5331952060318,89.98276765728829,57.724801949184574,43.75941460841801,0.3486080485115766,745
117,-0.4712041884816754,-70.0,0.2367,227.94866898319833,87.49139939648695,54.08587046092001,37.4553458894009,0.3619607211848036,527
118,0.4712041884816754,-70.0,0.2367,187.37353397532343,82.13081595010186,47.176811514470145,26.553200182976138,0.381635581061693,297
119,1.4136125654450262,-70.0,0.2367,137.94699839377913,79.9896206825073,42.7683376421423,15.544700956183652,0.4026991002999,166
120,-15.549738219895294,-68.75,0.2367,380.2052749123816,80.12633029990717,19.850382628982413,194.7191391492791,0.21095890410958903,8934
121,-14.607329842931941,-68.75,0.2367,386.5488332296371,74.58608863023984,30.84386005734264,138.76924842947685,0.27921061585573326,6903
122,-13.664921465968591,-68.75,0.2367,376.3071385075501,85.91768003591203,41.11111864182761,124.79311692325913,0.266394472361809,6225
123,-12.72251308900524,-68.75,0.2367,230.73771358088862,82.82928161019234,45.98949403517671,70.02105421950269,0.39008321775312066,1790
124,-11.780104712041888,-68.75,0.2367,178.72478406260245,46.27102361182774,44.84549338086118,32.695010058454926,0.4585470085470085,269
125,-10.837696335078537,-68.75,0.2367,185.56913790373585,23.575823273550082,42.50529927790603,16.183495423528388,0.46606060606060606,32
126,-9.895287958115185,-68.75,0.2367,206.70711231117164,65.51531623211334,43.88376537010303,48.320607909969425,0.3624380574826561,727
127,-8.952879581151834,-68.75,0.2367,221.24811900642536,14.040139396504152,43.577547989909945,10.18961726576062,0.4400373308446104,15
128,-8.010471204188482,-68.75,0.2367,241.20859373499934,88.55417557440917,44.91623884359483,66.55355282535832,0.26428904428904426,2245
129,-7.0680628272251305,-68.75,0.2367,261.08771134007077,100.31457752845027,50.345834616642705,76.92264095386594,0.2690787350758309,2713
130,-6.12565445026178,-68.75,0.2367,268.92936714896064,100.7062421788676,56.140208311492515,72.74914709747179,0.2782376747608536,2282
131,-5.183246073298429,-68.75,0.2367,278.3278292900147,99.86894725598059,58.403385689236686,69.03315831662954,0.2930859691808597,1916
132,-4.2408376963350785,-68.75,0.2367,274.1658176216133,100.6463548381983,60.78337488917201,61.477982926936264,0.2995466640386321,1540
133,-3.298429319371728,-68.75,0.2367,271.58125846435655,101.10731155553984,63.937097974780386,59.19398269680981,0.31342582933444607,1156
134,-2.356020942408377,-68.75,0.2367,279.8286956472268,100.23455308438196,64.8169053072986,59.16294680786158,0.3220069863448714,1076
135,-1.4136125654450262,-68.75,0.2367,272.38328151575575,96.2467553310258,62.259721167513284,52.33720575959958,0.3468503937007874,721
136,-0.4712041884816754,-68.75,0.2367,269.828852213468,94.44027282651014,58.9565865309739,46.39616978363553,0.3721609886439546,553
137,0.4712041884816754,-68.75,0.2367,248.85779804272244,88.85250979658483,53.42349807282691,36.90075628301628,0.39075537988581466,330
138,1.4136125654450262,-68.75,0.2367,205.26516959889526,85.03224489228131,47.67200093693861,25.30770606917545,0.4145529486366519,190
139,2.356020942408377,-68.75,0.2367,154.6709424380415,85.37986092205506,42.3260408786472,14.505130973864036,0.40227183705444575,71
140,-16.492146596858646,-67.5,0.2367,368.8387977053693,49.46349878768807,12.737258477563488,82.7179301815269,0.39650911337658323,2222
141,-15.549738219895294,-67.5,0.2367,424.16365571939,49.09316085996816,25.146535052857622,87.10848723829746,0.3809829451677975,3123
142,-14.607329842931941,-67.5,0.2367,304.4432794616914,74.34087359000965,34.9162945244869,78.28474810093218,0.37036733355198426,2821
143,-13.664921465968591,-67.5,0.2367,221.49652654885733,84.83368075938681,39.149043682551145,63.9997600049923,0.398893552079359,1854
144,-12.72251308900524,-67.5,0.2367,189.1304578597473,98.56060159927577,39.123508728147094,69.47564638669994,0.36073094867807154,1870
145,-11.780104712041888,-67.5,0.2367,175.03302483056342,96.89607403636971,40.72266377111745,63.15744680744802,0.342744110771444,1257
146,-10.837696335078537,-67.5,0.2367,183.55349196013563,49.448405561772496,40.427237461671886,32.27142258128516,0.4202741702741703,223
147,-9.895287958115185,-67.5,0.2367,201.62838774933093,6.468081450508584,39.39249773224473,4.32502774765202,0.45206766917293234,0
148,-8.952879581151834,-67.5,0.2367,215.440480075167,45.663806074825274,39.70367835544063,30.555328978935044,0.4046261089987326,267
149,-8.010471204188482,-67.5,0.2367,223.88261635837262,98.09960263263724,44.3140860013962,65.76004089944456,0.25237228026454517,2184
150,-7.0680628272251305,-67.5,0.2367,238.8139281322736,93.89173703678395,50.52259442452636,62.44122492777194,0.2774643212744773,1759
151,-6.12565445026178,-67.5,0.2367,246.23337460118185,100.39067161274029,55.67838919171672,61.754409262763204,0.28482668410725964,1718
152,-5.183246073298429,-67.5,0.2367,251.56539543467738,100.47961207350029,58.9828309342231,59.94905842261166,0.2980902777777778,1518
153,-4.2408376963350785,-67.5,0.2367,254.62787474788337,100.88156634207299,61.05110044895994,55.50780282127546,0.3098,1172
154,-3.298429319371728,-67.5,0.2367,240.95885701702696,102.59195327531926,65.49277490621989,50.56315371952862,0.3170904866399897,939
155,-2.356020942408377,-67.5,0.2367,233.27394043975906,100.97444845169565,65.27227289653452,51.19458519065589,0.33077528532073985,802
156,-1.4136125654450262,-67.5,0.2367,239.07504733576124,98.80381297197877,63.53615106337022,53.19711798072116,0.3458088029156154,731
157,-0.4712041884816754,-67.5,0.2367,245.29603083633094,97.82562851530847,62.234146582913525,49.77932091323508,0.36771335302347274,512
158,0.4712041884816754,-67.5,0.2367,243.55453305090214,97.48942478469463,59.571670821591674,43.64495970358244,0.38849886434028497,378
159,1.4136125654450262,-67.5,0.2367,239.24385851850622,91.30775014909938,52.76329426800992,36.365532414582454,0.3962041884816754,274
160,2.356020942408377,-67.5,0.2367,202.23311941168458,79.06111859268206,44.860780931413785,22.22956067406162,0.4137120888509184,121
161,-18.376963350785346,-66.25,0.2367,163.69860370199223,81.03488382310073,9.455941969931793,58.99611024038701,0.4994703389830508,805
162,-17.434554973821996,-66.25,0.2367,237.42933854198952,62.9495430149531,17.265052038532346,51.06334629431234,0.4884238646482636,820
163,-16.492146596858646,-66.25,0.2367,325.0432483367031,89.0259590442715,26.904808663493032,114.24528366028063,0.29388763119983535,4549
164,-15.549738219895294,-66.25,0.2367,274.11498110105254,94.43104389604466,32.29006280895129,86.21847699943626,0.3372318428534505,3347
165,-14.607329842931941,-66.25,0.2367,215.54245560536728,104.14603864818646,34.51544040086861,70.89672214660177,0.35842892405982285,2360
166,-13.664921465968591,-66.25,0.2367,186.98918354687999,70.08629113258858,22.84023514356176,67.72070037064469,0.37331349206349207,1986
167,-12.72251308900524,-66.25,0.2367,174.0326765578021,108.9833224346512,36.752109237801584,67.10085833233403,0.32483773943327526,1546
168,-11.780104712041888,-66.25,0.2367,170.00572926725278,102.79531635822359,37.590701037272545,61.095417787322916,0.2986832986832987,1090
169,-10.837696335078537,-66.25,0.2367,173.95372350553032,84.99690720535516,38.965259233204,47.79465344679348,0.31587757054041127,635
170,-9.895287958115185,-66.25,0.2367,187.34785481661217,66.31644461187588,38.58485306980807,38.46292806772383,0.3408289241622575,323
171,-8.952879581151834,-66.25,0.2367,212.05950741247267,60.74015047809057,39.3640056214088,37.98294678083427,0.3352083866018921,509
172,-8.010471204188482,-66.25,0.2367,220.06680180006092,92.94160695809464,43.60027196817893,57.35112524015339,0.25403389830508477,1509
173,-7.0680628272251305,-66.25,0.2367,238.2970618792129,98.67086226705938,49.85742066872224,61.76503618130459,0.2613508442776735,1589
174,-6.12565445026178,-66.25,0.2367,255.87101387231246,101.8289860141347,55.41266846723857,61.80840530644758,0.2674768518518518,1525
175,-5.183246073298429,-66.25,0.2367,266.37180108774385,100.90245561030657,58.97288197040697,58.8214123346243,0.2773824650571792,1259
176,-4.2408376963350785,-66.25,0.2367,257.5209587432057,101.27894473566657,61.61477566503058,53.768391526339286,0.3041031485966662,937
177,-3.298429319371728,-66.25,0.2367,230.16373987685245,99.74450926571694,63.22880384478908,45.61099773184406,0.31977015064451003,698
178,-2.356020942408377,-66.25,0.2367,199.43344804304846,101.83458248859287,65.93850154860652,41.551109932348155,0.3472977566281441,483
179,-1.4136125654450262,-66.25,0.2367,180.16766664346858,99.4422070652945,64.46047258819202,38.88960239777903,0.36311159978009894,398
180,-0.4712041884816754,-66.25,0.2367,160.8012372803487,97.63740591240693,64.9443124052307,33.410423941438665,0.37514285714285717,252
181,0.4712041884816754,-66.25,0.2367,156.92920330031723,95.25199452256672,62.3834736595591,31.71120778331565,0.39806893180151554,210
182,1.4136125654450262,-66.25,0.2367,152.9178263997375,87.98376868164053,57.32959780174179,25.09472849045939,0.4130228136882129,125
183,2.356020942408377,-66.25,0.2367,124.40322302850012,89.98153404143743,51.18078250105016,16.092624551962977,0.40048183839881396,65
184,-18.376963350785346,-65.0,0.2367,173.3527444815568,94.76955755307112,16.725115689404372,55.337856496830874,0.43548387096774194,789
185,-17.434554973821996,-65.0,0.2367,197.2323057736431,41.15468028470456,24.78714555331529,30.80686337391581,0.5891891891891892,211
186,-16.492146596858646,-65.0,0.2367,196.75211011310984,96.6185618472372,27.32756996416535,63.132711706864754,0.39643347050754457,1434
187,-15.549738219895294,-65.0,0.2367,195.77457848040777,79.90812194287935,22.05103504881194,64.81900257703116,0.36610549943883275,1700
188,-14.607329842931941,-65.0,0.2367,183.834061529982,88.22167465926958,23.522240689198455,66.61474037616752,0.36408688317165755,1648
189,-13.664921465968591,-65.0,0.2367,178.2295043420163,87.77711007388696,24.913662392317423,64.39815208877992,0.351867482591264,1451
190,-12.72251308900524,-65.0,0.2367,171.08922499554862,88.56820687517613,26.583428819558403,60.5698034135505,0.333007095669195,1111
191,-11.780104712041888,-65.0,0.2367,159.00788380238868,94.30803296290081,35.23715926116132,49.161269938331834,0.3231839258114374,536
192,-10.837696335078537,-65.0,0.2367,169.66967298772886,61.29926419273247,37.19870062595645,30.988530974634074,0.3690415171706817,181
193,-9.895287958115185,-65.0,0.2367,190.58528839628772,19.061805345168686,36.519751953395826,10.483633245540831,0.44680851063829785,9
194,-8.952879581151834,-65.0,0.2367,221.92758321472508,44.480126058822854,37.93084982125109,27.841177775670374,0.35381988903115663,241
195,-8.010471204188482,-65.0,0.2367,239.79969673200628,77.08033143037096,41.58042861925443,51.81815643241773,0.24945014662756598,1079
196,-7.0680628272251305,-65.0,0.2367,259.9043802998462,76.61336278081131,46.934386613136894,49.340588279187955,0.2585081585081585,1144
197,-6.12565445026178,-65.0,0.2367,279.9930468229078,101.4533362284478,53.75354986248986,64.38871559701843,0.2401390788873689,1544
198,-5.183246073298429,-65.0,0.2367,299.0088253014495,80.15504330203244,58.24852350134704,50.16042234014612,0.2914503816793893,984
199,-4.2408376963350785,-65.0,0.2367,286.71731582415384,78.53315156612233,60.7659404417388,42.95020586541626,0.318454481298518,695
200,-3.298429319371728,-65.0,0.2367,219.8495753972031,86.09970545939582,63.63442748582281,34.77846748853871,0.3513540824575586,485
201,-2.356020942408377,-65.0,0.2367,178.23423591486795,103.04638741681374,65.55308950722761,33.115308603070254,0.3588318512530315,371
202,-1.4136125654450262,-65.0,0.2367,138.41939720076505,98.26853814835154,64.15284982791324,26.12264721438765,0.3884158637687654,213
203,-0.4712041884816754,-65.0,0.2367,103.29593772042784,99.16768104208094,66.49925354660161,20.98216879506811,0.3919209282337774,122
204,0.4712041884816754,-65.0,0.2367,83.33931587252258,94.21036566750965,62.49860378236479,16.652225108344144,0.4097786494816475,79
205,1.4136125654450262,-65.0,0.2367,63.55144408779489,85.52432738069426,55.94707959703901,10.021271107413275,0.4237062404870624,25
206,-20.261780104712045,-63.75,0.2367,140.1704852334991,16.78717645594369,0.0,6.525442181884179,1.0,4
207,-19.319371727748695,-63.75,0.2367,129.38279308377938,65.63411782752851,20.4223685887857,32.90115085987031,0.5314814814814814,268
208,-18.376963350785346,-63.75,0.2367,115.88390836989545,76.92116329069792,21.91764568177767,32.28202236291055,0.49764982373678024,170
209,-17.434554973821996,-63.75,0.2367,122.40404312414809,27.225893206382075,21.040525919938254,12.60164731360091,0.5462962962962963,16
210,-16.492146596858646,-63.75,0.2367,145.3882797242574,92.11995718762512,20.631880428063173,54.123047069660814,0.38534157226227256,984
211,-15.549738219895294,-63.75,0.2367,164.3554534252254,96.92358626976038,22.325406272039544,56.083573799546905,0.38665997993981943,1106
212,-14.607329842931941,-63.75,0.2367,171.32245665019607,99.89798882634179,24.167764883608157,59.205450183130495,0.3665116279069767,1104
213,-13.664921465968591,-63.75,0.2367,177.00539755987057,93.29861964572716,24.305778604850545,65.04224586130972,0.30485971943887774,1333
214,-12.72251308900524,-63.75,0.2367,166.7018858026074,108.97691604641524,31.05484783585373,60.645648906011374,0.3073842302878598,1042
215,-11.780104712041888,-63.75,0.2367,168.91879507976145,36.21883748536697,32.35068840275676,18.718640506586734,0.4220572640509014,62
216,-10.837696335078537,-63.75,0.2367,183.2856040867071,84.97791885066276,34.23606043860523,43.76233762000196,0.2764782326185835,423
217,-9.895287958115185,-63.75,0.2367,222.91081634539452,21.78920124587591,34.584669982956385,12.677075860527308,0.3882978723404255,12
218,-8.952879581151834,-63.75,0.2367,248.37114113505015,6.265064496430899,33.08050223712391,4.3403593823449675,0.4213732004429679,1
219,-8.010471204188482,-63.75,0.2367,270.4208597129263,28.081948128360416,36.95248648861201,19.99975708279945,0.34231974921630093,136
220,-7.0680628272251305,-63.75,0.2367,296.1458349274074,57.68147549842818,42.50402648029308,40.134723877814594,0.2762198541783511,800
221,-6.12565445026178,-63.75,0.2367,302.6575015427407,102.24412220227585,51.65295901128652,65.03586947303049,0.23609384711000622,1346
222,-5.183246073298429,-63.75,0.2367,328.76215345672716,98.60849458561913,58.02311110932357,63.48411225512167,0.2501875468867217,1146
223,-4.2408376963350785,-63.75,0.2367,299.0813527459833,64.10631379349661,58.322453381618736,36.17210149011418,0.3366013071895425,543
224,-3.298429319371728,-63.75,0.2367,227.82880438387156,102.57380889182654,61.02980694057615,41.44584333809828,0.30297145076713927,574
225,-2.356020942408377,-63.75,0.2367,164.40691780691358,99.44728841569037,62.44746583574325,28.34705165314106,0.3637612387612388,303
226,-1.4136125654450262,-63.75,0.2367,124.4430807517711,98.85013681485557,64.88871239553472,20.06237793654976,0.3915985699693565,134
227,-0.4712041884816754,-63.75,0.2367,79.11167783106238,102.27994226316328,66.49722404950954,12.495018844695073,0.40870786516853935,50
228,0.4712041884816754,-63.75,0.2367,48.05136792747688,96.57072825300288,63.67465236367598,7.113409948332594,0.40902872777017785,24
229,1.4136125654450262,-63.75,0.2367,32.442874161880795,78.60378753022991,55.84185644862106,4.09699573990462,0.44097693351424694,10
230,3.298429319371728,-63.75,0.2367,23.161072813286022,72.78023714085136,40.84946266337907,1.8974615024672659,0.46040816326530615,2
231,-19.319371727748695,-62.5,0.2367,97.4004485767535,43.68044997020463,11.449024612771977,15.488683492079169,0.5546875,24
232,-18.376963350785346,-62.5,0.2367,93.34545150018609,20.267499167620635,11.629999278489588,9.568078899349121,0.5,0
233,-17.434554973821996,-62.5,0.2367,100.37560423753551,9.094849128522672,9.95253756139071,5.115740041093867,0.6666666666666666,0
234,-16.492146596858646,-62.5,0.2367,127.98691572131438,70.6585273909992,15.093329050767938,33.30877068582288,0.4747292418772563,273
235,-15.549738219895294,-62.5,0.2367,154.40022176663484,70.41255652753769,16.46409018226591,41.5061896147596,0.4454865181711606,435
236,-14.607329842931941,-62.5,0.2367,171.27977722159937,97.13390334422458,20.472249230826996,59.20162607611904,0.3157152924594785,1069
237,-13.664921465968591,-62.5,0.2367,179.71880035123917,110.4408849358888,26.70907852209053,63.1615781020856,0.28773584905660377,1158
238,-12.72251308900524,-62.5,0.2367,183.02186524063438,109.46897800574033,30.158439823511813,62.24061592876747,0.28782565130260523,1067
239,-11.780104712041888,-62.5,0.2367,192.2299787048538,36.8131516689672,25.80533718715615,23.752941853555384,0.45725915875169604,105
240,-10.837696335078537,-62.5,0.2367,213.84482817901184,52.15844937972235,28.893754909359117,30.965007866447525,0.34673366834170855,212
241,-9.895287958115185,-62.5,0.2367,254.45876443678392,1.2574122386244113,28.366716311312306,0.8243071885769899,0.47011494252873565,0
242,-8.952879581151834,-62.5,0.2367,261.62589626108473,24.50810288965792,30.53734185515505,16.982602773390738,0.37407407407407406,82
243,-8.010471204188482,-62.5,0.2367,281.1326464306735,33.36346002749158,33.5756598654172,23.304545160998813,0.3320578231292517,164
244,-7.0680628272251305,-62.5,0.2367,295.87749010626146,12.832053144713294,38.434679050993516,8.442656621485591,0.3776483050847458,19
245,-6.12565445026178,-62.5,0.2367,313.6714921744018,57.12047394145924,46.623318599472086,36.19571701664397,0.27858726639214443,617
246,-5.183246073298429,-62.5,0.2367,316.5410909623088,106.27459490477362,56.97186380598027,62.637163177818096,0.24738415545590434,978
247,-4.2408376963350785,-62.5,0.2367,300.3300933235606,61.17823000916025,57.881000420247254,31.909012605648794,0.3465511496167944,393
248,-3.298429319371728,-62.5,0.2367,251.3976799048568,101.02947257109707,60.71244088107291,42.10048663815744,0.30144995322731527,490
249,-2.356020942408377,-62.5,0.2367,195.64374474396953,95.4239317662561,61.266137812990614,30.873166363193818,0.3289127837514934,335
250,-1.4136125654450262,-62.5,0.2367,138.98324622161638,78.16686190285385,65.29042056575557,14.584887081740401,0.39626799882456654,80
251,-0.4712041884816754,-62.5,0.2367,81.92231228430514,98.26060746334446,63.277519289760164,9.585332070662313,0.40917721518987343,28
252,0.4712041884816754,-62.5,0.2367,42.92252366274586,98.24115645354445,64.35315648970183,4.654905397078281,0.40957592339261284,15
253,1.4136125654450262,-62.5,0.2367,28.33495897840296,82.27762178160683,58.99933052285867,2.4924729071385627,0.41873873873873874,3
254,2.356020942408377,-62.5,0.2367,24.14907493506853,70.95218797783369,48.203938953273024,2.1233324830455067,0.449874686716792,0
255,3.298429319371728,-62.5,0.2367,14.284226478790796,66.11253724445076,39.1766877583216,1.1653003916357154,0.4863636363636364,0
256,-18.376963350785346,-61.25,0.2367,111.8126834877778,65.72661148743455,9.91889224135435,29.645593035673222,0.4,209
257,-17.434554973821996,-61.25,0.2367,107.3584174702952,48.13096501067392,11.074183068131315,17.98256378650779,0.7,19
258,-16.492146596858646,-61.25,0.2367,124.99715893430589,46.763329035912164,10.98723571431392,22.434794461078972,0.5849056603773585,52
259,-15.549738219895294,-61.25,0.2367,149.7768177806534,54.35749876704907,13.837531881534602,28.648971607993595,0.5758928571428571,139
260,-14.607329842931941,-61.25,0.2367,173.62549239175564,95.3470310272151,18.41025754932255,52.39913714502193,0.335493519441675,879
261,-13.664921465968591,-61.25,0.2367,195.1159531011902,103.46454554979522,23.63178334644718,59.905625926289915,0.2928416485900217,1049
262,-12.72251308900524,-61.25,0.2367,205.75125147808654,25.778320877076336,25.288198489384953,16.21278493632371,0.5277777777777778,60
263,-11.780104712041888,-61.25,0.2367,214.70255770466187,17.64107967364117,24.30532545330043,12.136032676959053,0.5021598272138229,27
264,-10.837696335078537,-61.25,0.2367,220.99455311080322,49.97627154957869,29.97779925660718,28.098436353244185,0.36252945797329145,166
265,-9.895287958115185,-61.25,0.2367,244.42846513013333,31.57846065712918,30.073863415386068,19.046574597118536,0.4011553273427471,94
266,-8.952879581151834,-61.25,0.2367,272.0232682617078,41.17452149265393,30.378829407764428,27.436258544484325,0.3277310924369748,319
267,-8.010471204188482,-61.25,0.2367,279.7481736717759,40.74466087020977,32.90735681580374,26.050609922543494,0.3158750813272609,337
268,-7.0680628272251305,-61.25,0.2367,297.1303949776209,81.557174410012,39.11224370793527,51.84185382983783,0.222743930371049,898
269,-6.12565445026178,-61.25,0.2367,307.16442992379143,72.46899864385603,46.8767377035028,43.12287754591556,0.242152466367713,617
270,-5.183246073298429,-61.25,0.2367,312.8404453007282,74.9380699202361,54.20737740458932,40.806471194637936,0.27831445702864754,511
271,-4.2408376963350785,-61.25,0.2367,310.64350746464083,31.714514380648012,55.195434215618235,15.864937839253539,0.4171907756813417,103
272,-3.298429319371728,-61.25,0.2367,291.58311130307646,41.95780668727691,55.76502404992889,19.268335236160702,0.37988581466842336,162
273,-2.356020942408377,-61.25,0.2367,235.86239303778814,96.7474838174437,58.888800244940775,37.440813830566285,0.3075351213282248,318
274,-1.4136125654450262,-61.25,0.2367,167.32877354703638,80.88389953605022,60.13810657664941,19.211370485478525,0.3580696202531646,144
275,-0.4712041884816754,-61.25,0.2367,98.06398128635763,66.09352141149752,60.67708751939835,6.8302251046092595,0.3952494873547505,20
276,0.4712041884816754,-61.25,0.2367,49.81217354568627,67.0390108983429,63.13530992453343,2.916273747988378,0.3988256549232159,7
277,1.4136125654450262,-61.25,0.2367,25.198292695302158,47.25826720840852,61.50145639563898,0.9478811243154422,0.40537974683544303,0
278,2.356020942408377,-61.25,0.2367,14.532262244394758,9.620885741689614,57.58210251222116,0.10650881827227587,0.4043243243243243,0
279,3.298429319371728,-61.25,0.2367,4.821982861363008,62.093191231665564,53.8748315439453,0.32597669594363143,0.42198100407055633,0
280,4.2408376963350785,-61.25,0.2367,1.0443483462848606,62.16967284828727,40.70299541070989,0.19334146826096502,0.4864734299516908,0
281,-15.549738219895294,-60.0,0.2367,153.63857794441202,61.64750258328235,8.82807632649073,35.93597384417134,0.45555555555555555,413
282,-14.607329842931941,-60.0,0.2367,175.167711542857,55.93264277292385,14.327634520029674,28.352980273148376,0.5751633986928104,240
283,-13.664921465968591,-60.0,0.2367,200.70873406799726,36.112243786171824,18.700748906673816,21.63711163668701,0.5476744186046512,118
284,-12.72251308900524,-60.0,0.2367,211.50783034199637,48.29810428671834,22.45811969674768,30.405035520958815,0.4242294520547945,290
285,-11.780104712041888,-60.0,0.2367,220.35644233704414,85.41532635399142,27.10571525983067,54.3147619814641,0.2659010600706714,776
286,-10.837696335078537,-60.0,0.2367,239.643387758963,101.3822836766791,31.067766952090146,61.24751896258044,0.2135633551457466,1044
287,-9.895287958115185,-60.0,0.2367,263.4409116373291,47.52960532795442,31.217367988124597,29.208651834427407,0.3327702702702703,277
288,-8.952879581151834,-60.0,0.2367,291.4921574979586,48.18565699521837,32.33284645467539,31.432151133860305,0.32697947214076245,444
289,-8.010471204188482,-60.0,0.2367,310.92427774710427,72.03630263737843,35.96007347534171,47.22787722244341,0.2473851030110935,917
290,-7.0680628272251305,-60.0,0.2367,326.0247252985127,20.261651814053884,38.24970231176238,13.219161616511055,0.3458980044345898,62
291,-6.12565445026178,-60.0,0.2367,312.9162208053932,60.431986432410866,43.95211460946115,34.635220888316766,0.2609764664559185,465
292,-5.183246073298429,-60.0,0.2367,304.2892645942334,65.06727365333211,50.25879865451658,32.64438967566286,0.2916177046611829,393
293,-4.2408376963350785,-60.0,0.2367,311.5804339556998,20.375074254521685,51.06997594648919,9.853574196600407,0.43429951690821256,53
294,-3.298429319371728,-60.0,0.2367,327.04660013572067,10.291921625919608,49.85659455463594,5.171975474923859,0.424645390070922,9
295,-2.356020942408377,-60.0,0.2367,276.13478200824346,3.806987525688816,51.14453196140739,1.7725007115824496,0.41061224489795917,0
296,-1.4136125654450262,-60.0,0.2367,195.52037010276797,43.92261334260171,55.112491039218824,13.191620505408238,0.39006211180124223,85
297,-0.4712041884816754,-60.0,0.2367,114.68931988514143,83.83389920165898,58.95460690352968,10.513668478907974,0.36568694463431306,65
298,0.4712041884816754,-60.0,0.2367,56.364348025370056,82.44189285209403,59.45023227008719,3.435728675836081,0.39245614035087717,6
299,1.4136125654450262,-60.0,0.2367,31.525097302426097,11.737634352670893,50.92045325742853,0.20362606874579098,0.41466346153846156,0
300,2.356020942408377,-60.0,0.2367,18.909862758634688,44.403675127131464,55.262034028350165,0.2891032120322631,0.40643863179074446,0
301,3.298429319371728,-60.0,0.2367,9.79582788111307,71.88168932587749,52.32168135001374,0.22047212757769077,0.41225961538461536,0
302,4.2408376963350785,-60.0,0.2367,16.53362247815189,76.00244543653265,45.898817459158,0.31134069571828993,0.42199894235854046,0
303,5.183246073298429,-60.0,0.2367,61.00130505949222,78.92719094899537,43.22230211955011,0.6915850297990528,0.4383116883116883,1
304,-13.664921465968591,-58.75,0.2367,227.75493833526602,94.97960370170723,15.83299081732598,61.76289367736246,0.2532918362461096,1400
305,-12.72251308900524,-58.75,0.2367,223.9955443405317,108.0159040342143,23.318182007933487,66.8978194892392,0.24494274809160305,1520
306,-11.780104712041888,-58.75,0.2367,228.17480703229253,73.6293732691364,27.922114029885755,46.35353763587401,0.28821959588257723,632
307,-10.837696335078537,-58.75,0.2367,268.46763162200705,20.355789461754078,28.911377152380847,13.594474794923155,0.467680608365019,33
308,-9.895287958115185,-58.75,0.2367,301.9380181279871,9.734218981477174,28.350519015789544,6.653462318602699,0.43434343434343436,11
309,-8.952879581151834,-58.75,0.2367,327.52071650942406,39.38504166154139,29.991433748266292,27.792815208501878,0.32635135135135135,379
310,-8.010471204188482,-58.75,0.2367,351.6571456508983,93.7762449503592,36.52126300824565,65.7409203585668,0.27416038382453733,872
311,-7.0680628272251305,-58.75,0.2367,350.45517005519963,31.884213286854763,38.05153304300741,20.1827467503363,0.3378181818181818,267
312,-6.12565445026178,-58.75,0.2367,331.08976231581266,91.738972963588,44.6116769137932,50.42550681020893,0.2660923276983095,531
313,-5.183246073298429,-58.75,0.2367,321.3285663644433,104.59400972428152,50.333923186063615,51.86455520844396,0.2886784850926672,398
314,-4.2408376963350785,-58.75,0.2367,311.5365628047827,52.77257348102464,49.31091746167117,24.15234039456583,0.33518410286382233,171
315,-3.298429319371728,-58.75,0.2367,329.3737626583588,11.630651851865123,47.329517565445144,5.485222925369947,0.4122448979591837,16
316,-2.356020942408377,-58.75,0.2367,284.89641615269136,52.333289486412006,47.25820161676332,25.283850395600766,0.3232876712328767,189
317,-1.4136125654450262,-58.75,0.2367,222.91592701561777,91.79092099457866,52.87610246436221,34.07130120112246,0.3100903614457831,194
318,-0.4712041884816754,-58.75,0.2367,135.976573606107,96.59753286877323,57.3554752823154,17.07019401675641,0.35405405405405405,67
319,0.4712041884816754,-58.75,0.2367,74.25637513026359,90.57850179210105,55.27673522278814,5.788574712556039,0.3746760459089226,21
320,-13.664921465968591,-57.5,0.2367,254.06574966911762,97.58694770983612,14.830509464021114,65.64323618269829,0.26873163565132224,1533
321,-12.72251308900524,-57.5,0.2367,253.26515968745372,97.64390629894929,22.596798697481923,63.329716970333344,0.2579539892315223,1340
322,-11.780104712041888,-57.5,0.2367,263.6301546192159,29.431615355761696,25.245362956143143,19.821965791814808,0.4717171717171717,72
323,-10.837696335078537,-57.5,0.2367,305.7720518765661,30.73714007441488,26.01587462541001,21.508360059835557,0.3808262711864407,126
324,-9.895287958115185,-57.5,0.2367,343.81298881797613,4.357195352107973,25.818305336141943,3.088814465202018,0.46091954022988507,0
325,-8.952879581151834,-57.5,0.2367,354.8590323571244,48.57453099207857,28.954427727002138,34.49960868865859,0.2866088631984586,474
326,-8.010471204188482,-57.5,0.2367,371.48306920673883,57.67012405871376,35.96643608329802,39.13560947071798,0.32444314185228607,536
327,-7.0680628272251305,-57.5,0.2367,367.79125422562174,94.43721808954228,41.58380211738493,57.96433476490441,0.2891156462585034,538
328,-6.12565445026178,-57.5,0.2367,339.6436890630847,37.144899769587546,43.91005596561087,18.67110656798747,0.3213507625272331,148
329,-5.183246073298429,-57.5,0.2367,323.81774618689377,84.93333509713113,48.876942225055195,37.19177389807046,0.3065094823167606,233
330,-4.2408376963350785,-57.5,0.2367,303.048694326037,67.97984211381383,49.83365539942977,27.10550745047813,0.31064730792498485,113
331,-3.298429319371728,-57.5,0.2367,277.5549194412396,48.85428489564981,48.51540946480068,18.434433238925372,0.3468237704918033,86
332,-2.356020942408377,-57.5,0.2367,265.61510203681826,78.78664281323772,51.34923280523247,31.35534230576346,0.31002051983584133,132
333,-1.4136125654450262,-57.5,0.2367,200.4724304148988,99.77982122733583,55.340159083357285,34.00586673906959,0.3099600266489007,128
334,-0.4712041884816754,-57.5,0.2367,125.71661035873115,69.24293578636089,54.81588945203366,13.198611361793422,0.35908691834942935,52
335,0.4712041884816754,-57.5,0.2367,74.03898768029774,60.18452084092484,49.33213532076181,5.544303664033677,0.38181818181818183,23
336,1.4136125654450262,-57.5,0.2367,51.29401480395048,38.69498561747355,38.114342758494985,1.5991455027340442,0.4601010101010101,1
337,-13.664921465968591,-56.25,0.2367,275.4757974636926,59.36073000346312,14.073529081761263,37.40821601898405,0.42697674418604653,577
338,-12.72251308900524,-56.25,0.2367,276.0730061430693,64.93267201701373,19.894055125533367,40.47548767381998,0.36824324324324326,628
339,-11.780104712041888,-56.25,0.2367,297.017158291796,13.804113095037465,22.31852676124832,9.067253747716299,0.4907692307692308,6
340,-10.837696335078537,-56.25,0.2367,322.84364298961066,32.17602302152228,23.09140148317176,22.159713806076425,0.37083333333333335,149
341,-9.895287958115185,-56.25,0.2367,344.4242607456264,0.7173847261465596,22.90290230380718,0.49800591058585264,0.5144927536231884,0
342,-8.952879581151834,-56.25,0.2367,363.7351433810799,80.04489468384281,28.905849651790394,52.876256380394146,0.27373236751810903,641
343,-8.010471204188482,-56.25,0.2367,388.8310460140533,73.59338553700056,36.12497197103942,46.26120425915919,0.2946330777656079,467
344,-7.0680628272251305,-56.25,0.2367,362.11372770893803,45.686729332388644,39.71301285110105,24.6867981694199,0.3529980657640232,210
345,-6.12565445026178,-56.25,0.2367,314.1760232863497,37.94724553835447,41.46037251115391,16.11382629440324,0.35782241014799154,106
346,-5.183246073298429,-56.25,0.2367,284.4133721910054,30.710923866446084,44.586804093324695,10.69859368472447,0.34782608695652173,57
347,-4.2408376963350785,-56.25,0.2367,252.12318919778892,41.829271858382675,47.16376425123522,12.277674714413353,0.3717171717171717,45
348,-3.298429319371728,-56.25,0.2367,214.22698658392687,50.36419435302175,49.0857494186598,13.138913865200278,0.37104072398190047,40
349,-2.356020942408377,-56.25,0.2367,190.2419532152171,51.10809284456613,53.084196064920604,11.194267139514563,0.3418269230769231,41
350,-1.4136125654450262,-56.25,0.2367,123.33367799041575,78.43029596411986,54.59864445668589,12.794322939712334,0.32490079365079366,35
351,-0.4712041884816754,-56.25,0.2367,72.943093246333,65.60816302825233,41.590591322137875,8.049099994588616,0.38405797101449274,28
352,0.4712041884816754,-56.25,0.2367,54.948962157507324,56.01021055663957,37.96535819348143,4.491910795985004,0.41807610993657507,18
353,1.4136125654450262,-56.25,0.2367,41.58078844886036,78.66398386316926,46.95469884534898,2.4403643418880954,0.40005288207297723,7
354,-14.607329842931941,-55.0,0.2367,254.22747093189113,91.40302634556264,9.064266308573579,50.98660802691756,0.36426491994177584,904
355,-13.664921465968591,-55.0,0.2367,275.22855711664107,101.60975355958114,14.636858093588758,57.64073906631728,0.34402412280701755,1044
356,-12.72251308900524,-55.0,0.2367,267.59833329016124,32.79169845158833,18.57720969603422,18.380316182582778,0.5340557275541795,91
357,-11.780104712041888,-55.0,0.2367,284.19423551420505,3.758864205780076,19.49083666775783,2.3268983503690768,0.5526315789473685,0
358,-10.837696335078537,-55.0,0.2367,305.87594197092784,3.8647066211608068,20.812142246721173,2.351303634663894,0.47883597883597884,0
359,-9.895287958115185,-55.0,0.2367,323.2714331757631,7.223347789386854,21.739621990378083,4.219743964096703,0.4579741379310345,8
360,-8.952879581151834,-55.0,0.2367,348.7877461841172,65.80174497489561,27.320079445312082,35.49910748444813,0.30381231671554254,343
361,-8.010471204188482,-55.0,0.2367,369.13418615477485,17.708856629420396,32.79365210427145,8.89166661671764,0.3912162162162162,48
362,-7.0680628272251305,-55.0,0.2367,338.48239326518876,29.036784493178267,35.288763854470936,12.596538347912084,0.3904761904761905,80
363,-6.12565445026178,-55.0,0.2367,289.7997587690823,46.970888899265525,38.67486509857876,16.634463278200716,0.3628205128205128,77
364,-5.183246073298429,-55.0,0.2367,257.762508587781,48.900712907952155,40.2225837645687,14.454244592703477,0.3599114064230343,49
365,-4.2408376963350785,-55.0,0.2367,215.5133315553928,15.01500393471766,41.00745600941739,3.3751710067770766,0.3883357041251778,9
366,-3.298429319371728,-55.0,0.2367,157.11492111606452,16.60589615069401,46.83729023681495,2.4455142088908692,0.38902439024390245,7
367,-2.356020942408377,-55.0,0.2367,124.68038885544718,27.242984614287483,50.061384299495046,2.712379186376352,0.3747474747474748,8
368,-1.4136125654450262,-55.0,0.2367,67.70999080653922,36.41998121696227,36.84101646950366,3.0492068393385887,0.39046941678520625,8
369,-0.4712041884816754,-55.0,0.2367,51.524398929916444,48.96410666750482,29.13283161586636,3.5072432770672597,0.4523809523809524,8
370,0.4712041884816754,-55.0,0.2367,51.139422618532336,43.53790348313681,27.455364788359283,2.626856335918054,0.45263157894736844,6
371,1.4136125654450262,-55.0,0.2367,49.76576490615197,61.403924158717906,37.002244270658906,2.0159986471211147,0.44294294294294295,3
372,2.356020942408377,-55.0,0.2367,53.16042143980869,43.16777327305147,28.880299001054187,0.9759256776073234,0.4803921568627451,0
373,-14.607329842931941,-53.75,0.2367,243.1264350613799,109.84748596411733,8.68057245586949,51.41403068057761,0.37972768532526474,903
374,-13.664921465968591,-53.75,0.2367,246.83804486826477,101.7992392264509,14.747364071816646,47.17520003132405,0.4118129614438064,797
375,-12.72251308900524,-53.75,0.2367,247.01978477433968,45.139447427123635,17.72920188502206,21.709567870383182,0.5258620689655172,92
376,-11.780104712041888,-53.75,0.2367,260.56795363945497,62.2302268346434,19.6058831353183,30.610398475988184,0.38814180929095354,242
377,-10.837696335078537,-53.75,0.2367,282.45151027965295,29.734090566707536,20.771640078335494,14.08182360647825,0.47373737373737373,71
378,-9.895287958115185,-53.75,0.2367,298.25150217604846,27.754977158236287,21.792619218314293,12.381464298294894,0.42105263157894735,94
379,-8.952879581151834,-53.75,0.2367,323.09734312695315,86.34902228361527,27.719438030048625,35.60303446550983,0.3394027676620539,233
380,-8.010471204188482,-53.75,0.2367,353.2652482035968,99.8435836074745,33.952063377468356,41.04452877165423,0.3306627822286963,228
381,-7.0680628272251305,-53.75,0.2367,335.76672521271263,52.16154350657497,35.197215465946314,17.867947215595574,0.35833333333333334,58
382,-6.12565445026178,-53.75,0.2367,294.51290234891604,31.534967196943708,36.56908536291078,8.968520615552787,0.4028520499108734,35
383,-5.183246073298429,-53.75,0.2367,255.9199418956128,15.731597705878716,36.59042323965859,3.766694808004854,0.4092436974789916,22
384,-4.2408376963350785,-53.75,0.2367,197.66775462627987,24.463626625910674,38.88752351162873,3.9027978695973173,0.36153846153846153,10
385,-3.298429319371728,-53.75,0.2367,146.05685049367847,3.3871151513002364,41.08205551967327,0.37602061013045146,0.375,0
386,-2.356020942408377,-53.75,0.2367,89.02718224927685,34.22615457185228,41.71170672491481,2.112283227132436,0.4189189189189189,5
387,-1.4136125654450262,-53.75,0.2367,60.94596098490445,23.09688942867625,35.25756211816811,1.1128643648432304,0.40336134453781514,0
388,-0.4712041884816754,-53.75,0.2367,51.50974851374076,37.515903135582164,28.906369232396646,1.697254596794024,0.4189723320158103,0
389,0.4712041884816754,-53.75,0.2367,49.9873770179866,33.233975176433205,27.713092849970113,0.9934492756836549,0.48333333333333334,0
390,1.4136125654450262,-53.75,0.2367,56.393399328709236,24.06601858483244,30.56847191699087,0.4476201035344898,0.4473684210526316,0
391,2.356020942408377,-53.75,0.2367,60.99274914674854,32.914627664198086,29.330147126314394,0.46185074427123746,0.45614035087719296,0
392,-13.664921465968591,-52.5,0.2367,241.24649119770598,98.98917490202221,11.074724082698092,46.90557389066646,0.3928030303030303,847
393,-12.72251308900524,-52.5,0.2367,244.47664359131775,61.610307300690984,15.847096854309685,25.56780068576232,0.5037220843672456,146
394,-11.780104712041888,-52.5,0.2367,259.8244125159207,78.88930480525173,18.68816426485235,30.364604091671083,0.40733590733590735,236
395,-10.837696335078537,-52.5,0.2367,274.05013684051346,60.98947744723088,20.453375369139742,20.670273861364812,0.43301435406698563,155
396,-9.895287958115185,-52.5,0.2367,277.9949460469803,73.24834687642458,23.07232765830688,21.815597936430127,0.3792892156862745,145
397,-8.952879581151834,-52.5,0.2367,312.06901954043997,97.54135596858852,28.401219317082173,28.955136293650483,0.37367303609341823,138
398,-8.010471204188482,-52.5,0.2367,349.5598276801568,82.46719384721453,34.154543111510655,23.957777491254834,0.3753056234718826,101
399,-7.0680628272251305,-52.5,0.2367,340.4303001190263,24.719138290498886,35.031100464678566,5.554580331269114,0.4045977011494253,18
400,-6.12565445026178,-52.5,0.2367,311.6833047790911,14.091344998036226,33.59303187287879,2.839996177395288,0.41005291005291006,10
401,-5.183246073298429,-52.5,0.2367,275.24401798592106,60.10210360488071,35.12991377771991,11.306169859025808,0.37051282051282053,21
402,-4.2408376963350785,-52.5,0.2367,228.05233456077661,45.02153940180201,37.71011564729643,6.352794003878602,0.3609986504723347,9
403,-3.298429319371728,-52.5,0.2367,175.94180732305452,8.634387475135837,37.2917582943774,0.8184842064337392,0.3485064011379801,0
404,-2.356020942408377,-52.5,0.2367,108.62024627899359,60.43030846547953,40.748535169377284,2.4021083210957968,0.3670731707317073,3
405,-1.4136125654450262,-52.5,0.2367,71.87691978005125,11.902260570920891,40.540680445226684,0.2320655467917138,0.39564564564564564,0
406,-0.4712041884816754,-52.5,0.2367,60.75115613621269,32.64461026125435,31.427129257107616,0.7121698490728252,0.43162393162393164,0
407,0.4712041884816754,-52.5,0.2367,65.89927823710578,30.036551929674914,31.736693606573862,0.5085695159736789,0.41,0
408,-8.952879581151834,-51.25,0.2367,308.0045104298833,13.663818728492844,23.63937569969615,2.495176437685281,0.5198412698412699,3
409,-8.010471204188482,-51.25,0.2367,348.47720022158995,44.16865326580326,29.02529117762051,7.143716562855902,0.4723076923076923,6
410,-7.0680628272251305,-51.25,0.2367,361.7653492178592,30.38965964114278,31.634407309943274,3.396566327414256,0.45166666666666666,3
411,-5.183246073298429,-51.25,0.2367,329.2882540863925,47.54903790833763,31.399899176332063,5.647550266927129,0.39408866995073893,7
412,-4.2408376963350785,-51.25,0.2367,289.9137091317523,24.2334241856051,35.21834222828017,2.8653564747108398,0.37058823529411766,3
413,-3.298429319371728,-51.25,0.2367,216.91858493934558,1.4519771154257766,38.644778673664995,0.1046103138017297,0.3077816492450639,0
414,-2.356020942408377,-51.25,0.2367,145.01492542553152,18.303954581197424,40.55886932912942,0.42375376246607477,0.3211538461538462,0
415,-3.298429319371728,-50.0,0.2367,250.79556309662865,5.716331548836774,34.52468841487054,0.22083119067113208,0.3235294117647059,0
0,-6.12565445026178,-78.75,1.1514,180.82201018217302,39.33441370725911,18.175787980326618,38.92971097625946,0.3333333333333333,11
1,-5.183246073298429,-78.75,1.1514,195.82785678016424,65.31539114460026,22.957172005682448,62.90487776204961,0.2857142857142857,26
2,-4.2408376963350785,-78.75,1.1514,211.34875129152775,53.706198990359795,23.853288726927072,53.44103112382186,0.3333333333333333,19
3,-3.298429319371728,-78.75,1.1514,211.13617141056437,39.26467719399097,21.086598506820582,39.3811200718016,0.3,8
4,-2.356020942408377,-78.75,1.1514,226.52859379218376,77.06186336145038,23.127555788272677,79.26919438004518,0.19090909090909092,40
5,-1.4136125654450262,-78.75,1.1514,233.7350915541968,69.52293532696785,22.26591670177962,63.82066471420345,0.2361111111111111,27
6,-8.952879581151834,-77.5,1.1514,196.13151355939468,73.1586230803143,24.888455072089922,113.12910163346722,0.3333333333333333,54
7,-8.010471204188482,-77.5,1.1514,159.07730023081496,65.25139302049163,25.10246431946649,71.61363005591137,0.37272727272727274,26
8,-7.0680628272251305,-77.5,1.1514,156.84432680773466,56.057237609678936,27.25650206320762,54.15395044993579,0.37272727272727274,14
9,-6.12565445026178,-77.5,1.1514,177.47583827119638,38.980570487407775,26.15230353031461,34.47472084820485,0.39285714285714285,7
10,-5.183246073298429,-77.5,1.1514,225.6118802677872,72.90701516424508,27.29752645217496,53.19719451588792,0.22077922077922077,24
11,-4.2408376963350785,-77.5,1.1514,219.3368133647682,95.74118739554757,31.832379647628688,63.226824183544025,0.2727272727272727,22
12,-3.298429319371728,-77.5,1.1514,225.5795904713337,47.68658351736988,28.554666326792063,29.409602178612083,0.45,3
13,-2.356020942408377,-77.5,1.1514,242.17022934729997,56.621824448221986,27.0200629915756,37.74562046888087,0.26666666666666666,9
14,-1.4136125654450262,-77.5,1.1514,250.3039652015429,38.44163944959966,22.44084537278125,29.68216929036746,0.4,6
15,-0.4712041884816754,-77.5,1.1514,231.25888032705842,43.833903302787505,16.931260719544497,36.44854981721354,0.23809523809523808,17
16,0.4712041884816754,-77.5,1.1514,184.90039422827513,48.42321535302115,16.605091664179252,30.413072294044415,0.25,9
17,-10.837696335078537,-76.25,1.1514,218.88569232528056,61.22618882454472,18.61955293659091,138.93039301805396,0.24210526315789474,117
18,-9.895287958115185,-76.25,1.1514,260.202973580472,57.53427074192268,23.481741641509963,115.58020052267923,0.24473684210526317,89
19,-8.952879581151834,-76.25,1.1514,291.2019780994842,39.039132788625416,29.168644514681542,68.74977253369528,0.38311688311688313,43
20,-8.010471204188482,-76.25,1.1514,212.4756822208258,75.2010336501192,37.68994643157863,69.06479656518599,0.36538461538461536,19
21,-7.0680628272251305,-76.25,1.1514,174.31191908570577,69.97885360906322,40.329241349014175,45.733260229878866,0.4,5
22,-6.12565445026178,-76.25,1.1514,189.15208408875733,46.64201742874838,39.322591820495575,31.820111935579387,0.4090909090909091,3
23,-5.183246073298429,-76.25,1.1514,216.05976524619035,99.03241037278427,42.416393323362264,74.30878905682778,0.23076923076923078,23
24,-4.2408376963350785,-76.25,1.1514,198.8412955796257,106.45373455219031,43.3691068401331,68.06836784582765,0.2222222222222222,17
25,-3.298429319371728,-76.25,1.1514,192.7467627568807,102.73720243497232,40.412034672113876,53.67913892304144,0.2638888888888889,13
26,-2.356020942408377,-76.25,1.1514,185.75360744412006,101.48297336144725,38.05046650017722,44.18930932316765,0.18181818181818182,13
27,-1.4136125654450262,-76.25,1.1514,170.9678404757367,97.84928408241122,35.84842105617334,36.27080379585627,0.30357142857142855,9
28,-0.4712041884816754,-76.25,1.1514,161.16016055608603,72.67724870857992,32.33981745881792,22.246176643793973,0.30952380952380953,5
29,0.4712041884816754,-76.25,1.1514,183.8165444473608,68.56596477050726,25.224225356418483,19.903208154961376,0.35,4
30,1.4136125654450262,-76.25,1.1514,142.72450055826948,9.755466176755663,15.679989943708708,1.8266192638543688,0.0,0
31,-13.664921465968591,-75.0,1.1514,171.46131685455902,72.1835666792148,33.379942470283986,77.92388045756414,0.421875,37
32,-12.72251308900524,-75.0,1.1514,194.9144268583961,55.32636491279519,28.650004406530712,124.39075192492733,0.4029126213592233,81
33,-11.780104712041888,-75.0,1.1514,276.0448533182222,52.35238639181027,23.39366868628293,130.68487857231148,0.24458874458874458,123
34,-10.837696335078537,-75.0,1.1514,362.80434484380504,48.697138732104094,30.779198047050187,96.18946702473389,0.2777777777777778,62
35,-9.895287958115185,-75.0,1.1514,278.93288967882125,71.52223304708559,40.98557115514198,80.42315844893999,0.34285714285714286,23
36,-8.952879581151834,-75.0,1.1514,215.85540472061064,44.61206188170941,49.98060920519744,33.863817856102166,0.3076923076923077,3
37,-8.010471204188482,-75.0,1.1514,181.98049872948968,75.71741369216174,50.62250293728287,50.245150733878624,0.29411764705882354,6
38,-7.0680628272251305,-75.0,1.1514,182.23544124472224,98.82321771139497,51.729129569788505,65.77555095980183,0.2536764705882353,18
39,-6.12565445026178,-75.0,1.1514,201.40615171906217,97.42606200763399,52.28624916174779,69.85001942835756,0.2714285714285714,18
40,-5.183246073298429,-75.0,1.1514,213.618840816837,95.95664905962798,50.3501869115893,75.14538821627046,0.20833333333333334,29
41,-4.2408376963350785,-75.0,1.1514,228.9947449359385,97.02317771386275,49.573550524746224,73.44246631537757,0.1978021978021978,34
42,-3.298429319371728,-75.0,1.1514,229.27871381871816,97.22741330495535,46.02451491422901,62.127808240684985,0.23636363636363636,24
43,-2.356020942408377,-75.0,1.1514,208.29896260378393,93.90390390826705,42.71629740328155,48.28549077421546,0.2361111111111111,13
44,-1.4136125654450262,-75.0,1.1514,182.49582414947994,89.91006397378169,38.21299154720747,38.87666873098931,0.19642857142857142,8
45,-0.4712041884816754,-75.0,1.1514,123.26765609316246,87.41893332658172,35.53885491182975,24.97360679222971,0.21428571428571427,5
46,0.4712041884816754,-75.0,1.1514,76.13587517020585,90.45388286887618,31.83076561629189,12.164953117506204,0.3,1
47,1.4136125654450262,-75.0,1.1514,68.86424608603366,33.04092305230828,22.625366677938395,2.6253032228395607,0.5,0
48,2.356020942408377,-75.0,1.1514,77.49909241456538,5.909086908291613,14.281223079174424,0.3624719962584363,0.0,0
49,-14.607329842931941,-73.75,1.1514,195.6494940081357,69.23849284445168,35.780917236670504,81.20049037909035,0.4934210526315789,45
50,-13.664921465968591,-73.75,1.1514,200.86232005115363,52.958966361826484,36.63641554474488,88.91957138202412,0.42788461538461536,59
51,-12.72251308900524,-73.75,1.1514,355.50933883591887,68.22047536795333,44.19183755953828,131.1238983722711,0.2785234899328859,127
52,-11.780104712041888,-73.75,1.1514,305.2792921497209,82.38833493224837,52.85399998422438,130.86644087676856,0.2569230769230769,75
53,-10.837696335078537,-73.75,1.1514,236.87102596143015,89.78914588274252,56.590589374426735,75.52137201530964,0.319047619047619,24
54,-9.895287958115185,-73.75,1.1514,222.70303545417866,96.67106504938864,58.534624510741736,77.73611481409256,0.26,25
55,-8.952879581151834,-73.75,1.1514,216.3489353883699,91.99681704471536,58.440957519395525,74.07496419852774,0.2536231884057971,22
56,-8.010471204188482,-73.75,1.1514,218.64860899624313,80.20002578544678,55.94644687741011,65.86017989828585,0.26838235294117646,17
57,-7.0680628272251305,-73.75,1.1514,231.64540229660946,88.03506326690409,55.209186809066516,75.23245219025596,0.22727272727272727,17
58,-6.12565445026178,-73.75,1.1514,245.70465021954314,100.63518635471823,55.52306144625599,85.01324476223422,0.17032967032967034,33
59,-5.183246073298429,-73.75,1.1514,248.63604513409345,94.75631995384714,56.99852256398909,75.0613577771444,0.24545454545454545,24
60,-4.2408376963350785,-73.75,1.1514,257.4874105612351,99.18413210585194,56.305614486341064,70.7678358370257,0.25,30
61,-3.298429319371728,-73.75,1.1514,242.45447403691819,98.89654615099614,53.35078838385156,58.619045042858275,0.3,24
62,-2.356020942408377,-73.75,1.1514,214.18439426937468,98.26167863566347,50.49080975711903,45.33928000093596,0.32142857142857145,13
63,-1.4136125654450262,-73.75,1.1514,182.98057067581166,80.20686572052742,44.57393756184095,31.688969866206513,0.26666666666666666,6
64,-0.4712041884816754,-73.75,1.1514,137.3852827372577,87.22391444134581,39.033647969982184,24.41151965538596,0.16666666666666666,6
65,0.4712041884816754,-73.75,1.1514,87.26230591318823,86.26795228875591,34.21206887408472,12.888340990777646,0.0,2
66,1.4136125654450262,-73.75,1.1514,44.523680906605364,84.23881930084909,29.705260736836536,4.0456317451596515,0.3333333333333333,0
67,-14.607329842931941,-72.5,1.1514,253.76000881122408,58.558388559715034,26.921549469198947,229.3803334132256,0.2840172786177106,270
68,-13.664921465968591,-72.5,1.1514,304.0564447459674,56.91965331942627,36.878484609656894,136.19958015277305,0.38563829787234044,116
69,-12.72251308900524,-72.5,1.1514,401.54791906993825,72.93965594946786,54.332327978339634,127.3032682787184,0.3203463203463203,87
70,-11.780104712041888,-72.5,1.1514,285.16485203707697,97.45429279998189,60.38650581624556,89.56456848217323,0.39210526315789473,37
71,-10.837696335078537,-72.5,1.1514,211.48424889700084,104.16837123331365,60.275835761730036,77.60317634175041,0.3492063492063492,30
72,-9.895287958115185,-72.5,1.1514,225.1011203202189,103.81702213548124,59.173728345452446,90.43516401716893,0.29446640316205536,33
73,-8.952879581151834,-72.5,1.1514,228.81214069105818,97.6643060654538,57.17492414760651,82.03708691806972,0.24632352941176472,18
74,-8.010471204188482,-72.5,1.1514,241.0320839915898,40.87962623397158,54.74893376827075,33.7408492777849,0.34444444444444444,3
75,-7.0680628272251305,-72.5,1.1514,257.3469253045119,63.400930045528966,53.854421143383036,51.470014984738384,0.2361111111111111,9
76,-6.12565445026178,-72.5,1.1514,269.0388421192152,102.8134553824665,56.42764464519873,82.70393063512526,0.1813186813186813,39
77,-5.183246073298429,-72.5,1.1514,284.5702955599294,101.3782494401699,58.585925939505366,82.00033048397825,0.2564102564102564,43
78,-4.2408376963350785,-72.5,1.1514,279.2866730476428,88.69929503588637,57.54062435588815,65.26054165632087,0.21428571428571427,36
79,-3.298429319371728,-72.5,1.1514,253.14352770386904,97.7889982253791,57.921514991740565,60.580971268077576,0.23076923076923078,34
80,-2.356020942408377,-72.5,1.1514,236.3876836028088,90.94272606518714,55.122390972517984,49.40073920042915,0.24242424242424243,23
81,-1.4136125654450262,-72.5,1.1514,208.0019039228541,91.52221796617326,51.165781447835215,39.965355646189195,0.22727272727272727,13
82,-0.4712041884816754,-72.5,1.1514,160.44736819894848,86.97806035754334,45.87043968435216,27.051031686860288,0.13333333333333333,8
83,0.4712041884816754,-72.5,1.1514,107.24085026205574,83.04114911351817,39.962920168843695,15.174769612037345,0.16666666666666666,3
84,1.4136125654450262,-72.5,1.1514,63.817105691316684,81.4275024694799,34.288188481299926,5.982018897006617,0.0,0
85,-14.607329842931941,-71.25,1.1514,249.26279467194692,48.03590649071839,20.837405309027865,210.3108759526289,0.3136574074074074,255
86,-13.664921465968591,-71.25,1.1514,372.16505783395894,74.71960004823723,39.76857590455717,178.94664739271084,0.3246268656716418,209
87,-12.72251308900524,-71.25,1.1514,385.7273129115278,64.40509447070453,51.8200943591652,99.29713706809477,0.43014705882352944,42
88,-11.780104712041888,-71.25,1.1514,240.41652912276695,103.45315657595503,58.2077677768714,79.69025281981942,0.3631578947368421,26
89,-10.837696335078537,-71.25,1.1514,202.50344735540142,104.54016466215992,56.220856377373295,80.46168777920259,0.3173913043478261,33
90,-9.895287958115185,-71.25,1.1514,217.5924358089926,103.5438432053202,55.57318461752061,80.6105706324044,0.24632352941176472,29
91,-8.952879581151834,-71.25,1.1514,242.42995662512527,82.52874907697141,53.225151902241976,65.58479347153701,0.22727272727272727,14
92,-8.010471204188482,-71.25,1.1514,257.189897139283,23.996330438126108,49.93504170388361,19.307268698223492,0.5,1
93,-7.0680628272251305,-71.25,1.1514,258.2816330742991,78.69655032127827,50.814556653677776,62.50475431750479,0.17857142857142858,13
94,-6.12565445026178,-71.25,1.1514,272.361128358671,99.16279713823907,55.06845558580152,77.49991599259053,0.2196969696969697,35
95,-5.183246073298429,-71.25,1.1514,283.1764188211629,102.43807658649153,59.35780290043204,74.37598804786964,0.28205128205128205,43
96,-4.2408376963350785,-71.25,1.1514,270.5573737884863,95.61643162862829,59.162057381294744,64.6723003850015,0.27564102564102566,32
97,-3.298429319371728,-71.25,1.1514,252.20846261440124,97.70627834544604,58.08342972024231,58.46503253076103,0.25824175824175827,36
98,-2.356020942408377,-71.25,1.1514,239.14886206199773,90.8132205365665,57.673705701405574,49.90300432409396,0.2636363636363636,17
99,-1.4136125654450262,-71.25,1.1514,221.71764099693212,91.20143637493439,55.036406389097436,42.25541425109871,0.21818181818181817,17
100,-0.4712041884816754,-71.25,1.1514,184.80689644984,87.63394341483945,49.89698936295425,30.492636892371106,0.21428571428571427,13
101,0.4712041884816754,-71.25,1.1514,136.68527781001657,82.20373346834094,43.990670757015614,19.35875925029412,0.15,8
102,1.4136125654450262,-71.25,1.1514,86.6583172042469,71.12586199053338,38.761442748274284,8.527115179364682,0.0,1
103,-13.664921465968591,-70.0,1.1514,408.23689484455684,73.35277683118399,34.622391685483386,142.13636273994106,0.32,116
104,-12.72251308900524,-70.0,1.1514,305.3826745142603,57.87875307887472,51.72845745466937,56.88071695929199,0.46794871794871795,10
105,-11.780104712041888,-70.0,1.1514,196.79849630809682,85.31874258388996,52.67110884673552,61.062023343622194,0.37083333333333335,9
106,-10.837696335078537,-70.0,1.1514,190.1406743154629,55.88723410820173,48.77549137797534,39.60732686192088,0.4107142857142857,3
107,-9.895287958115185,-70.0,1.1514,207.10977713480375,95.65374826982338,49.10172723263006,68.68553667890299,0.2111111111111111,15
108,-8.952879581151834,-70.0,1.1514,230.5755781696205,57.67382528301361,49.4956395225063,41.99611966936692,0.35,4
109,-8.010471204188482,-70.0,1.1514,248.67668710943838,42.74963848846936,48.2256695559475,32.85883635470803,0.35,3
110,-7.0680628272251305,-70.0,1.1514,264.0555334030167,85.06726551277617,50.27091187596443,68.02096144915785,0.20833333333333334,25
111,-6.12565445026178,-70.0,1.1514,276.03387206584324,101.17251657072879,55.59313517250437,78.61653193399187,0.26282051282051283,45
112,-5.183246073298429,-70.0,1.1514,285.28384250295926,100.71067013477223,59.103419417253974,72.79355318349926,0.24761904761904763,42
113,-4.2408376963350785,-70.0,1.1514,266.31508284847246,86.04565494339782,60.2024141812784,54.206933825998085,0.30303030303030304,26
114,-3.298429319371728,-70.0,1.1514,275.9244109134708,93.46919469664283,60.04158978708579,58.189313098745686,0.2692307692307692,36
115,-2.356020942408377,-70.0,1.1514,267.76544969294963,95.32927909255659,60.810863058651954,54.626365571540575,0.25824175824175827,37
116,-1.4136125654450262,-70.0,1.1514,244.5331952060318,89.98276765728829,57.724801949184574,43.75941460841801,0.24242424242424243,31
117,-0.4712041884816754,-70.0,1.1514,227.94866898319833,87.49139939648695,54.08587046092001,37.4553458894009,0.2222222222222222,18
118,0.4712041884816754,-70.0,1.1514,187.37353397532343,82.13081595010186,47.176811514470145,26.553200182976138,0.21428571428571427,18
119,1.4136125654450262,-70.0,1.1514,137.94699839377913,79.9896206825073,42.7683376421423,15.544700956183652,0.25,6
120,-15.549738219895294,-68.75,1.1514,380.2052749123816,80.12633029990717,19.850382628982413,194.7191391492791,0.2101010101010101,228
121,-14.607329842931941,-68.75,1.1514,386.5488332296371,74.58608863023984,30.84386005734264,138.76924842947685,0.29473684210526313,102
122,-13.664921465968591,-68.75,1.1514,376.3071385075501,85.91768003591203,41.11111864182761,124.79311692325913,0.25691699604743085,71
123,-12.72251308900524,-68.75,1.1514,230.73771358088862,82.82928161019234,45.98949403517671,70.02105421950269,0.3,10
124,-11.780104712041888,-68.75,1.1514,178.72478406260245,46.27102361182774,44.84549338086118,32.695010058454926,0.2909090909090909,2
125,-10.837696335078537,-68.75,1.1514,185.56913790373585,23.575823273550082,42.50529927790603,16.183495423528388,0.3,0
126,-9.895287958115185,-68.75,1.1514,206.70711231117164,65.51531623211334,43.88376537010303,48.320607909969425,0.16666666666666666,2
127,-8.952879581151834,-68.75,1.1514,221.24811900642536,14.040139396504152,43.577547989909945,10.18961726576062,0.3333333333333333,0
128,-8.010471204188482,-68.75,1.1514,241.20859373499934,88.55417557440917,44.91623884359483,66.55355282535832,0.3,17
129,-7.0680628272251305,-68.75,1.1514,261.08771134007077,100.31457752845027,50.345834616642705,76.92264095386594,0.30357142857142855,24
130,-6.12565445026178,-68.75,1.1514,268.92936714896064,100.7062421788676,56.140208311492515,72.74914709747179,0.25,37
131,-5.183246073298429,-68.75,1.1514,278.3278292900147,99.86894725598059,58.403385689236686,69.03315831662954,0.24166666666666667,42
132,-4.2408376963350785,-68.75,1.1514,274.1658176216133,100.6463548381983,60.78337488917201,61.477982926936264,0.24285714285714285,34
133,-3.298429319371728,-68.75,1.1514,271.58125846435655,101.10731155553984,63.937097974780386,59.19398269680981,0.21895424836601307,40
134,-2.356020942408377,-68.75,1.1514,279.8286956472268,100.23455308438196,64.8169053072986,59.16294680786158,0.23529411764705882,47
135,-1.4136125654450262,-68.75,1.1514,272.38328151575575,96.2467553310258,62.259721167513284,52.33720575959958,0.23333333333333334,47
136,-0.4712041884816754,-68.75,1.1514,269.828852213468,94.44027282651014,58.9565865309739,46.39616978363553,0.25,40
137,0.4712041884816754,-68.75,1.1514,248.85779804272244,88.85250979658483,53.42349807282691,36.90075628301628,0.26666666666666666,24
138,1.4136125654450262,-68.75,1.1514,205.26516959889526,85.03224489228131,47.67200093693861,25.30770606917545,0.25,18
139,2.356020942408377,-68.75,1.1514,154.6709424380415,85.37986092205506,42.3260408786472,14.505130973864036,0.3333333333333333,6
140,-16.492146596858646,-67.5,1.1514,368.8387977053693,49.46349878768807,12.737258477563488,82.7179301815269,0.32142857142857145,29
141,-15.549738219895294,-67.5,1.1514,424.16365571939,49.09316085996816,25.146535052857622,87.10848723829746,0.34545454545454546,26
142,-14.607329842931941,-67.5,1.1514,304.4432794616914,74.34087359000965,34.9162945244869,78.28474810093218,0.32575757575757575,13
143,-13.664921465968591,-67.5,1.1514,221.49652654885733,84.83368075938681,39.149043682551145,63.9997600049923,0.3090909090909091,6
144,-12.72251308900524,-67.5,1.1514,189.1304578597473,98.56060159927577,39.123508728147094,69.47564638669994,0.19090909090909092,11
145,-11.780104712041888,-67.5,1.1514,175.03302483056342,96.89607403636971,40.72266377111745,63.15744680744802,0.14285714285714285,8
146,-10.837696335078537,-67.5,1.1514,183.55349196013563,49.448405561772496,40.427237461671886,32.27142258128516,0.25,2
147,-9.895287958115185,-67.5,1.1514,201.62838774933093,6.468081450508584,39.39249773224473,4.32502774765202,0.5,0
148,-8.952879581151834,-67.5,1.1514,215.440480075167,45.663806074825274,39.70367835544063,30.555328978935044,0.0,3
149,-8.010471204188482,-67.5,1.1514,223.88261635837262,98.09960263263724,44.3140860013962,65.76004089944456,0.21428571428571427,24
150,-7.0680628272251305,-67.5,1.1514,238.8139281322736,93.89173703678395,50.52259442452636,62.44122492777194,0.2777777777777778,24
151,-6.12565445026178,-67.5,1.1514,246.23337460118185,100.39067161274029,55.67838919171672,61.754409262763204,0.26515151515151514,24
152,-5.183246073298429,-67.5,1.1514,251.56539543467738,100.47961207350029,58.9828309342231,59.94905842261166,0.26373626373626374,25
153,-4.2408376963350785,-67.5,1.1514,254.62787474788337,100.88156634207299,61.05110044895994,55.50780282127546,0.2692307692307692,23
154,-3.298429319371728,-67.5,1.1514,240.95885701702696,102.59195327531926,65.49277490621989,50.56315371952862,0.24761904761904763,24
155,-2.356020942408377,-67.5,1.1514,233.27394043975906,100.97444845169565,65.27227289653452,51.19458519065589,0.24583333333333332,32
156,-1.4136125654450262,-67.5,1.1514,239.07504733576124,98.80381297197877,63.53615106337022,53.19711798072116,0.20394736842105263,38
157,-0.4712041884816754,-67.5,1.1514,245.29603083633094,97.82562851530847,62.234146582913525,49.77932091323508,0.16863905325443787,46
158,0.4712041884816754,-67.5,1.1514,243.55453305090214,97.48942478469463,59.571670821591674,43.64495970358244,0.20388349514563106,36
159,1.4136125654450262,-67.5,1.1514,239.24385851850622,91.30775014909938,52.76329426800992,36.365532414582454,0.17105263157894737,25
160,2.356020942408377,-67.5,1.1514,202.23311941168458,79.06111859268206,44.860780931413785,22.22956067406162,0.35714285714285715,10
161,-18.376963350785346,-66.25,1.1514,163.69860370199223,81.03488382310073,9.455941969931793,58.99611024038701,0.35,18
162,-17.434554973821996,-66.25,1.1514,237.42933854198952,62.9495430149531,17.265052038532346,51.06334629431234,0.4166666666666667,9
163,-16.492146596858646,-66.25,1.1514,325.0432483367031,89.0259590442715,26.904808663493032,114.24528366028063,0.17424242424242425,33
164,-15.549738219895294,-66.25,1.1514,274.11498110105254,94.43104389604466,32.29006280895129,86.21847699943626,0.18888888888888888,9
165,-14.607329842931941,-66.25,1.1514,215.54245560536728,104.14603864818646,34.51544040086861,70.89672214660177,0.19047619047619047,6
166,-13.664921465968591,-66.25,1.1514,186.98918354687999,70.08629113258858,22.84023514356176,67.72070037064469,0.25,9
167,-12.72251308900524,-66.25,1.1514,174.0326765578021,108.9833224346512,36.752109237801584,67.10085833233403,0.09523809523809523,11
168,-11.780104712041888,-66.25,1.1514,170.00572926725278,102.79531635822359,37.590701037272545,61.095417787322916,0.15,8
169,-10.837696335078537,-66.25,1.1514,173.95372350553032,84.99690720535516,38.965259233204,47.79465344679348,0.25,6
170,-9.895287958115185,-66.25,1.1514,187.34785481661217,66.31644461187588,38.58485306980807,38.46292806772383,0.3333333333333333,3
171,-8.952879581151834,-66.25,1.1514,212.05950741247267,60.74015047809057,39.3640056214088,37.98294678083427,0.15,9
172,-8.010471204188482,-66.25,1.1514,220.06680180006092,92.94160695809464,43.60027196817893,57.35112524015339,0.23809523809523808,17
173,-7.0680628272251305,-66.25,1.1514,238.2970618792129,98.67086226705938,49.85742066872224,61.76503618130459,0.2916666666666667,24
174,-6.12565445026178,-66.25,1.1514,255.87101387231246,101.8289860141347,55.41266846723857,61.80840530644758,0.2545454545454545,24
175,-5.183246073298429,-66.25,1.1514,266.37180108774385,100.90245561030657,58.97288197040697,58.8214123346243,0.2125,33
176,-4.2408376963350785,-66.25,1.1514,257.5209587432057,101.27894473566657,61.61477566503058,53.768391526339286,0.2375,28
177,-3.298429319371728,-66.25,1.1514,230.16373987685245,99.74450926571694,63.22880384478908,45.61099773184406,0.25757575757575757,16
178,-2.356020942408377,-66.25,1.1514,199.43344804304846,101.83458248859287,65.93850154860652,41.551109932348155,0.25,14
179,-1.4136125654450262,-66.25,1.1514,180.16766664346858,99.4422070652945,64.46047258819202,38.88960239777903,0.2564102564102564,16
180,-0.4712041884816754,-66.25,1.1514,160.8012372803487,97.63740591240693,64.9443124052307,33.410423941438665,0.3,9
181,0.4712041884816754,-66.25,1.1514,156.92920330031723,95.25199452256672,62.3834736595591,31.71120778331565,0.25,9
182,1.4136125654450262,-66.25,1.1514,152.9178263997375,87.98376868164053,57.32959780174179,25.09472849045939,0.25,5
183,2.356020942408377,-66.25,1.1514,124.40322302850012,89.98153404143743,51.18078250105016,16.092624551962977,0.4,2
184,-18.376963350785346,-65.0,1.1514,173.3527444815568,94.76955755307112,16.725115689404372,55.337856496830874,0.15,10
185,-17.434554973821996,-65.0,1.1514,197.2323057736431,41.15468028470456,24.78714555331529,30.80686337391581,0.3,3
186,-16.492146596858646,-65.0,1.1514,196.75211011310984,96.6185618472372,27.32756996416535,63.132711706864754,0.2,6
187,-15.549738219895294,-65.0,1.1514,195.77457848040777,79.90812194287935,22.05103504881194,64.81900257703116,0.16666666666666666,5
188,-14.607329842931941,-65.0,1.1514,183.834061529982,88.22167465926958,23.522240689198455,66.61474037616752,0.16666666666666666,6
189,-13.664921465968591,-65.0,1.1514,178.2295043420163,87.77711007388696,24.913662392317423,64.39815208877992,0.16666666666666666,8
190,-12.72251308900524,-65.0,1.1514,171.08922499554862,88.56820687517613,26.583428819558403,60.5698034135505,0.25,9
191,-11.780104712041888,-65.0,1.1514,159.00788380238868,94.30803296290081,35.23715926116132,49.161269938331834,0.15,3
192,-10.837696335078537,-65.0,1.1514,169.66967298772886,61.29926419273247,37.19870062595645,30.988530974634074,0.16666666666666666,2
193,-9.895287958115185,-65.0,1.1514,190.58528839628772,19.061805345168686,36.519751953395826,10.483633245540831,0.0,0
194,-8.952879581151834,-65.0,1.1514,221.92758321472508,44.480126058822854,37.93084982125109,27.841177775670374,0.5,3
195,-8.010471204188482,-65.0,1.1514,239.79969673200628,77.08033143037096,41.58042861925443,51.81815643241773,0.14285714285714285,14
196,-7.0680628272251305,-65.0,1.1514,259.9043802998462,76.61336278081131,46.934386613136894,49.340588279187955,0.24444444444444444,23
197,-6.12565445026178,-65.0,1.1514,279.9930468229078,101.4533362284478,53.75354986248986,64.38871559701843,0.21978021978021978,36
198,-5.183246073298429,-65.0,1.1514,299.0088253014495,80.15504330203244,58.24852350134704,50.16042234014612,0.25,18
199,-4.2408376963350785,-65.0,1.1514,286.71731582415384,78.53315156612233,60.7659404417388,42.95020586541626,0.2564102564102564,17
200,-3.298429319371728,-65.0,1.1514,219.8495753972031,86.09970545939582,63.63442748582281,34.77846748853871,0.2818181818181818,9
201,-2.356020942408377,-65.0,1.1514,178.23423591486795,103.04638741681374,65.55308950722761,33.115308603070254,0.2777777777777778,8
202,-1.4136125654450262,-65.0,1.1514,138.41939720076505,98.26853814835154,64.15284982791324,26.12264721438765,0.28888888888888886,6
203,-0.4712041884816754,-65.0,1.1514,103.29593772042784,99.16768104208094,66.49925354660161,20.98216879506811,0.3181818181818182,5
204,0.4712041884816754,-65.0,1.1514,83.33931587252258,94.21036566750965,62.49860378236479,16.652225108344144,0.34444444444444444,3
205,1.4136125654450262,-65.0,1.1514,63.55144408779489,85.52432738069426,55.94707959703901,10.021271107413275,0.40476190476190477,1
206,-20.261780104712045,-63.75,1.1514,140.1704852334991,16.78717645594369,0.0,6.525442181884179,0.0,0
207,-19.319371727748695,-63.75,1.1514,129.38279308377938,65.63411782752851,20.4223685887857,32.90115085987031,0.0,4
208,-18.376963350785346,-63.75,1.1514,115.88390836989545,76.92116329069792,21.91764568177767,32.28202236291055,0.0,4
209,-17.434554973821996,-63.75,1.1514,122.40404312414809,27.225893206382075,21.040525919938254,12.60164731360091,0.0,0
210,-16.492146596858646,-63.75,1.1514,145.3882797242574,92.11995718762512,20.631880428063173,54.123047069660814,0.0,1
211,-15.549738219895294,-63.75,1.1514,164.3554534252254,96.92358626976038,22.325406272039544,56.083573799546905,0.0,3
212,-14.607329842931941,-63.75,1.1514,171.32245665019607,99.89798882634179,24.167764883608157,59.205450183130495,0.0,3
213,-13.664921465968591,-63.75,1.1514,177.00539755987057,93.29861964572716,24.305778604850545,65.04224586130972,0.16666666666666666,5
214,-12.72251308900524,-63.75,1.1514,166.7018858026074,108.97691604641524,31.05484783585373,60.645648906011374,0.05,6
215,-11.780104712041888,-63.75,1.1514,168.91879507976145,36.21883748536697,32.35068840275676,18.718640506586734,0.16666666666666666,0
216,-10.837696335078537,-63.75,1.1514,183.2856040867071,84.97791885066276,34.23606043860523,43.76233762000196,0.0,3
217,-9.895287958115185,-63.75,1.1514,222.91081634539452,21.78920124587591,34.584669982956385,12.677075860527308,0.0,0
218,-8.952879581151834,-63.75,1.1514,248.37114113505015,6.265064496430899,33.08050223712391,4.3403593823449675,0.0,0
219,-8.010471204188482,-63.75,1.1514,270.4208597129263,28.081948128360416,36.95248648861201,19.99975708279945,0.0,1
220,-7.0680628272251305,-63.75,1.1514,296.1458349274074,57.68147549842818,42.50402648029308,40.134723877814594,0.23809523809523808,11
221,-6.12565445026178,-63.75,1.1514,302.6575015427407,102.24412220227585,51.65295901128652,65.03586947303049,0.21428571428571427,40
222,-5.183246073298429,-63.75,1.1514,328.76215345672716,98.60849458561913,58.02311110932357,63.48411225512167,0.20476190476190476,34
223,-4.2408376963350785,-63.75,1.1514,299.0813527459833,64.10631379349661,58.322453381618736,36.17210149011418,0.3055555555555556,9
224,-3.298429319371728,-63.75,1.1514,227.82880438387156,102.57380889182654,61.02980694057615,41.44584333809828,0.2916666666666667,14
225,-2.356020942408377,-63.75,1.1514,164.40691780691358,99.44728841569037,62.44746583574325,28.34705165314106,0.16666666666666666,9
226,-1.4136125654450262,-63.75,1.1514,124.4430807517711,98.85013681485557,64.88871239553472,20.06237793654976,0.2222222222222222,3
227,-0.4712041884816754,-63.75,1.1514,79.11167783106238,102.27994226316328,66.49722404950954,12.495018844695073,0.3472222222222222,0
228,0.4712041884816754,-63.75,1.1514,48.05136792747688,96.57072825300288,63.67465236367598,7.113409948332594,0.4107142857142857,0
229,1.4136125654450262,-63.75,1.1514,32.442874161880795,78.60378753022991,55.84185644862106,4.09699573990462,0.5,0
230,3.298429319371728,-63.75,1.1514,23.161072813286022,72.78023714085136,40.84946266337907,1.8974615024672659,0.4166666666666667,0
231,-19.319371727748695,-62.5,1.1514,97.4004485767535,43.68044997020463,11.449024612771977,15.488683492079169,0.0,0
232,-18.376963350785346,-62.5,1.1514,93.34545150018609,20.267499167620635,11.629999278489588,9.568078899349121,0.0,0
233,-17.434554973821996,-62.5,1.1514,100.37560423753551,9.094849128522672,9.95253756139071,5.115740041093867,0.0,0
234,-16.492146596858646,-62.5,1.1514,127.98691572131438,70.6585273909992,15.093329050767938,33.30877068582288,0.0,0
235,-15.549738219895294,-62.5,1.1514,154.40022176663484,70.41255652753769,16.46409018226591,41.5061896147596,0.0,1
236,-14.607329842931941,-62.5,1.1514,171.27977722159937,97.13390334422458,20.472249230826996,59.20162607611904,0.16666666666666666,6
237,-13.664921465968591,-62.5,1.1514,179.71880035123917,110.4408849358888,26.70907852209053,63.1615781020856,0.1,8
238,-12.72251308900524,-62.5,1.1514,183.02186524063438,109.46897800574033,30.158439823511813,62.24061592876747,0.047619047619047616,6
239,-11.780104712041888,-62.5,1.1514,192.2299787048538,36.8131516689672,25.80533718715615,23.752941853555384,0.5,0
240,-10.837696335078537,-62.5,1.1514,213.84482817901184,52.15844937972235,28.893754909359117,30.965007866447525,0.0,2
241,-9.895287958115185,-62.5,1.1514,254.45876443678392,1.2574122386244113,28.366716311312306,0.8243071885769899,0.0,0
242,-8.952879581151834,-62.5,1.1514,261.62589626108473,24.50810288965792,30.53734185515505,16.982602773390738,0.0,0
243,-8.010471204188482,-62.5,1.1514,281.1326464306735,33.36346002749158,33.5756598654172,23.304545160998813,0.0,1
244,-7.0680628272251305,-62.5,1.1514,295.87749010626146,12.832053144713294,38.434679050993516,8.442656621485591,0.5,0
245,-6.12565445026178,-62.5,1.1514,313.6714921744018,57.12047394145924,46.623318599472086,36.19571701664397,0.3333333333333333,14
246,-5.183246073298429,-62.5,1.1514,316.5410909623088,106.27459490477362,56.97186380598027,62.637163177818096,0.19230769230769232,27
247,-4.2408376963350785,-62.5,1.1514,300.3300933235606,61.17823000916025,57.881000420247254,31.909012605648794,0.25555555555555554,7
248,-3.298429319371728,-62.5,1.1514,251.3976799048568,101.02947257109707,60.71244088107291,42.10048663815744,0.15384615384615385,16
249,-2.356020942408377,-62.5,1.1514,195.64374474396953,95.4239317662561,61.266137812990614,30.873166363193818,0.2222222222222222,11
250,-1.4136125654450262,-62.5,1.1514,138.98324622161638,78.16686190285385,65.29042056575557,14.584887081740401,0.3,0
251,-0.4712041884816754,-62.5,1.1514,81.92231228430514,98.26060746334446,63.277519289760164,9.585332070662313,0.16666666666666666,0
252,0.4712041884816754,-62.5,1.1514,42.92252366274586,98.24115645354445,64.35315648970183,4.654905397078281,0.5,0
253,1.4136125654450262,-62.5,1.1514,28.33495897840296,82.27762178160683,58.99933052285867,2.4924729071385627,0.6666666666666666,0
254,2.356020942408377,-62.5,1.1514,24.14907493506853,70.95218797783369,48.203938953273024,2.1233324830455067,0.6666666666666666,0
255,3.298429319371728,-62.5,1.1514,14.284226478790796,66.11253724445076,39.1766877583216,1.1653003916357154,0.6666666666666666,0
256,-18.376963350785346,-61.25,1.1514,111.8126834877778,65.72661148743455,9.91889224135435,29.645593035673222,0.0,0
257,-17.434554973821996,-61.25,1.1514,107.3584174702952,48.13096501067392,11.074183068131315,17.98256378650779,0.0,0
258,-16.492146596858646,-61.25,1.1514,124.99715893430589,46.763329035912164,10.98723571431392,22.434794461078972,0.0,0
259,-15.549738219895294,-61.25,1.1514,149.7768177806534,54.35749876704907,13.837531881534602,28.648971607993595,0.0,0
260,-14.607329842931941,-61.25,1.1514,173.62549239175564,95.3470310272151,18.41025754932255,52.39913714502193,0.0,3
261,-13.664921465968591,-61.25,1.1514,195.1159531011902,103.46454554979522,23.63178334644718,59.905625926289915,0.0,6
262,-12.72251308900524,-61.25,1.1514,205.75125147808654,25.778320877076336,25.288198489384953,16.21278493632371,0.0,0
263,-11.780104712041888,-61.25,1.1514,214.70255770466187,17.64107967364117,24.30532545330043,12.136032676959053,0.0,0
264,-10.837696335078537,-61.25,1.1514,220.99455311080322,49.97627154957869,29.97779925660718,28.098436353244185,0.0,3
265,-9.895287958115185,-61.25,1.1514,244.42846513013333,31.57846065712918,30.073863415386068,19.046574597118536,0.0,1
266,-8.952879581151834,-61.25,1.1514,272.0232682617078,41.17452149265393,30.378829407764428,27.436258544484325,0.5,6
267,-8.010471204188482,-61.25,1.1514,279.7481736717759,40.74466087020977,32.90735681580374,26.050609922543494,0.25,8
268,-7.0680628272251305,-61.25,1.1514,297.1303949776209,81.557174410012,39.11224370793527,51.84185382983783,0.21428571428571427,20
269,-6.12565445026178,-61.25,1.1514,307.16442992379143,72.46899864385603,46.8767377035028,43.12287754591556,0.2361111111111111,18
270,-5.183246073298429,-61.25,1.1514,312.8404453007282,74.9380699202361,54.20737740458932,40.806471194637936,0.28888888888888886,11
271,-4.2408376963350785,-61.25,1.1514,310.64350746464083,31.714514380648012,55.195434215618235,15.864937839253539,0.42857142857142855,2
272,-3.298429319371728,-61.25,1.1514,291.58311130307646,41.95780668727691,55.76502404992889,19.268335236160702,0.2619047619047619,3
273,-2.356020942408377,-61.25,1.1514,235.86239303778814,96.7474838174437,58.888800244940775,37.440813830566285,0.15555555555555556,19
274,-1.4136125654450262,-61.25,1.1514,167.32877354703638,80.88389953605022,60.13810657664941,19.211370485478525,0.23333333333333334,3
275,-0.4712041884816754,-61.25,1.1514,98.06398128635763,66.09352141149752,60.67708751939835,6.8302251046092595,0.5,0
276,0.4712041884816754,-61.25,1.1514,49.81217354568627,67.0390108983429,63.13530992453343,2.916273747988378,0.0,0
277,1.4136125654450262,-61.25,1.1514,25.198292695302158,47.25826720840852,61.50145639563898,0.9478811243154422,0.0,0
278,2.356020942408377,-61.25,1.1514,14.532262244394758,9.620885741689614,57.58210251222116,0.10650881827227587,0.0,0
279,3.298429319371728,-61.25,1.1514,4.821982861363008,62.093191231665564,53.8748315439453,0.32597669594363143,0.6666666666666666,0
280,4.2408376963350785,-61.25,1.1514,1.0443483462848606,62.16967284828727,40.70299541070989,0.19334146826096502,0.0,0
281,-15.549738219895294,-60.0,1.1514,153.63857794441202,61.64750258328235,8.82807632649073,35.93597384417134,0.0,0
282,-14.607329842931941,-60.0,1.1514,175.167711542857,55.93264277292385,14.327634520029674,28.352980273148376,0.0,0
283,-13.664921465968591,-60.0,1.1514,200.70873406799726,36.112243786171824,18.700748906673816,21.63711163668701,0.0,0
284,-12.72251308900524,-60.0,1.1514,211.50783034199637,48.29810428671834,22.45811969674768,30.405035520958815,0.16666666666666666,3
285,-11.780104712041888,-60.0,1.1514,220.35644233704414,85.41532635399142,27.10571525983067,54.3147619814641,0.19047619047619047,10
286,-10.837696335078537,-60.0,1.1514,239.643387758963,101.3822836766791,31.067766952090146,61.24751896258044,0.09523809523809523,10
287,-9.895287958115185,-60.0,1.1514,263.4409116373291,47.52960532795442,31.217367988124597,29.208651834427407,0.5,3
288,-8.952879581151834,-60.0,1.1514,291.4921574979586,48.18565699521837,32.33284645467539,31.432151133860305,0.15,9
289,-8.010471204188482,-60.0,1.1514,310.92427774710427,72.03630263737843,35.96007347534171,47.22787722244341,0.1527777777777778,20
290,-7.0680628272251305,-60.0,1.1514,326.0247252985127,20.261651814053884,38.24970231176238,13.219161616511055,0.3333333333333333,0
291,-6.12565445026178,-60.0,1.1514,312.9162208053932,60.431986432410866,43.95211460946115,34.635220888316766,0.3333333333333333,13
292,-5.183246073298429,-60.0,1.1514,304.2892645942334,65.06727365333211,50.25879865451658,32.64438967566286,0.21818181818181817,11
293,-4.2408376963350785,-60.0,1.1514,311.5804339556998,20.375074254521685,51.06997594648919,9.853574196600407,0.43333333333333335,0
294,-3.298429319371728,-60.0,1.1514,327.04660013572067,10.291921625919608,49.85659455463594,5.171975474923859,0.5,0
295,-2.356020942408377,-60.0,1.1514,276.13478200824346,3.806987525688816,51.14453196140739,1.7725007115824496,0.3333333333333333,0
296,-1.4136125654450262,-60.0,1.1514,195.52037010276797,43.92261334260171,55.112491039218824,13.191620505408238,0.3,1
297,-0.4712041884816754,-60.0,1.1514,114.68931988514143,83.83389920165898,58.95460690352968,10.513668478907974,0.16666666666666666,0
298,0.4712041884816754,-60.0,1.1514,56.364348025370056,82.44189285209403,59.45023227008719,3.435728675836081,0.0,0
299,1.4136125654450262,-60.0,1.1514,31.525097302426097,11.737634352670893,50.92045325742853,0.20362606874579098,0.0,0
300,2.356020942408377,-60.0,1.1514,18.909862758634688,44.403675127131464,55.262034028350165,0.2891032120322631,0.0,0
301,3.298429319371728,-60.0,1.1514,9.79582788111307,71.88168932587749,52.32168135001374,0.22047212757769077,0.0,0
302,4.2408376963350785,-60.0,1.1514,16.53362247815189,76.00244543653265,45.898817459158,0.31134069571828993,0.0,0
303,5.183246073298429,-60.0,1.1514,61.00130505949222,78.92719094899537,43.22230211955011,0.6915850297990528,0.0,0
304,-13.664921465968591,-58.75,1.1514,227.75493833526602,94.97960370170723,15.83299081732598,61.76289367736246,0.3,17
305,-12.72251308900524,-58.75,1.1514,223.9955443405317,108.0159040342143,23.318182007933487,66.8978194892392,0.2361111111111111,24
306,-11.780104712041888,-58.75,1.1514,228.17480703229253,73.6293732691364,27.922114029885755,46.35353763587401,0.26785714285714285,5
307,-10.837696335078537,-58.75,1.1514,268.46763162200705,20.355789461754078,28.911377152380847,13.594474794923155,0.35,0
308,-9.895287958115185,-58.75,1.1514,301.9380181279871,9.734218981477174,28.350519015789544,6.653462318602699,0.0,0
309,-8.952879581151834,-58.75,1.1514,327.52071650942406,39.38504166154139,29.991433748266292,27.792815208501878,0.25,9
310,-8.010471204188482,-58.75,1.1514,351.6571456508983,93.7762449503592,36.52126300824565,65.7409203585668,0.19230769230769232,44
311,-7.0680628272251305,-58.75,1.1514,350.45517005519963,31.884213286854763,38.05153304300741,20.1827467503363,0.5,6
312,-6.12565445026178,-58.75,1.1514,331.08976231581266,91.738972963588,44.6116769137932,50.42550681020893,0.1380952380952381,40
313,-5.183246073298429,-58.75,1.1514,321.3285663644433,104.59400972428152,50.333923186063615,51.86455520844396,0.15073529411764705,41
314,-4.2408376963350785,-58.75,1.1514,311.5365628047827,52.77257348102464,49.31091746167117,24.15234039456583,0.23214285714285715,9
315,-3.298429319371728,-58.75,1.1514,329.3737626583588,11.630651851865123,47.329517565445144,5.485222925369947,0.0,0
316,-2.356020942408377,-58.75,1.1514,284.89641615269136,52.333289486412006,47.25820161676332,25.283850395600766,0.25,10
317,-1.4136125654450262,-58.75,1.1514,222.91592701561777,91.79092099457866,52.87610246436221,34.07130120112246,0.14285714285714285,16
318,-0.4712041884816754,-58.75,1.1514,135.976573606107,96.59753286877323,57.3554752823154,17.07019401675641,0.15,3
319,0.4712041884816754,-58.75,1.1514,74.25637513026359,90.57850179210105,55.27673522278814,5.788574712556039,0.0,0
320,-13.664921465968591,-57.5,1.1514,254.06574966911762,97.58694770983612,14.830509464021114,65.64323618269829,0.23809523809523808,23
321,-12.72251308900524,-57.5,1.1514,253.26515968745372,97.64390629894929,22.596798697481923,63.329716970333344,0.20833333333333334,14
322,-11.780104712041888,-57.5,1.1514,263.6301546192159,29.431615355761696,25.245362956143143,19.821965791814808,0.5,0
323,-10.837696335078537,-57.5,1.1514,305.7720518765661,30.73714007441488,26.01587462541001,21.508360059835557,0.5,1
324,-9.895287958115185,-57.5,1.1514,343.81298881797613,4.357195352107973,25.818305336141943,3.088814465202018,0.0,0
325,-8.952879581151834,-57.5,1.1514,354.8590323571244,48.57453099207857,28.954427727002138,34.49960868865859,0.25,9
326,-8.010471204188482,-57.5,1.1514,371.48306920673883,57.67012405871376,35.96643608329802,39.13560947071798,0.2777777777777778,24
327,-7.0680628272251305,-57.5,1.1514,367.79125422562174,94.43721808954228,41.58380211738493,57.96433476490441,0.11397058823529412,38
328,-6.12565445026178,-57.5,1.1514,339.6436890630847,37.144899769587546,43.91005596561087,18.67110656798747,0.30952380952380953,4
329,-5.183246073298429,-57.5,1.1514,323.81774618689377,84.93333509713113,48.876942225055195,37.19177389807046,0.18181818181818182,16
330,-4.2408376963350785,-57.5,1.1514,303.048694326037,67.97984211381383,49.83365539942977,27.10550745047813,0.2222222222222222,12
331,-3.298429319371728,-57.5,1.1514,277.5549194412396,48.85428489564981,48.51540946480068,18.434433238925372,0.3,8
332,-2.356020942408377,-57.5,1.1514,265.61510203681826,78.78664281323772,51.34923280523247,31.35534230576346,0.125,19
333,-1.4136125654450262,-57.5,1.1514,200.4724304148988,99.77982122733583,55.340159083357285,34.00586673906959,0.07142857142857142,16
334,-0.4712041884816754,-57.5,1.1514,125.71661035873115,69.24293578636089,54.81588945203366,13.198611361793422,0.4166666666666667,2
335,0.4712041884816754,-57.5,1.1514,74.03898768029774,60.18452084092484,49.33213532076181,5.544303664033677,0.5,0
336,1.4136125654450262,-57.5,1.1514,51.29401480395048,38.69498561747355,38.114342758494985,1.5991455027340442,0.0,0
337,-13.664921465968591,-56.25,1.1514,275.4757974636926,59.36073000346312,14.073529081761263,37.40821601898405,0.5,3
338,-12.72251308900524,-56.25,1.1514,276.0730061430693,64.93267201701373,19.894055125533367,40.47548767381998,0.16666666666666666,3
339,-11.780104712041888,-56.25,1.1514,297.017158291796,13.804113095037465,22.31852676124832,9.067253747716299,0.5,0
340,-10.837696335078537,-56.25,1.1514,322.84364298961066,32.17602302152228,23.09140148317176,22.159713806076425,0.0,2
341,-9.895287958115185,-56.25,1.1514,344.4242607456264,0.7173847261465596,22.90290230380718,0.49800591058585264,0.0,0
342,-8.952879581151834,-56.25,1.1514,363.7351433810799,80.04489468384281,28.905849651790394,52.876256380394146,0.17857142857142858,23
343,-8.010471204188482,-56.25,1.1514,388.8310460140533,73.59338553700056,36.12497197103942,46.26120425915919,0.2111111111111111,18
344,-7.0680628272251305,-56.25,1.1514,362.11372770893803,45.686729332388644,39.71301285110105,24.6867981694199,0.3194444444444444,12
345,-6.12565445026178,-56.25,1.1514,314.1760232863497,37.94724553835447,41.46037251115391,16.11382629440324,0.2857142857142857,5
346,-5.183246073298429,-56.25,1.1514,284.4133721910054,30.710923866446084,44.586804093324695,10.69859368472447,0.3,0
347,-4.2408376963350785,-56.25,1.1514,252.12318919778892,41.829271858382675,47.16376425123522,12.277674714413353,0.43333333333333335,3
348,-3.298429319371728,-56.25,1.1514,214.22698658392687,50.36419435302175,49.0857494186598,13.138913865200278,0.2857142857142857,4
349,-2.356020942408377,-56.25,1.1514,190.2419532152171,51.10809284456613,53.084196064920604,11.194267139514563,0.25,3
350,-1.4136125654450262,-56.25,1.1514,123.33367799041575,78.43029596411986,54.59864445668589,12.794322939712334,0.35,3
351,-0.4712041884816754,-56.25,1.1514,72.943093246333,65.60816302825233,41.590591322137875,8.049099994588616,0.5,0
352,0.4712041884816754,-56.25,1.1514,54.948962157507324,56.01021055663957,37.96535819348143,4.491910795985004,0.5,0
353,1.4136125654450262,-56.25,1.1514,41.58078844886036,78.66398386316926,46.95469884534898,2.4403643418880954,0.0,0
354,-14.607329842931941,-55.0,1.1514,254.22747093189113,91.40302634556264,9.064266308573579,50.98660802691756,0.5,6
355,-13.664921465968591,-55.0,1.1514,275.22855711664107,101.60975355958114,14.636858093588758,57.64073906631728,0.10714285714285714,15
356,-12.72251308900524,-55.0,1.1514,267.59833329016124,32.79169845158833,18.57720969603422,18.380316182582778,0.5,0
357,-11.780104712041888,-55.0,1.1514,284.19423551420505,3.758864205780076,19.49083666775783,2.3268983503690768,0.5,0
358,-10.837696335078537,-55.0,1.1514,305.87594197092784,3.8647066211608068,20.812142246721173,2.351303634663894,0.0,0
359,-9.895287958115185,-55.0,1.1514,323.2714331757631,7.223347789386854,21.739621990378083,4.219743964096703,0.0,0
360,-8.952879581151834,-55.0,1.1514,348.7877461841172,65.80174497489561,27.320079445312082,35.49910748444813,0.26666666666666666,15
361,-8.010471204188482,-55.0,1.1514,369.13418615477485,17.708856629420396,32.79365210427145,8.89166661671764,0.3333333333333333,0
362,-7.0680628272251305,-55.0,1.1514,338.48239326518876,29.036784493178267,35.288763854470936,12.596538347912084,0.3333333333333333,3
363,-6.12565445026178,-55.0,1.1514,289.7997587690823,46.970888899265525,38.67486509857876,16.634463278200716,0.30357142857142855,4
364,-5.183246073298429,-55.0,1.1514,257.762508587781,48.900712907952155,40.2225837645687,14.454244592703477,0.2,3
365,-4.2408376963350785,-55.0,1.1514,215.5133315553928,15.01500393471766,41.00745600941739,3.3751710067770766,0.3333333333333333,0
366,-3.298429319371728,-55.0,1.1514,157.11492111606452,16.60589615069401,46.83729023681495,2.4455142088908692,0.4,0
367,-2.356020942408377,-55.0,1.1514,124.68038885544718,27.242984614287483,50.061384299495046,2.712379186376352,0.23333333333333334,0
368,-1.4136125654450262,-55.0,1.1514,67.70999080653922,36.41998121696227,36.84101646950366,3.0492068393385887,0.3333333333333333,0
369,-0.4712041884816754,-55.0,1.1514,51.524398929916444,48.96410666750482,29.13283161586636,3.5072432770672597,0.5,0
370,0.4712041884816754,-55.0,1.1514,51.139422618532336,43.53790348313681,27.455364788359283,2.626856335918054,0.0,0
371,1.4136125654450262,-55.0,1.1514,49.76576490615197,61.403924158717906,37.002244270658906,2.0159986471211147,0.0,0
372,2.356020942408377,-55.0,1.1514,53.16042143980869,43.16777327305147,28.880299001054187,0.9759256776073234,0.0,0
373,-14.607329842931941,-53.75,1.1514,243.1264350613799,109.84748596411733,8.68057245586949,51.41403068057761,0.16666666666666666,8
374,-13.664921465968591,-53.75,1.1514,246.83804486826477,101.7992392264509,14.747364071816646,47.17520003132405,0.13333333333333333,6
375,-12.72251308900524,-53.75,1.1514,247.01978477433968,45.139447427123635,17.72920188502206,21.709567870383182,0.16666666666666666,3
376,-11.780104712041888,-53.75,1.1514,260.56795363945497,62.2302268346434,19.6058831353183,30.610398475988184,0.08333333333333333,4
377,-10.837696335078537,-53.75,1.1514,282.45151027965295,29.734090566707536,20.771640078335494,14.08182360647825,0.0,0
378,-9.895287958115185,-53.75,1.1514,298.25150217604846,27.754977158236287,21.792619218314293,12.381464298294894,0.0,1
379,-8.952879581151834,-53.75,1.1514,323.09734312695315,86.34902228361527,27.719438030048625,35.60303446550983,0.30357142857142855,28
380,-8.010471204188482,-53.75,1.1514,353.2652482035968,99.8435836074745,33.952063377468356,41.04452877165423,0.15151515151515152,27
381,-7.0680628272251305,-53.75,1.1514,335.76672521271263,52.16154350657497,35.197215465946314,17.867947215595574,0.18055555555555555,8
382,-6.12565445026178,-53.75,1.1514,294.51290234891604,31.534967196943708,36.56908536291078,8.968520615552787,0.23214285714285715,3
383,-5.183246073298429,-53.75,1.1514,255.9199418956128,15.731597705878716,36.59042323965859,3.766694808004854,0.3333333333333333,0
384,-4.2408376963350785,-53.75,1.1514,197.66775462627987,24.463626625910674,38.88752351162873,3.9027978695973173,0.16666666666666666,0
385,-3.298429319371728,-53.75,1.1514,146.05685049367847,3.3871151513002364,41.08205551967327,0.37602061013045146,0.5,0
386,-2.356020942408377,-53.75,1.1514,89.02718224927685,34.22615457185228,41.71170672491481,2.112283227132436,0.5,0
387,-1.4136125654450262,-53.75,1.1514,60.94596098490445,23.09688942867625,35.25756211816811,1.1128643648432304,0.0,0
388,-0.4712041884816754,-53.75,1.1514,51.50974851374076,37.515903135582164,28.906369232396646,1.697254596794024,0.0,0
389,0.4712041884816754,-53.75,1.1514,49.9873770179866,33.233975176433205,27.713092849970113,0.9934492756836549,0.0,0
390,1.4136125654450262,-53.75,1.1514,56.393399328709236,24.06601858483244,30.56847191699087,0.4476201035344898,0.0,0
391,2.356020942408377,-53.75,1.1514,60.99274914674854,32.914627664198086,29.330147126314394,0.46185074427123746,0.0,0
392,-13.664921465968591,-52.5,1.1514,241.24649119770598,98.98917490202221,11.074724082698092,46.90557389066646,0.0,5
393,-12.72251308900524,-52.5,1.1514,244.47664359131775,61.610307300690984,15.847096854309685,25.56780068576232,0.0,3
394,-11.780104712041888,-52.5,1.1514,259.8244125159207,78.88930480525173,18.68816426485235,30.364604091671083,0.0,3
395,-10.837696335078537,-52.5,1.1514,274.05013684051346,60.98947744723088,20.453375369139742,20.670273861364812,0.0,3
396,-9.895287958115185,-52.5,1.1514,277.9949460469803,73.24834687642458,23.07232765830688,21.815597936430127,0.16666666666666666,5
397,-8.952879581151834,-52.5,1.1514,312.06901954043997,97.54135596858852,28.401219317082173,28.955136293650483,0.21428571428571427,13
398,-8.010471204188482,-52.5,1.1514,349.5598276801568,82.46719384721453,34.154543111510655,23.957777491254834,0.3333333333333333,7
399,-7.0680628272251305,-52.5,1.1514,340.4303001190263,24.719138290498886,35.031100464678566,5.554580331269114,0.35,0
400,-6.12565445026178,-52.5,1.1514,311.6833047790911,14.091344998036226,33.59303187287879,2.839996177395288,0.5,0
401,-5.183246073298429,-52.5,1.1514,275.24401798592106,60.10210360488071,35.12991377771991,11.306169859025808,0.16666666666666666,6
402,-4.2408376963350785,-52.5,1.1514,228.05233456077661,45.02153940180201,37.71011564729643,6.352794003878602,0.16666666666666666,0
403,-3.298429319371728,-52.5,1.1514,175.94180732305452,8.634387475135837,37.2917582943774,0.8184842064337392,0.0,0
404,-2.356020942408377,-52.5,1.1514,108.62024627899359,60.43030846547953,40.748535169377284,2.4021083210957968,0.0,0
405,-1.4136125654450262,-52.5,1.1514,71.87691978005125,11.902260570920891,40.540680445226684,0.2320655467917138,0.0,0
406,-0.4712041884816754,-52.5,1.1514,60.75115613621269,32.64461026125435,31.427129257107616,0.7121698490728252,0.0,0
407,0.4712041884816754,-52.5,1.1514,65.89927823710578,30.036551929674914,31.736693606573862,0.5085695159736789,0.0,0
408,-8.952879581151834,-51.25,1.1514,308.0045104298833,13.663818728492844,23.63937569969615,2.495176437685281,0.5,0
409,-8.010471204188482,-51.25,1.1514,348.47720022158995,44.16865326580326,29.02529117762051,7.143716562855902,0.45,3
410,-7.0680628272251305,-51.25,1.1514,361.7653492178592,30.38965964114278,31.634407309943274,3.396566327414256,0.45,1
411,-5.183246073298429,-51.25,1.1514,329.2882540863925,47.54903790833763,31.399899176332063,5.647550266927129,0.3333333333333333,2
412,-4.2408376963350785,-51.25,1.1514,289.9137091317523,24.2334241856051,35.21834222828017,2.8653564747108398,0.5,0
413,-3.298429319371728,-51.25,1.1514,216.91858493934558,1.4519771154257766,38.644778673664995,0.1046103138017297,0.0,0
414,-2.356020942408377,-51.25,1.1514,145.01492542553152,18.303954581197424,40.55886932912942,0.42375376246607477,0.0,0
415,-3.298429319371728,-50.0,1.1514,250.79556309662865,5.716331548836774,34.52468841487054,0.22083119067113208,0.0,0
0,-6.12565445026178,-78.75,3.112,180.82201018217302,39.33441370725911,18.175787980326618,38.92971097625946,0.0,0
1,-5.183246073298429,-78.75,3.112,195.82785678016424,65.31539114460026,22.957172005682448,62.90487776204961,0.0,5
2,-4.2408376963350785,-78.75,3.112,211.34875129152775,53.706198990359795,23.853288726927072,53.44103112382186,0.0,1
3,-3.298429319371728,-78.75,3.112,211.13617141056437,39.26467719399097,21.086598506820582,39.3811200718016,0.0,1
4,-2.356020942408377,-78.75,3.112,226.52859379218376,77.06186336145038,23.127555788272677,79.26919438004518,0.0,4
5,-1.4136125654450262,-78.75,3.112,233.7350915541968,69.52293532696785,22.26591670177962,63.82066471420345,0.0,2
6,-8.952879581151834,-77.5,3.112,196.13151355939468,73.1586230803143,24.888455072089922,113.12910163346722,0.16666666666666666,6
7,-8.010471204188482,-77.5,3.112,159.07730023081496,65.25139302049163,25.10246431946649,71.61363005591137,0.5,2
8,-7.0680628272251305,-77.5,3.112,156.84432680773466,56.057237609678936,27.25650206320762,54.15395044993579,0.16666666666666666,0
9,-6.12565445026178,-77.5,3.112,177.47583827119638,38.980570487407775,26.15230353031461,34.47472084820485,0.0,0
10,-5.183246073298429,-77.5,3.112,225.6118802677872,72.90701516424508,27.29752645217496,53.19719451588792,0.0,0
11,-4.2408376963350785,-77.5,3.112,219.3368133647682,95.74118739554757,31.832379647628688,63.226824183544025,0.0,1
12,-3.298429319371728,-77.5,3.112,225.5795904713337,47.68658351736988,28.554666326792063,29.409602178612083,0.0,0
13,-2.356020942408377,-77.5,3.112,242.17022934729997,56.621824448221986,27.0200629915756,37.74562046888087,0.0,0
14,-1.4136125654450262,-77.5,3.112,250.3039652015429,38.44163944959966,22.44084537278125,29.68216929036746,0.0,0
15,-0.4712041884816754,-77.5,3.112,231.25888032705842,43.833903302787505,16.931260719544497,36.44854981721354,0.0,0
16,0.4712041884816754,-77.5,3.112,184.90039422827513,48.42321535302115,16.605091664179252,30.413072294044415,0.0,2
17,-10.837696335078537,-76.25,3.112,218.88569232528056,61.22618882454472,18.61955293659091,138.93039301805396,0.25,12
18,-9.895287958115185,-76.25,3.112,260.202973580472,57.53427074192268,23.481741641509963,115.58020052267923,0.4166666666666667,6
19,-8.952879581151834,-76.25,3.112,291.2019780994842,39.039132788625416,29.168644514681542,68.74977253369528,0.5,0
20,-8.010471204188482,-76.25,3.112,212.4756822208258,75.2010336501192,37.68994643157863,69.06479656518599,0.25,0
21,-7.0680628272251305,-76.25,3.112,174.31191908570577,69.97885360906322,40.329241349014175,45.733260229878866,0.5,0
22,-6.12565445026178,-76.25,3.112,189.15208408875733,46.64201742874838,39.322591820495575,31.820111935579387,0.0,0
23,-5.183246073298429,-76.25,3.112,216.05976524619035,99.03241037278427,42.416393323362264,74.30878905682778,0.0,3
24,-4.2408376963350785,-76.25,3.112,198.8412955796257,106.45373455219031,43.3691068401331,68.06836784582765,0.0,1
25,-3.298429319371728,-76.25,3.112,192.7467627568807,102.73720243497232,40.412034672113876,53.67913892304144,0.0,1
26,-2.356020942408377,-76.25,3.112,185.75360744412006,101.48297336144725,38.05046650017722,44.18930932316765,0.0,1
27,-1.4136125654450262,-76.25,3.112,170.9678404757367,97.84928408241122,35.84842105617334,36.27080379585627,0.0,1
28,-0.4712041884816754,-76.25,3.112,161.16016055608603,72.67724870857992,32.33981745881792,22.246176643793973,0.0,0
29,0.4712041884816754,-76.25,3.112,183.8165444473608,68.56596477050726,25.224225356418483,19.903208154961376,0.0,0
30,1.4136125654450262,-76.25,3.112,142.72450055826948,9.755466176755663,15.679989943708708,1.8266192638543688,0.0,0
31,-13.664921465968591,-75.0,3.112,171.46131685455902,72.1835666792148,33.379942470283986,77.92388045756414,0.0,4
32,-12.72251308900524,-75.0,3.112,194.9144268583961,55.32636491279519,28.650004406530712,124.39075192492733,0.15,18
33,-11.780104712041888,-75.0,3.112,276.0448533182222,52.35238639181027,23.39366868628293,130.68487857231148,0.3,9
34,-10.837696335078537,-75.0,3.112,362.80434484380504,48.697138732104094,30.779198047050187,96.18946702473389,0.5,4
35,-9.895287958115185,-75.0,3.112,278.93288967882125,71.52223304708559,40.98557115514198,80.42315844893999,0.3,0
36,-8.952879581151834,-75.0,3.112,215.85540472061064,44.61206188170941,49.98060920519744,33.863817856102166,0.5,0
37,-8.010471204188482,-75.0,3.112,181.98049872948968,75.71741369216174,50.62250293728287,50.245150733878624,0.0,0
38,-7.0680628272251305,-75.0,3.112,182.23544124472224,98.82321771139497,51.729129569788505,65.77555095980183,0.0,3
39,-6.12565445026178,-75.0,3.112,201.40615171906217,97.42606200763399,52.28624916174779,69.85001942835756,0.0,1
40,-5.183246073298429,-75.0,3.112,213.618840816837,95.95664905962798,50.3501869115893,75.14538821627046,0.0,1
41,-4.2408376963350785,-75.0,3.112,228.9947449359385,97.02317771386275,49.573550524746224,73.44246631537757,0.0,1
42,-3.298429319371728,-75.0,3.112,229.27871381871816,97.22741330495535,46.02451491422901,62.127808240684985,0.0,1
43,-2.356020942408377,-75.0,3.112,208.29896260378393,93.90390390826705,42.71629740328155,48.28549077421546,0.0,1
44,-1.4136125654450262,-75.0,3.112,182.49582414947994,89.91006397378169,38.21299154720747,38.87666873098931,0.0,0
45,-0.4712041884816754,-75.0,3.112,123.26765609316246,87.41893332658172,35.53885491182975,24.97360679222971,0.0,0
46,0.4712041884816754,-75.0,3.112,76.13587517020585,90.45388286887618,31.83076561629189,12.164953117506204,0.0,0
47,1.4136125654450262,-75.0,3.112,68.86424608603366,33.04092305230828,22.625366677938395,2.6253032228395607,0.0,0
48,2.356020942408377,-75.0,3.112,77.49909241456538,5.909086908291613,14.281223079174424,0.3624719962584363,0.0,0
49,-14.607329842931941,-73.75,3.112,195.6494940081357,69.23849284445168,35.780917236670504,81.20049037909035,0.5,6
50,-13.664921465968591,-73.75,3.112,200.86232005115363,52.958966361826484,36.63641554474488,88.91957138202412,0.36666666666666664,6
51,-12.72251308900524,-73.75,3.112,355.50933883591887,68.22047536795333,44.19183755953828,131.1238983722711,0.2619047619047619,10
52,-11.780104712041888,-73.75,3.112,305.2792921497209,82.38833493224837,52.85399998422438,130.86644087676856,0.23333333333333334,6
53,-10.837696335078537,-73.75,3.112,236.87102596143015,89.78914588274252,56.590589374426735,75.52137201530964,0.4166666666666667,3
54,-9.895287958115185,-73.75,3.112,222.70303545417866,96.67106504938864,58.534624510741736,77.73611481409256,0.25,3
55,-8.952879581151834,-73.75,3.112,216.3489353883699,91.99681704471536,58.440957519395525,74.07496419852774,0.0,3
56,-8.010471204188482,-73.75,3.112,218.64860899624313,80.20002578544678,55.94644687741011,65.86017989828585,0.0,1
57,-7.0680628272251305,-73.75,3.112,231.64540229660946,88.03506326690409,55.209186809066516,75.23245219025596,0.0,3
58,-6.12565445026178,-73.75,3.112,245.70465021954314,100.63518635471823,55.52306144625599,85.01324476223422,0.0,3
59,-5.183246073298429,-73.75,3.112,248.63604513409345,94.75631995384714,56.99852256398909,75.0613577771444,0.0,1
60,-4.2408376963350785,-73.75,3.112,257.4874105612351,99.18413210585194,56.305614486341064,70.7678358370257,0.0,1
61,-3.298429319371728,-73.75,3.112,242.45447403691819,98.89654615099614,53.35078838385156,58.619045042858275,0.0,1
62,-2.356020942408377,-73.75,3.112,214.18439426937468,98.26167863566347,50.49080975711903,45.33928000093596,0.0,1
63,-1.4136125654450262,-73.75,3.112,182.98057067581166,80.20686572052742,44.57393756184095,31.688969866206513,0.0,0
64,-0.4712041884816754,-73.75,3.112,137.3852827372577,87.22391444134581,39.033647969982184,24.41151965538596,0.0,0
65,0.4712041884816754,-73.75,3.112,87.26230591318823,86.26795228875591,34.21206887408472,12.888340990777646,0.0,0
66,1.4136125654450262,-73.75,3.112,44.523680906605364,84.23881930084909,29.705260736836536,4.0456317451596515,0.0,0
67,-14.607329842931941,-72.5,3.112,253.76000881122408,58.558388559715034,26.921549469198947,229.3803334132256,0.22727272727272727,53
68,-13.664921465968591,-72.5,3.112,304.0564447459674,56.91965331942627,36.878484609656894,136.19958015277305,0.3333333333333333,14
69,-12.72251308900524,-72.5,3.112,401.54791906993825,72.93965594946786,54.332327978339634,127.3032682787184,0.38095238095238093,8
70,-11.780104712041888,-72.5,3.112,285.16485203707697,97.45429279998189,60.38650581624556,89.56456848217323,0.4,3
71,-10.837696335078537,-72.5,3.112,211.48424889700084,104.16837123331365,60.275835761730036,77.60317634175041,0.25,3
72,-9.895287958115185,-72.5,3.112,225.1011203202189,103.81702213548124,59.173728345452446,90.43516401716893,0.0,3
73,-8.952879581151834,-72.5,3.112,228.81214069105818,97.6643060654538,57.17492414760651,82.03708691806972,0.0,2
74,-8.010471204188482,-72.5,3.112,241.0320839915898,40.87962623397158,54.74893376827075,33.7408492777849,0.0,0
75,-7.0680628272251305,-72.5,3.112,257.3469253045119,63.400930045528966,53.854421143383036,51.470014984738384,0.0,0
76,-6.12565445026178,-72.5,3.112,269.0388421192152,102.8134553824665,56.42764464519873,82.70393063512526,0.5,6
77,-5.183246073298429,-72.5,3.112,284.5702955599294,101.3782494401699,58.585925939505366,82.00033048397825,0.08333333333333333,7
78,-4.2408376963350785,-72.5,3.112,279.2866730476428,88.69929503588637,57.54062435588815,65.26054165632087,0.0,1
79,-3.298429319371728,-72.5,3.112,253.14352770386904,97.7889982253791,57.921514991740565,60.580971268077576,0.0,1
80,-2.356020942408377,-72.5,3.112,236.3876836028088,90.94272606518714,55.122390972517984,49.40073920042915,0.0,1
81,-1.4136125654450262,-72.5,3.112,208.0019039228541,91.52221796617326,51.165781447835215,39.965355646189195,0.0,1
82,-0.4712041884816754,-72.5,3.112,160.44736819894848,86.97806035754334,45.87043968435216,27.051031686860288,0.0,0
83,0.4712041884816754,-72.5,3.112,107.24085026205574,83.04114911351817,39.962920168843695,15.174769612037345,0.0,0
84,1.4136125654450262,-72.5,3.112,63.817105691316684,81.4275024694799,34.288188481299926,5.982018897006617,0.0,0
85,-14.607329842931941,-71.25,3.112,249.26279467194692,48.03590649071839,20.837405309027865,210.3108759526289,0.23076923076923078,45
86,-13.664921465968591,-71.25,3.112,372.16505783395894,74.71960004823723,39.76857590455717,178.94664739271084,0.2638888888888889,22
87,-12.72251308900524,-71.25,3.112,385.7273129115278,64.40509447070453,51.8200943591652,99.29713706809477,0.35714285714285715,3
88,-11.780104712041888,-71.25,3.112,240.41652912276695,103.45315657595503,58.2077677768714,79.69025281981942,0.25,1
89,-10.837696335078537,-71.25,3.112,202.50344735540142,104.54016466215992,56.220856377373295,80.46168777920259,0.0,3
90,-9.895287958115185,-71.25,3.112,217.5924358089926,103.5438432053202,55.57318461752061,80.6105706324044,0.0,3
91,-8.952879581151834,-71.25,3.112,242.42995662512527,82.52874907697141,53.225151902241976,65.58479347153701,0.0,1
92,-8.010471204188482,-71.25,3.112,257.189897139283,23.996330438126108,49.93504170388361,19.307268698223492,0.0,0
93,-7.0680628272251305,-71.25,3.112,258.2816330742991,78.69655032127827,50.814556653677776,62.50475431750479,0.0,1
94,-6.12565445026178,-71.25,3.112,272.361128358671,99.16279713823907,55.06845558580152,77.49991599259053,0.0,3
95,-5.183246073298429,-71.25,3.112,283.1764188211629,102.43807658649153,59.35780290043204,74.37598804786964,0.08333333333333333,3
96,-4.2408376963350785,-71.25,3.112,270.5573737884863,95.61643162862829,59.162057381294744,64.6723003850015,0.0,1
97,-3.298429319371728,-71.25,3.112,252.20846261440124,97.70627834544604,58.08342972024231,58.46503253076103,0.0,1
98,-2.356020942408377,-71.25,3.112,239.14886206199773,90.8132205365665,57.673705701405574,49.90300432409396,0.0,1
99,-1.4136125654450262,-71.25,3.112,221.71764099693212,91.20143637493439,55.036406389097436,42.25541425109871,0.0,1
100,-0.4712041884816754,-71.25,3.112,184.80689644984,87.63394341483945,49.89698936295425,30.492636892371106,0.0,0
101,0.4712041884816754,-71.25,3.112,136.68527781001657,82.20373346834094,43.990670757015614,19.35875925029412,0.0,0
102,1.4136125654450262,-71.25,3.112,86.6583172042469,71.12586199053338,38.761442748274284,8.527115179364682,0.0,0
103,-13.664921465968591,-70.0,3.112,408.23689484455684,73.35277683118399,34.622391685483386,142.13636273994106,0.36666666666666664,7
104,-12.72251308900524,-70.0,3.112,305.3826745142603,57.87875307887472,51.72845745466937,56.88071695929199,0.25,0
105,-11.780104712041888,-70.0,3.112,196.79849630809682,85.31874258388996,52.67110884673552,61.062023343622194,0.0,0
106,-10.837696335078537,-70.0,3.112,190.1406743154629,55.88723410820173,48.77549137797534,39.60732686192088,0.0,0
107,-9.895287958115185,-70.0,3.112,207.10977713480375,95.65374826982338,49.10172723263006,68.68553667890299,0.0,2
108,-8.952879581151834,-70.0,3.112,230.5755781696205,57.67382528301361,49.4956395225063,41.99611966936692,0.0,0
109,-8.010471204188482,-70.0,3.112,248.67668710943838,42.74963848846936,48.2256695559475,32.85883635470803,0.0,0
110,-7.0680628272251305,-70.0,3.112,264.0555334030167,85.06726551277617,50.27091187596443,68.02096144915785,0.0,1
111,-6.12565445026178,-70.0,3.112,276.03387206584324,101.17251657072879,55.59313517250437,78.61653193399187,0.0,3
112,-5.183246073298429,-70.0,3.112,285.28384250295926,100.71067013477223,59.103419417253974,72.79355318349926,0.0,5
113,-4.2408376963350785,-70.0,3.112,266.31508284847246,86.04565494339782,60.2024141812784,54.206933825998085,0.0,1
114,-3.298429319371728,-70.0,3.112,275.9244109134708,93.46919469664283,60.04158978708579,58.189313098745686,0.0,3
115,-2.356020942408377,-70.0,3.112,267.76544969294963,95.32927909255659,60.810863058651954,54.626365571540575,0.0,1
116,-1.4136125654450262,-70.0,3.112,244.5331952060318,89.98276765728829,57.724801949184574,43.75941460841801,0.0,1
117,-0.4712041884816754,-70.0,3.112,227.94866898319833,87.49139939648695,54.08587046092001,37.4553458894009,0.0,1
118,0.4712041884816754,-70.0,3.112,187.37353397532343,82.13081595010186,47.176811514470145,26.553200182976138,0.0,0
119,1.4136125654450262,-70.0,3.112,137.94699839377913,79.9896206825073,42.7683376421423,15.544700956183652,0.0,0
120,-15.549738219895294,-68.75,3.112,380.2052749123816,80.12633029990717,19.850382628982413,194.7191391492791,0.05357142857142857,16
121,-14.607329842931941,-68.75,3.112,386.5488332296371,74.58608863023984,30.84386005734264,138.76924842947685,0.16666666666666666,3
122,-13.664921465968591,-68.75,3.112,376.3071385075501,85.91768003591203,41.11111864182761,124.79311692325913,0.3333333333333333,2
123,-12.72251308900524,-68.75,3.112,230.73771358088862,82.82928161019234,45.98949403517671,70.02105421950269,0.5,0
124,-11.780104712041888,-68.75,3.112,178.72478406260245,46.27102361182774,44.84549338086118,32.695010058454926,0.0,0
125,-10.837696335078537,-68.75,3.112,185.56913790373585,23.575823273550082,42.50529927790603,16.183495423528388,0.0,0
126,-9.895287958115185,-68.75,3.112,206.70711231117164,65.51531623211334,43.88376537010303,48.320607909969425,0.0,0
127,-8.952879581151834,-68.75,3.112,221.24811900642536,14.040139396504152,43.577547989909945,10.18961726576062,0.0,0
128,-8.010471204188482,-68.75,3.112,241.20859373499934,88.55417557440917,44.91623884359483,66.55355282535832,0.0,1
129,-7.0680628272251305,-68.75,3.112,261.08771134007077,100.31457752845027,50.345834616642705,76.92264095386594,0.0,5
130,-6.12565445026178,-68.75,3.112,268.92936714896064,100.7062421788676,56.140208311492515,72.74914709747179,0.0,3
131,-5.183246073298429,-68.75,3.112,278.3278292900147,99.86894725598059,58.403385689236686,69.03315831662954,0.0,5
132,-4.2408376963350785,-68.75,3.112,274.1658176216133,100.6463548381983,60.78337488917201,61.477982926936264,0.0,1
133,-3.298429319371728,-68.75,3.112,271.58125846435655,101.10731155553984,63.937097974780386,59.19398269680981,0.0,3
134,-2.356020942408377,-68.75,3.112,279.8286956472268,100.23455308438196,64.8169053072986,59.16294680786158,0.0,3
135,-1.4136125654450262,-68.75,3.112,272.38328151575575,96.2467553310258,62.259721167513284,52.33720575959958,0.0,3
136,-0.4712041884816754,-68.75,3.112,269.828852213468,94.44027282651014,58.9565865309739,46.39616978363553,0.0,1
137,0.4712041884816754,-68.75,3.112,248.85779804272244,88.85250979658483,53.42349807282691,36.90075628301628,0.0,1
138,1.4136125654450262,-68.75,3.112,205.26516959889526,85.03224489228131,47.67200093693861,25.30770606917545,0.0,1
139,2.356020942408377,-68.75,3.112,154.6709424380415,85.37986092205506,42.3260408786472,14.505130973864036,0.0,0
140,-16.492146596858646,-67.5,3.112,368.8387977053693,49.46349878768807,12.737258477563488,82.7179301815269,0.0,3
141,-15.549738219895294,-67.5,3.112,424.16365571939,49.09316085996816,25.146535052857622,87.10848723829746,0.16666666666666666,2
142,-14.607329842931941,-67.5,3.112,304.4432794616914,74.34087359000965,34.9162945244869,78.28474810093218,0.5,0
143,-13.664921465968591,-67.5,3.112,221.49652654885733,84.83368075938681,39.149043682551145,63.9997600049923,0.0,0
144,-12.72251308900524,-67.5,3.112,189.1304578597473,98.56060159927577,39.123508728147094,69.47564638669994,0.0,0
145,-11.780104712041888,-67.5,3.112,175.03302483056342,96.89607403636971,40.72266377111745,63.15744680744802,0.0,0
146,-10.837696335078537,-67.5,3.112,183.55349196013563,49.448405561772496,40.427237461671886,32.27142258128516,0.0,0
147,-9.895287958115185,-67.5,3.112,201.62838774933093,6.468081450508584,39.39249773224473,4.32502774765202,0.0,0
148,-8.952879581151834,-67.5,3.112,215.440480075167,45.663806074825274,39.70367835544063,30.555328978935044,0.0,0
149,-8.010471204188482,-67.5,3.112,223.88261635837262,98.09960263263724,44.3140860013962,65.76004089944456,0.0,1
150,-7.0680628272251305,-67.5,3.112,238.8139281322736,93.89173703678395,50.52259442452636,62.44122492777194,0.0,1
151,-6.12565445026178,-67.5,3.112,246.23337460118185,100.39067161274029,55.67838919171672,61.754409262763204,0.0,1
152,-5.183246073298429,-67.5,3.112,251.56539543467738,100.47961207350029,58.9828309342231,59.94905842261166,0.0,1
153,-4.2408376963350785,-67.5,3.112,254.62787474788337,100.88156634207299,61.05110044895994,55.50780282127546,0.0,1
154,-3.298429319371728,-67.5,3.112,240.95885701702696,102.59195327531926,65.49277490621989,50.56315371952862,0.0,1
155,-2.356020942408377,-67.5,3.112,233.27394043975906,100.97444845169565,65.27227289653452,51.19458519065589,0.0,3
156,-1.4136125654450262,-67.5,3.112,239.07504733576124,98.80381297197877,63.53615106337022,53.19711798072116,0.0,2
157,-0.4712041884816754,-67.5,3.112,245.29603083633094,97.82562851530847,62.234146582913525,49.77932091323508,0.0,2
158,0.4712041884816754,-67.5,3.112,243.55453305090214,97.48942478469463,59.571670821591674,43.64495970358244,0.0,3
159,1.4136125654450262,-67.5,3.112,239.24385851850622,91.30775014909938,52.76329426800992,36.365532414582454,0.0,3
160,2.356020942408377,-67.5,3.112,202.23311941168458,79.06111859268206,44.860780931413785,22.22956067406162,0.0,3
161,-18.376963350785346,-66.25,3.112,163.69860370199223,81.03488382310073,9.455941969931793,58.99611024038701,0.0,3
162,-17.434554973821996,-66.25,3.112,237.42933854198952,62.9495430149531,17.265052038532346,51.06334629431234,0.0,3
163,-16.492146596858646,-66.25,3.112,325.0432483367031,89.0259590442715,26.904808663493032,114.24528366028063,0.0,2
164,-15.549738219895294,-66.25,3.112,274.11498110105254,94.43104389604466,32.29006280895129,86.21847699943626,0.0,0
165,-14.607329842931941,-66.25,3.112,215.54245560536728,104.14603864818646,34.51544040086861,70.89672214660177,0.0,0
166,-13.664921465968591,-66.25,3.112,186.98918354687999,70.08629113258858,22.84023514356176,67.72070037064469,0.0,0
167,-12.72251308900524,-66.25,3.112,174.0326765578021,108.9833224346512,36.752109237801584,67.10085833233403,0.0,0
168,-11.780104712041888,-66.25,3.112,170.00572926725278,102.79531635822359,37.590701037272545,61.095417787322916,0.0,0
169,-10.837696335078537,-66.25,3.112,173.95372350553032,84.99690720535516,38.965259233204,47.79465344679348,0.0,0
170,-9.895287958115185,-66.25,3.112,187.34785481661217,66.31644461187588,38.58485306980807,38.46292806772383,0.0,0
171,-8.952879581151834,-66.25,3.112,212.05950741247267,60.74015047809057,39.3640056214088,37.98294678083427,0.0,0
172,-8.010471204188482,-66.25,3.112,220.06680180006092,92.94160695809464,43.60027196817893,57.35112524015339,0.0,1
173,-7.0680628272251305,-66.25,3.112,238.2970618792129,98.67086226705938,49.85742066872224,61.76503618130459,0.0,1
174,-6.12565445026178,-66.25,3.112,255.87101387231246,101.8289860141347,55.41266846723857,61.80840530644758,0.0,3
175,-5.183246073298429,-66.25,3.112,266.37180108774385,100.90245561030657,58.97288197040697,58.8214123346243,0.0,3
176,-4.2408376963350785,-66.25,3.112,257.5209587432057,101.27894473566657,61.61477566503058,53.768391526339286,0.0,2
177,-3.298429319371728,-66.25,3.112,230.16373987685245,99.74450926571694,63.22880384478908,45.61099773184406,0.0,1
178,-2.356020942408377,-66.25,3.112,199.43344804304846,101.83458248859287,65.93850154860652,41.551109932348155,0.0,1
179,-1.4136125654450262,-66.25,3.112,180.16766664346858,99.4422070652945,64.46047258819202,38.88960239777903,0.0,0
180,-0.4712041884816754,-66.25,3.112,160.8012372803487,97.63740591240693,64.9443124052307,33.410423941438665,0.0,0
181,0.4712041884816754,-66.25,3.112,156.92920330031723,95.25199452256672,62.3834736595591,31.71120778331565,0.0,1
182,1.4136125654450262,-66.25,3.112,152.9178263997375,87.98376868164053,57.32959780174179,25.09472849045939,0.0,1
183,2.356020942408377,-66.25,3.112,124.40322302850012,89.98153404143743,51.18078250105016,16.092624551962977,0.0,1
184,-18.376963350785346,-65.0,3.112,173.3527444815568,94.76955755307112,16.725115689404372,55.337856496830874,0.0,2
185,-17.434554973821996,-65.0,3.112,197.2323057736431,41.15468028470456,24.78714555331529,30.80686337391581,0.0,0
186,-16.492146596858646,-65.0,3.112,196.75211011310984,96.6185618472372,27.32756996416535,63.132711706864754,0.0,0
187,-15.549738219895294,-65.0,3.112,195.77457848040777,79.90812194287935,22.05103504881194,64.81900257703116,0.0,0
188,-14.607329842931941,-65.0,3.112,183.834061529982,88.22167465926958,23.522240689198455,66.61474037616752,0.0,0
189,-13.664921465968591,-65.0,3.112,178.2295043420163,87.77711007388696,24.913662392317423,64.39815208877992,0.0,0
190,-12.72251308900524,-65.0,3.112,171.08922499554862,88.56820687517613,26.583428819558403,60.5698034135505,0.0,0
191,-11.780104712041888,-65.0,3.112,159.00788380238868,94.30803296290081,35.23715926116132,49.161269938331834,0.0,0
192,-10.837696335078537,-65.0,3.112,169.66967298772886,61.29926419273247,37.19870062595645,30.988530974634074,0.0,0
193,-9.895287958115185,-65.0,3.112,190.58528839628772,19.061805345168686,36.519751953395826,10.483633245540831,0.0,0
194,-8.952879581151834,-65.0,3.112,221.92758321472508,44.480126058822854,37.93084982125109,27.841177775670374,0.0,0
195,-8.010471204188482,-65.0,3.112,239.79969673200628,77.08033143037096,41.58042861925443,51.81815643241773,0.0,1
196,-7.0680628272251305,-65.0,3.112,259.9043802998462,76.61336278081131,46.934386613136894,49.340588279187955,0.0,1
197,-6.12565445026178,-65.0,3.112,279.9930468229078,101.4533362284478,53.75354986248986,64.38871559701843,0.0,5
198,-5.183246073298429,-65.0,3.112,299.0088253014495,80.15504330203244,58.24852350134704,50.16042234014612,0.0,1
199,-4.2408376963350785,-65.0,3.112,286.71731582415384,78.53315156612233,60.7659404417388,42.95020586541626,0.0,0
200,-3.298429319371728,-65.0,3.112,219.8495753972031,86.09970545939582,63.63442748582281,34.77846748853871,0.0,0
201,-2.356020942408377,-65.0,3.112,178.23423591486795,103.04638741681374,65.55308950722761,33.115308603070254,0.0,0
202,-1.4136125654450262,-65.0,3.112,138.41939720076505,98.26853814835154,64.15284982791324,26.12264721438765,0.0,0
203,-0.4712041884816754,-65.0,3.112,103.29593772042784,99.16768104208094,66.49925354660161,20.98216879506811,0.0,0
204,0.4712041884816754,-65.0,3.112,83.33931587252258,94.21036566750965,62.49860378236479,16.652225108344144,0.0,0
205,1.4136125654450262,-65.0,3.112,63.55144408779489,85.52432738069426,55.94707959703901,10.021271107413275,0.0,0
206,-20.261780104712045,-63.75,3.112,140.1704852334991,16.78717645594369,0.0,6.525442181884179,0.0,0
207,-19.319371727748695,-63.75,3.112,129.38279308377938,65.63411782752851,20.4223685887857,32.90115085987031,0.0,0
208,-18.376963350785346,-63.75,3.112,115.88390836989545,76.92116329069792,21.91764568177767,32.28202236291055,0.0,0
209,-17.434554973821996,-63.75,3.112,122.40404312414809,27.225893206382075,21.040525919938254,12.60164731360091,0.0,0
210,-16.492146596858646,-63.75,3.112,145.3882797242574,92.11995718762512,20.631880428063173,54.123047069660814,0.0,0
211,-15.549738219895294,-63.75,3.112,164.3554534252254,96.92358626976038,22.325406272039544,56.083573799546905,0.0,0
212,-14.607329842931941,-63.75,3.112,171.32245665019607,99.89798882634179,24.167764883608157,59.205450183130495,0.0,0
213,-13.664921465968591,-63.75,3.112,177.00539755987057,93.29861964572716,24.305778604850545,65.04224586130972,0.0,0
214,-12.72251308900524,-63.75,3.112,166.7018858026074,108.97691604641524,31.05484783585373,60.645648906011374,0.0,0
215,-11.780104712041888,-63.75,3.112,168.91879507976145,36.21883748536697,32.35068840275676,18.718640506586734,0.0,0
216,-10.837696335078537,-63.75,3.112,183.2856040867071,84.97791885066276,34.23606043860523,43.76233762000196,0.0,0
217,-9.895287958115185,-63.75,3.112,222.91081634539452,21.78920124587591,34.584669982956385,12.677075860527308,0.0,0
218,-8.952879581151834,-63.75,3.112,248.37114113505015,6.265064496430899,33.08050223712391,4.3403593823449675,0.0,0
219,-8.010471204188482,-63.75,3.112,270.4208597129263,28.081948128360416,36.95248648861201,19.99975708279945,0.0,0
220,-7.0680628272251305,-63.75,3.112,296.1458349274074,57.68147549842818,42.50402648029308,40.134723877814594,0.0,0
221,-6.12565445026178,-63.75,3.112,302.6575015427407,102.24412220227585,51.65295901128652,65.03586947303049,0.0,4
222,-5.183246073298429,-63.75,3.112,328.76215345672716,98.60849458561913,58.02311110932357,63.48411225512167,0.0,4
223,-4.2408376963350785,-63.75,3.112,299.0813527459833,64.10631379349661,58.322453381618736,36.17210149011418,0.0,0
224,-3.298429319371728,-63.75,3.112,227.82880438387156,102.57380889182654,61.02980694057615,41.44584333809828,0.0,0
225,-2.356020942408377,-63.75,3.112,164.40691780691358,99.44728841569037,62.44746583574325,28.34705165314106,0.0,0
226,-1.4136125654450262,-63.75,3.112,124.4430807517711,98.85013681485557,64.88871239553472,20.06237793654976,0.0,0
227,-0.4712041884816754,-63.75,3.112,79.11167783106238,102.27994226316328,66.49722404950954,12.495018844695073,0.0,0
228,0.4712041884816754,-63.75,3.112,48.05136792747688,96.57072825300288,63.67465236367598,7.113409948332594,0.0,0
229,1.4136125654450262,-63.75,3.112,32.442874161880795,78.60378753022991,55.84185644862106,4.09699573990462,0.0,0
230,3.298429319371728,-63.75,3.112,23.161072813286022,72.78023714085136,40.84946266337907,1.8974615024672659,0.0,0
231,-19.319371727748695,-62.5,3.112,97.4004485767535,43.68044997020463,11.449024612771977,15.488683492079169,0.0,0
232,-18.376963350785346,-62.5,3.112,93.34545150018609,20.267499167620635,11.629999278489588,9.568078899349121,0.0,0
233,-17.434554973821996,-62.5,3.112,100.37560423753551,9.094849128522672,9.95253756139071,5.115740041093867,0.0,0
234,-16.492146596858646,-62.5,3.112,127.98691572131438,70.6585273909992,15.093329050767938,33.30877068582288,0.0,0
235,-15.549738219895294,-62.5,3.112,154.40022176663484,70.41255652753769,16.46409018226591,41.5061896147596,0.0,0
236,-14.607329842931941,-62.5,3.112,171.27977722159937,97.13390334422458,20.472249230826996,59.20162607611904,0.0,0
237,-13.664921465968591,-62.5,3.112,179.71880035123917,110.4408849358888,26.70907852209053,63.1615781020856,0.0,0
238,-12.72251308900524,-62.5,3.112,183.02186524063438,109.46897800574033,30.158439823511813,62.24061592876747,0.0,0
239,-11.780104712041888,-62.5,3.112,192.2299787048538,36.8131516689672,25.80533718715615,23.752941853555384,0.0,0
240,-10.837696335078537,-62.5,3.112,213.84482817901184,52.15844937972235,28.893754909359117,30.965007866447525,0.0,0
241,-9.895287958115185,-62.5,3.112,254.45876443678392,1.2574122386244113,28.366716311312306,0.8243071885769899,0.0,0
242,-8.952879581151834,-62.5,3.112,261.62589626108473,24.50810288965792,30.53734185515505,16.982602773390738,0.0,0
243,-8.010471204188482,-62.5,3.112,281.1326464306735,33.36346002749158,33.5756598654172,23.304545160998813,0.0,0
244,-7.0680628272251305,-62.5,3.112,295.87749010626146,12.832053144713294,38.434679050993516,8.442656621485591,0.0,0
245,-6.12565445026178,-62.5,3.112,313.6714921744018,57.12047394145924,46.623318599472086,36.19571701664397,0.0,0
246,-5.183246073298429,-62.5,3.112,316.5410909623088,106.27459490477362,56.97186380598027,62.637163177818096,0.0,4
247,-4.2408376963350785,-62.5,3.112,300.3300933235606,61.17823000916025,57.881000420247254,31.909012605648794,0.0,0
248,-3.298429319371728,-62.5,3.112,251.3976799048568,101.02947257109707,60.71244088107291,42.10048663815744,0.0,1
249,-2.356020942408377,-62.5,3.112,195.64374474396953,95.4239317662561,61.266137812990614,30.873166363193818,0.0,0
250,-1.4136125654450262,-62.5,3.112,138.98324622161638,78.16686190285385,65.29042056575557,14.584887081740401,0.0,0
251,-0.4712041884816754,-62.5,3.112,81.92231228430514,98.26060746334446,63.277519289760164,9.585332070662313,0.0,0
252,0.4712041884816754,-62.5,3.112,42.92252366274586,98.24115645354445,64.35315648970183,4.654905397078281,0.0,0
253,1.4136125654450262,-62.5,3.112,28.33495897840296,82.27762178160683,58.99933052285867,2.4924729071385627,0.0,0
254,2.356020942408377,-62.5,3.112,24.14907493506853,70.95218797783369,48.203938953273024,2.1233324830455067,0.0,0
255,3.298429319371728,-62.5,3.112,14.284226478790796,66.11253724445076,39.1766877583216,1.1653003916357154,0.0,0
256,-18.376963350785346,-61.25,3.112,111.8126834877778,65.72661148743455,9.91889224135435,29.645593035673222,0.0,0
257,-17.434554973821996,-61.25,3.112,107.3584174702952,48.13096501067392,11.074183068131315,17.98256378650779,0.0,0
258,-16.492146596858646,-61.25,3.112,124.99715893430589,46.763329035912164,10.98723571431392,22.434794461078972,0.0,0
259,-15.549738219895294,-61.25,3.112,149.7768177806534,54.35749876704907,13.837531881534602,28.648971607993595,0.0,0
260,-14.607329842931941,-61.25,3.112,173.62549239175564,95.3470310272151,18.41025754932255,52.39913714502193,0.0,0
261,-13.664921465968591,-61.25,3.112,195.1159531011902,103.46454554979522,23.63178334644718,59.905625926289915,0.0,0
262,-12.72251308900524,-61.25,3.112,205.75125147808654,25.778320877076336,25.288198489384953,16.21278493632371,0.0,0
263,-11.780104712041888,-61.25,3.112,214.70255770466187,17.64107967364117,24.30532545330043,12.136032676959053,0.0,0
264,-10.837696335078537,-61.25,3.112,220.99455311080322,49.97627154957869,29.97779925660718,28.098436353244185,0.0,0
265,-9.895287958115185,-61.25,3.112,244.42846513013333,31.57846065712918,30.073863415386068,19.046574597118536,0.0,0
266,-8.952879581151834,-61.25,3.112,272.0232682617078,41.17452149265393,30.378829407764428,27.436258544484325,0.0,0
267,-8.010471204188482,-61.25,3.112,279.7481736717759,40.74466087020977,32.90735681580374,26.050609922543494,0.0,0
268,-7.0680628272251305,-61.25,3.112,297.1303949776209,81.557174410012,39.11224370793527,51.84185382983783,0.0,1
269,-6.12565445026178,-61.25,3.112,307.16442992379143,72.46899864385603,46.8767377035028,43.12287754591556,0.0,1
270,-5.183246073298429,-61.25,3.112,312.8404453007282,74.9380699202361,54.20737740458932,40.806471194637936,0.0,1
271,-4.2408376963350785,-61.25,3.112,310.64350746464083,31.714514380648012,55.195434215618235,15.864937839253539,0.0,0
272,-3.298429319371728,-61.25,3.112,291.58311130307646,41.95780668727691,55.76502404992889,19.268335236160702,0.0,0
273,-2.356020942408377,-61.25,3.112,235.86239303778814,96.7474838174437,58.888800244940775,37.440813830566285,0.0,0
274,-1.4136125654450262,-61.25,3.112,167.32877354703638,80.88389953605022,60.13810657664941,19.211370485478525,0.0,0
275,-0.4712041884816754,-61.25,3.112,98.06398128635763,66.09352141149752,60.67708751939835,6.8302251046092595,0.0,0
276,0.4712041884816754,-61.25,3.112,49.81217354568627,67.0390108983429,63.13530992453343,2.916273747988378,0.0,0
277,1.4136125654450262,-61.25,3.112,25.198292695302158,47.25826720840852,61.50145639563898,0.9478811243154422,0.0,0
278,2.356020942408377,-61.25,3.112,14.532262244394758,9.620885741689614,57.58210251222116,0.10650881827227587,0.0,0
279,3.298429319371728,-61.25,3.112,4.821982861363008,62.093191231665564,53.8748315439453,0.32597669594363143,0.0,0
280,4.2408376963350785,-61.25,3.112,1.0443483462848606,62.16967284828727,40.70299541070989,0.19334146826096502,0.0,0
281,-15.549738219895294,-60.0,3.112,153.63857794441202,61.64750258328235,8.82807632649073,35.93597384417134,0.0,0
282,-14.607329842931941,-60.0,3.112,175.167711542857,55.93264277292385,14.327634520029674,28.352980273148376,0.0,0
283,-13.664921465968591,-60.0,3.112,200.70873406799726,36.112243786171824,18.700748906673816,21.63711163668701,0.0,0
284,-12.72251308900524,-60.0,3.112,211.50783034199637,48.29810428671834,22.45811969674768,30.405035520958815,0.0,0
285,-11.780104712041888,-60.0,3.112,220.35644233704414,85.41532635399142,27.10571525983067,54.3147619814641,0.0,0
286,-10.837696335078537,-60.0,3.112,239.643387758963,101.3822836766791,31.067766952090146,61.24751896258044,0.0,1
287,-9.895287958115185,-60.0,3.112,263.4409116373291,47.52960532795442,31.217367988124597,29.208651834427407,0.0,0
288,-8.952879581151834,-60.0,3.112,291.4921574979586,48.18565699521837,32.33284645467539,31.432151133860305,0.0,0
289,-8.010471204188482,-60.0,3.112,310.92427774710427,72.03630263737843,35.96007347534171,47.22787722244341,0.0,1
290,-7.0680628272251305,-60.0,3.112,326.0247252985127,20.261651814053884,38.24970231176238,13.219161616511055,0.0,0
291,-6.12565445026178,-60.0,3.112,312.9162208053932,60.431986432410866,43.95211460946115,34.635220888316766,0.0,0
292,-5.183246073298429,-60.0,3.112,304.2892645942334,65.06727365333211,50.25879865451658,32.64438967566286,0.0,0
293,-4.2408376963350785,-60.0,3.112,311.5804339556998,20.375074254521685,51.06997594648919,9.853574196600407,0.0,0
294,-3.298429319371728,-60.0,3.112,327.04660013572067,10.291921625919608,49.85659455463594,5.171975474923859,0.0,0
295,-2.356020942408377,-60.0,3.112,276.13478200824346,3.806987525688816,51.14453196140739,1.7725007115824496,0.0,0
296,-1.4136125654450262,-60.0,3.112,195.52037010276797,43.92261334260171,55.112491039218824,13.191620505408238,0.0,0
297,-0.4712041884816754,-60.0,3.112,114.68931988514143,83.83389920165898,58.95460690352968,10.513668478907974,0.0,0
298,0.4712041884816754,-60.0,3.112,56.364348025370056,82.44189285209403,59.45023227008719,3.435728675836081,0.0,0
299,1.4136125654450262,-60.0,3.112,31.525097302426097,11.737634352670893,50.92045325742853,0.20362606874579098,0.0,0
300,2.356020942408377,-60.0,3.112,18.909862758634688,44.403675127131464,55.262034028350165,0.2891032120322631,0.0,0
301,3.298429319371728,-60.0,3.112,9.79582788111307,71.88168932587749,52.32168135001374,0.22047212757769077,0.0,0
302,4.2408376963350785,-60.0,3.112,16.53362247815189,76.00244543653265,45.898817459158,0.31134069571828993,0.0,0
303,5.183246073298429,-60.0,3.112,61.00130505949222,78.92719094899537,43.22230211955011,0.6915850297990528,0.0,0
304,-13.664921465968591,-58.75,3.112,227.75493833526602,94.97960370170723,15.83299081732598,61.76289367736246,0.0,0
305,-12.72251308900524,-58.75,3.112,223.9955443405317,108.0159040342143,23.318182007933487,66.8978194892392,0.0,0
306,-11.780104712041888,-58.75,3.112,228.17480703229253,73.6293732691364,27.922114029885755,46.35353763587401,0.0,0
307,-10.837696335078537,-58.75,3.112,268.46763162200705,20.355789461754078,28.911377152380847,13.594474794923155,0.0,0
308,-9.895287958115185,-58.75,3.112,301.9380181279871,9.734218981477174,28.350519015789544,6.653462318602699,0.0,0
309,-8.952879581151834,-58.75,3.112,327.52071650942406,39.38504166154139,29.991433748266292,27.792815208501878,0.0,0
310,-8.010471204188482,-58.75,3.112,351.6571456508983,93.7762449503592,36.52126300824565,65.7409203585668,0.0,6
311,-7.0680628272251305,-58.75,3.112,350.45517005519963,31.884213286854763,38.05153304300741,20.1827467503363,0.0,0
312,-6.12565445026178,-58.75,3.112,331.08976231581266,91.738972963588,44.6116769137932,50.42550681020893,0.0,4
313,-5.183246073298429,-58.75,3.112,321.3285663644433,104.59400972428152,50.333923186063615,51.86455520844396,0.0,4
314,-4.2408376963350785,-58.75,3.112,311.5365628047827,52.77257348102464,49.31091746167117,24.15234039456583,0.0,0
315,-3.298429319371728,-58.75,3.112,329.3737626583588,11.630651851865123,47.329517565445144,5.485222925369947,0.0,0
316,-2.356020942408377,-58.75,3.112,284.89641615269136,52.333289486412006,47.25820161676332,25.283850395600766,0.0,0
317,-1.4136125654450262,-58.75,3.112,222.91592701561777,91.79092099457866,52.87610246436221,34.07130120112246,0.0,0
318,-0.4712041884816754,-58.75,3.112,135.976573606107,96.59753286877323,57.3554752823154,17.07019401675641,0.0,0
319,0.4712041884816754,-58.75,3.112,74.25637513026359,90.57850179210105,55.27673522278814,5.788574712556039,0.0,0
320,-13.664921465968591,-57.5,3.112,254.06574966911762,97.58694770983612,14.830509464021114,65.64323618269829,0.0,0
321,-12.72251308900524,-57.5,3.112,253.26515968745372,97.64390629894929,22.596798697481923,63.329716970333344,0.0,0
322,-11.780104712041888,-57.5,3.112,263.6301546192159,29.431615355761696,25.245362956143143,19.821965791814808,0.0,0
323,-10.837696335078537,-57.5,3.112,305.7720518765661,30.73714007441488,26.01587462541001,21.508360059835557,0.0,0
324,-9.895287958115185,-57.5,3.112,343.81298881797613,4.357195352107973,25.818305336141943,3.088814465202018,0.0,0
325,-8.952879581151834,-57.5,3.112,354.8590323571244,48.57453099207857,28.954427727002138,34.49960868865859,0.0,0
326,-8.010471204188482,-57.5,3.112,371.48306920673883,57.67012405871376,35.96643608329802,39.13560947071798,0.0,1
327,-7.0680628272251305,-57.5,3.112,367.79125422562174,94.43721808954228,41.58380211738493,57.96433476490441,0.0,4
328,-6.12565445026178,-57.5,3.112,339.6436890630847,37.144899769587546,43.91005596561087,18.67110656798747,0.0,0
329,-5.183246073298429,-57.5,3.112,323.81774618689377,84.93333509713113,48.876942225055195,37.19177389807046,0.0,3
330,-4.2408376963350785,-57.5,3.112,303.048694326037,67.97984211381383,49.83365539942977,27.10550745047813,0.0,0
331,-3.298429319371728,-57.5,3.112,277.5549194412396,48.85428489564981,48.51540946480068,18.434433238925372,0.0,0
332,-2.356020942408377,-57.5,3.112,265.61510203681826,78.78664281323772,51.34923280523247,31.35534230576346,0.0,0
333,-1.4136125654450262,-57.5,3.112,200.4724304148988,99.77982122733583,55.340159083357285,34.00586673906959,0.0,3
334,-0.4712041884816754,-57.5,3.112,125.71661035873115,69.24293578636089,54.81588945203366,13.198611361793422,0.0,0
335,0.4712041884816754,-57.5,3.112,74.03898768029774,60.18452084092484,49.33213532076181,5.544303664033677,0.0,0
336,1.4136125654450262,-57.5,3.112,51.29401480395048,38.69498561747355,38.114342758494985,1.5991455027340442,0.0,0
337,-13.664921465968591,-56.25,3.112,275.4757974636926,59.36073000346312,14.073529081761263,37.40821601898405,0.0,0
338,-12.72251308900524,-56.25,3.112,276.0730061430693,64.93267201701373,19.894055125533367,40.47548767381998,0.0,0
339,-11.780104712041888,-56.25,3.112,297.017158291796,13.804113095037465,22.31852676124832,9.067253747716299,0.0,0
340,-10.837696335078537,-56.25,3.112,322.84364298961066,32.17602302152228,23.09140148317176,22.159713806076425,0.0,0
341,-9.895287958115185,-56.25,3.112,344.4242607456264,0.7173847261465596,22.90290230380718,0.49800591058585264,0.0,0
342,-8.952879581151834,-56.25,3.112,363.7351433810799,80.04489468384281,28.905849651790394,52.876256380394146,0.0,4
343,-8.010471204188482,-56.25,3.112,388.8310460140533,73.59338553700056,36.12497197103942,46.26120425915919,0.0,3
344,-7.0680628272251305,-56.25,3.112,362.11372770893803,45.686729332388644,39.71301285110105,24.6867981694199,0.0,0
345,-6.12565445026178,-56.25,3.112,314.1760232863497,37.94724553835447,41.46037251115391,16.11382629440324,0.0,0
346,-5.183246073298429,-56.25,3.112,284.4133721910054,30.710923866446084,44.586804093324695,10.69859368472447,0.0,0
347,-4.2408376963350785,-56.25,3.112,252.12318919778892,41.829271858382675,47.16376425123522,12.277674714413353,0.0,0
348,-3.298429319371728,-56.25,3.112,214.22698658392687,50.36419435302175,49.0857494186598,13.138913865200278,0.0,0
349,-2.356020942408377,-56.25,3.112,190.2419532152171,51.10809284456613,53.084196064920604,11.194267139514563,0.0,0
350,-1.4136125654450262,-56.25,3.112,123.33367799041575,78.43029596411986,54.59864445668589,12.794322939712334,0.0,0
351,-0.4712041884816754,-56.25,3.112,72.943093246333,65.60816302825233,41.590591322137875,8.049099994588616,0.0,0
352,0.4712041884816754,-56.25,3.112,54.948962157507324,56.01021055663957,37.96535819348143,4.491910795985004,0.0,0
353,1.4136125654450262,-56.25,3.112,41.58078844886036,78.66398386316926,46.95469884534898,2.4403643418880954,0.0,0
354,-14.607329842931941,-55.0,3.112,254.22747093189113,91.40302634556264,9.064266308573579,50.98660802691756,0.0,0
355,-13.664921465968591,-55.0,3.112,275.22855711664107,101.60975355958114,14.636858093588758,57.64073906631728,0.0,0
356,-12.72251308900524,-55.0,3.112,267.59833329016124,32.79169845158833,18.57720969603422,18.380316182582778,0.0,0
357,-11.780104712041888,-55.0,3.112,284.19423551420505,3.758864205780076,19.49083666775783,2.3268983503690768,0.0,0
358,-10.837696335078537,-55.0,3.112,305.87594197092784,3.8647066211608068,20.812142246721173,2.351303634663894,0.0,0
359,-9.895287958115185,-55.0,3.112,323.2714331757631,7.223347789386854,21.739621990378083,4.219743964096703,0.0,0
360,-8.952879581151834,-55.0,3.112,348.7877461841172,65.80174497489561,27.320079445312082,35.49910748444813,0.0,1
361,-8.010471204188482,-55.0,3.112,369.13418615477485,17.708856629420396,32.79365210427145,8.89166661671764,0.0,0
362,-7.0680628272251305,-55.0,3.112,338.48239326518876,29.036784493178267,35.288763854470936,12.596538347912084,0.0,0
363,-6.12565445026178,-55.0,3.112,289.7997587690823,46.970888899265525,38.67486509857876,16.634463278200716,0.0,0
364,-5.183246073298429,-55.0,3.112,257.762508587781,48.900712907952155,40.2225837645687,14.454244592703477,0.0,0
365,-4.2408376963350785,-55.0,3.112,215.5133315553928,15.01500393471766,41.00745600941739,3.3751710067770766,0.0,0
366,-3.298429319371728,-55.0,3.112,157.11492111606452,16.60589615069401,46.83729023681495,2.4455142088908692,0.0,0
367,-2.356020942408377,-55.0,3.112,124.68038885544718,27.242984614287483,50.061384299495046,2.712379186376352,0.0,0
368,-1.4136125654450262,-55.0,3.112,67.70999080653922,36.41998121696227,36.84101646950366,3.0492068393385887,0.0,0
369,-0.4712041884816754,-55.0,3.112,51.524398929916444,48.96410666750482,29.13283161586636,3.5072432770672597,0.0,0
370,0.4712041884816754,-55.0,3.112,51.139422618532336,43.53790348313681,27.455364788359283,2.626856335918054,0.0,0
371,1.4136125654450262,-55.0,3.112,49.76576490615197,61.403924158717906,37.002244270658906,2.0159986471211147,0.0,0
372,2.356020942408377,-55.0,3.112,53.16042143980869,43.16777327305147,28.880299001054187,0.9759256776073234,0.0,0
373,-14.607329842931941,-53.75,3.112,243.1264350613799,109.84748596411733,8.68057245586949,51.41403068057761,0.0,0
374,-13.664921465968591,-53.75,3.112,246.83804486826477,101.7992392264509,14.747364071816646,47.17520003132405,0.0,0
375,-12.72251308900524,-53.75,3.112,247.01978477433968,45.139447427123635,17.72920188502206,21.709567870383182,0.0,0
376,-11.780104712041888,-53.75,3.112,260.56795363945497,62.2302268346434,19.6058831353183,30.610398475988184,0.0,0
377,-10.837696335078537,-53.75,3.112,282.45151027965295,29.734090566707536,20.771640078335494,14.08182360647825,0.0,0
378,-9.895287958115185,-53.75,3.112,298.25150217604846,27.754977158236287,21.792619218314293,12.381464298294894,0.0,0
379,-8.952879581151834,-53.75,3.112,323.09734312695315,86.34902228361527,27.719438030048625,35.60303446550983,0.0,3
380,-8.010471204188482,-53.75,3.112,353.2652482035968,99.8435836074745,33.952063377468356,41.04452877165423,0.08333333333333333,6
381,-7.0680628272251305,-53.75,3.112,335.76672521271263,52.16154350657497,35.197215465946314,17.867947215595574,0.0,0
382,-6.12565445026178,-53.75,3.112,294.51290234891604,31.534967196943708,36.56908536291078,8.968520615552787,0.0,0
383,-5.183246073298429,-53.75,3.112,255.9199418956128,15.731597705878716,36.59042323965859,3.766694808004854,0.0,0
384,-4.2408376963350785,-53.75,3.112,197.66775462627987,24.463626625910674,38.88752351162873,3.9027978695973173,0.0,0
385,-3.298429319371728,-53.75,3.112,146.05685049367847,3.3871151513002364,41.08205551967327,0.37602061013045146,0.0,0
386,-2.356020942408377,-53.75,3.112,89.02718224927685,34.22615457185228,41.71170672491481,2.112283227132436,0.0,0
387,-1.4136125654450262,-53.75,3.112,60.94596098490445,23.09688942867625,35.25756211816811,1.1128643648432304,0.0,0
388,-0.4712041884816754,-53.75,3.112,51.50974851374076,37.515903135582164,28.906369232396646,1.697254596794024,0.0,0
389,0.4712041884816754,-53.75,3.112,49.9873770179866,33.233975176433205,27.713092849970113,0.9934492756836549,0.0,0
390,1.4136125654450262,-53.75,3.112,56.393399328709236,24.06601858483244,30.56847191699087,0.4476201035344898,0.0,0
391,2.356020942408377,-53.75,3.112,60.99274914674854,32.914627664198086,29.330147126314394,0.46185074427123746,0.0,0
392,-13.664921465968591,-52.5,3.112,241.24649119770598,98.98917490202221,11.074724082698092,46.90557389066646,0.0,0
393,-12.72251308900524,-52.5,3.112,244.47664359131775,61.610307300690984,15.847096854309685,25.56780068576232,0.0,0
394,-11.780104712041888,-52.5,3.112,259.8244125159207,78.88930480525173,18.68816426485235,30.364604091671083,0.0,0
395,-10.837696335078537,-52.5,3.112,274.05013684051346,60.98947744723088,20.453375369139742,20.670273861364812,0.0,0
396,-9.895287958115185,-52.5,3.112,277.9949460469803,73.24834687642458,23.07232765830688,21.815597936430127,0.0,0
397,-8.952879581151834,-52.5,3.112,312.06901954043997,97.54135596858852,28.401219317082173,28.955136293650483,0.0,3
398,-8.010471204188482,-52.5,3.112,349.5598276801568,82.46719384721453,34.154543111510655,23.957777491254834,0.08333333333333333,3
399,-7.0680628272251305,-52.5,3.112,340.4303001190263,24.719138290498886,35.031100464678566,5.554580331269114,0.5,0
400,-6.12565445026178,-52.5,3.112,311.6833047790911,14.091344998036226,33.59303187287879,2.839996177395288,0.0,0
401,-5.183246073298429,-52.5,3.112,275.24401798592106,60.10210360488071,35.12991377771991,11.306169859025808,0.0,0
402,-4.2408376963350785,-52.5,3.112,228.05233456077661,45.02153940180201,37.71011564729643,6.352794003878602,0.0,0
403,-3.298429319371728,-52.5,3.112,175.94180732305452,8.634387475135837,37.2917582943774,0.8184842064337392,0.0,0
404,-2.356020942408377,-52.5,3.112,108.62024627899359,60.43030846547953,40.748535169377284,2.4021083210957968,0.0,0
405,-1.4136125654450262,-52.5,3.112,71.87691978005125,11.902260570920891,40.540680445226684,0.2320655467917138,0.0,0
406,-0.4712041884816754,-52.5,3.112,60.75115613621269,32.64461026125435,31.427129257107616,0.7121698490728252,0.0,0
407,0.4712041884816754,-52.5,3.112,65.89927823710578,30.036551929674914,31.736693606573862,0.5085695159736789,0.0,0
408,-8.952879581151834,-51.25,3.112,308.0045104298833,13.663818728492844,23.63937569969615,2.495176437685281,0.0,0
409,-8.010471204188482,-51.25,3.112,348.47720022158995,44.16865326580326,29.02529117762051,7.143716562855902,0.0,0
410,-7.0680628272251305,-51.25,3.112,361.7653492178592,30.38965964114278,31.634407309943274,3.396566327414256,0.0,0
411,-5.183246073298429,-51.25,3.112,329.2882540863925,47.54903790833763,31.399899176332063,5.647550266927129,0.0,0
412,-4.2408376963350785,-51.25,3.112,289.9137091317523,24.2334241856051,35.21834222828017,2.8653564747108398,0.0,0
413,-3.298429319371728,-51.25,3.112,216.91858493934558,1.4519771154257766,38.644778673664995,0.1046103138017297,0.0,0
414,-2.356020942408377,-51.25,3.112,145.01492542553152,18.303954581197424,40.55886932912942,0.42375376246607477,0.0,0
415,-3.298429319371728,-50.0,3.112,250.79556309662865,5.716331548836774,34.52468841487054,0.22083119067113208,0.0,0
