node_id,lat,lon,threshold,prec,evap,in_degree,out_degree,clustering,ffl
0,-6.12565445026178,-78.75,0.2367,4.197301196079665,16.999059739112337,0.2034708426757306,3.198932337967179,0.0,0
1,-5.183246073298429,-78.75,0.2367,12.694509500380967,29.80135356299538,0.28945205983158756,10.617960648032042,0.0,1
2,-4.2408376963350785,-78.75,0.2367,30.897110315751934,49.74085489451683,0.8281852555768429,23.868306002031446,0.16666666666666666,8
3,-3.298429319371728,-78.75,0.2367,27.733214523086126,39.083160730843765,0.9336229127883541,18.288458574712426,0.5,6
4,-2.356020942408377,-78.75,0.2367,29.472997510594908,76.42741015733918,1.3680881624342929,36.16072248608874,0.3939393939393939,77
5,-1.4136125654450262,-78.75,0.2367,38.32114640364648,65.51668178944965,1.6293948901472879,44.80598736322868,0.3763157894736842,173
6,-8.952879581151834,-77.5,0.2367,5.3756758852428455,13.871197802889531,0.17411680586312928,5.6473222024276515,0.0,0
7,-8.010471204188482,-77.5,0.2367,8.488060137109391,22.89190559441746,0.3096276993727299,7.66363925151554,0.0,0
8,-7.0680628272251305,-77.5,0.2367,14.333836309463424,24.044882114286917,0.41408740886261935,9.63210897084593,0.0,0
9,-6.12565445026178,-77.5,0.2367,15.248100203867873,41.483496895871994,1.0077306510828152,8.870414319333065,0.0,0
10,-5.183246073298429,-77.5,0.2367,22.26275935607533,76.21937711307513,1.4034698689407126,14.140384227345427,0.0,1
11,-4.2408376963350785,-77.5,0.2367,33.763988730307155,91.24511793456355,2.1250581317014112,22.848344427181505,0.5,7
12,-3.298429319371728,-77.5,0.2367,52.51526915983202,52.670900878518296,2.5169447752471004,21.106108084217414,0.25,7
13,-2.356020942408377,-77.5,0.2367,73.26425742865092,65.53465465549351,3.6596892061988644,35.716695998754595,0.37083333333333335,99
14,-1.4136125654450262,-77.5,0.2367,92.40887247880534,53.0481282208071,3.8181286544851187,35.25707740501862,0.4019607843137255,119
15,-0.4712041884816754,-77.5,0.2367,98.76770921197769,61.035830394199714,2.8954777408514176,60.85076350154295,0.11858817782120176,1028
16,0.4712041884816754,-77.5,0.2367,79.04019338418672,59.13032194987709,2.646990232581296,73.07399556011943,0.0951231902463805,1609
17,-10.837696335078537,-76.25,0.2367,9.326867387575222,43.20351696673248,0.342472050541378,6.474967934552229,0.0,0
18,-9.895287958115185,-76.25,0.2367,19.45618943019016,37.604580589767764,0.72417328410927,13.35616493171702,0.3333333333333333,4
19,-8.952879581151834,-76.25,0.2367,36.003007909862156,37.986873319520356,2.066046196448218,17.980778864707297,0.1,8
20,-8.010471204188482,-76.25,0.2367,23.372570214353285,71.62192408790426,2.7728964124539215,15.884545124023951,0.5,2
21,-7.0680628272251305,-76.25,0.2367,18.692099001475352,65.20046011142429,2.5293429325557657,10.561136496892733,0.0,0
22,-6.12565445026178,-76.25,0.2367,17.481881872343386,50.17267378553185,2.783075914885862,7.416181956823731,0.0,0
23,-5.183246073298429,-76.25,0.2367,17.903747610787345,94.16271580357203,3.462351162666536,15.850145099519187,0.0,1
24,-4.2408376963350785,-76.25,0.2367,24.76353222283295,98.30760543740003,4.248592031291014,25.836785129089414,0.19811320754716982,26
25,-3.298429319371728,-76.25,0.2367,33.699967003782014,99.96598417908498,5.092657865953393,29.51738271504611,0.29850746268656714,69
26,-2.356020942408377,-76.25,0.2367,41.32388371740289,101.39137814669208,6.3076113900471515,31.57613018566165,0.4017467248908297,109
27,-1.4136125654450262,-76.25,0.2367,45.08741586807337,97.65046931336555,6.893762319113602,28.441001645355897,0.4039301310043668,102
28,-0.4712041884816754,-76.25,0.2367,59.470283285680466,79.73583138491155,7.279758009707136,25.51916944713424,0.42780748663101603,93
29,0.4712041884816754,-76.25,0.2367,126.87813468484426,76.10656378167698,6.0905127939344235,45.93660920733976,0.24138873701476216,873
30,1.4136125654450262,-76.25,0.2367,164.82495298380715,11.766468952822182,1.7806783863600257,11.666696983164668,0.5,6
31,-13.664921465968591,-75.0,0.2367,0.340169047830565,3.122319404719016,0.028682604811740384,0.2034275007758199,0.0,0
32,-12.72251308900524,-75.0,0.2367,9.85140244018165,32.05084286697105,0.4078278987898751,6.192560617194552,0.0,0
33,-11.780104712041888,-75.0,0.2367,20.296573043841722,44.109176575114674,0.8636285809103216,14.81356572815379,0.4,24
34,-10.837696335078537,-75.0,0.2367,43.93299154071658,41.31752599035519,3.339704814212109,21.885076831969574,0.15454545454545454,32
35,-9.895287958115185,-75.0,0.2367,23.76587318971093,70.33956759573262,5.2755302721168285,13.399132870847597,0.3333333333333333,4
36,-8.952879581151834,-75.0,0.2367,10.681725118460243,45.0251192047885,5.248591166851784,4.394538193775398,0.26666666666666666,0
37,-8.010471204188482,-75.0,0.2367,8.2373636795596,69.96128567293661,4.413731097800079,5.896777953163066,0.5,0
38,-7.0680628272251305,-75.0,0.2367,9.745760549065688,89.32057924247958,3.9500573486111583,9.507505401165574,0.0,0
39,-6.12565445026178,-75.0,0.2367,13.215445964548035,85.82657526184214,3.7633268346529354,14.611507911236052,0.0,1
40,-5.183246073298429,-75.0,0.2367,22.63163333067142,85.38900351146668,4.186095292958487,26.335058834242872,0.21428571428571427,14
41,-4.2408376963350785,-75.0,0.2367,32.724212737101524,86.06365186882928,4.994177506519019,37.82820814496992,0.2052401746724891,100
42,-3.298429319371728,-75.0,0.2367,46.31867812042887,88.50627371077817,6.403604094294356,49.882183643052585,0.10735080058224163,256
43,-2.356020942408377,-75.0,0.2367,59.89554360845933,90.19426412352941,7.56393140839105,54.426747295675916,0.10499476987447699,642
44,-1.4136125654450262,-75.0,0.2367,72.15043874133447,93.52563971750885,8.612485152816406,52.84680280139482,0.14212866108786612,866
45,-0.4712041884816754,-75.0,0.2367,75.16342739213593,94.47176438973528,9.069104753816104,41.75882501569373,0.29453441295546556,683
46,0.4712041884816754,-75.0,0.2367,75.72678240995008,98.69269219244923,8.420657594548878,32.072490878513605,0.4032258064516129,333
47,1.4136125654450262,-75.0,0.2367,112.99916191371315,45.53425895631238,5.023306646012191,19.403101351077453,0.4772727272727273,40
48,2.356020942408377,-75.0,0.2367,158.1541947049852,8.085774762057254,1.3542868914187458,5.190398070871728,0.0,1
49,-14.607329842931941,-73.75,0.2367,0.1928740100955454,21.72628484162729,0.7986169876246703,0.3465617853694133,0.0,0
50,-13.664921465968591,-73.75,0.2367,9.861491987657958,41.779870615281865,1.8303515223181706,5.665504911064408,0.3333333333333333,3
51,-12.72251308900524,-73.75,0.2367,27.610286911905476,49.52272620731283,2.838078002159909,13.677712774972264,0.2,16
52,-11.780104712041888,-73.75,0.2367,28.2410407816883,72.03534160225688,7.466408433363125,26.469352719512823,0.09477124183006536,26
53,-10.837696335078537,-73.75,0.2367,11.371954142517497,89.25443042670321,8.301879316817281,7.606825144477107,0.3,3
54,-9.895287958115185,-73.75,0.2367,8.084839655831168,90.89975120344916,6.916695547962228,7.32571703027371,0.36666666666666664,1
55,-8.952879581151834,-73.75,0.2367,8.461523627613785,81.27473977102056,5.611619879375845,8.638245397712264,0.16666666666666666,1
56,-8.010471204188482,-73.75,0.2367,9.43748602777261,72.03628390472944,4.815404504162994,9.642247685499635,0.0,0
57,-7.0680628272251305,-73.75,0.2367,11.4724699600328,77.63976446973925,4.347343448399089,13.011369087592033,0.0,1
58,-6.12565445026178,-73.75,0.2367,15.601856332949573,84.62839357596656,4.55679090473784,20.895191779750427,0.0,3
59,-5.183246073298429,-73.75,0.2367,21.705966101590615,82.86223701666236,5.174681941128001,21.192246298368236,0.45,6
60,-4.2408376963350785,-73.75,0.2367,32.020505362269475,87.93869634402503,6.160442699480711,26.10442590991703,0.3181818181818182,30
61,-3.298429319371728,-73.75,0.2367,40.346423103522866,90.16112983632738,7.754518759792594,30.9743742200054,0.308300395256917,88
62,-2.356020942408377,-73.75,0.2367,51.32467898564491,93.08195906282104,9.358488940582207,34.385944937537104,0.32626262626262625,154
63,-1.4136125654450262,-73.75,0.2367,77.45493927592761,85.7215349019322,10.471028948363571,38.75409079994951,0.24527641707487755,407
64,-0.4712041884816754,-73.75,0.2367,95.35706045626853,96.46663888933637,10.943351641831784,48.487129879232896,0.1938060538116592,1015
65,0.4712041884816754,-73.75,0.2367,103.43051717029384,98.06053415306154,10.265685245797513,42.86438573717263,0.2422752808988764,1096
66,1.4136125654450262,-73.75,0.2367,110.00074204599949,100.35546754627089,8.57435544589359,36.80239843712621,0.32525741974560873,856
67,-14.607329842931941,-72.5,0.2367,0.6916172605589388,29.885677509554696,1.4948775085589707,0.876108596507887,0.0,0
68,-13.664921465968591,-72.5,0.2367,8.298365587401246,24.025318647331325,1.5322473767211546,4.71745427088657,0.5,1
69,-12.72251308900524,-72.5,0.2367,14.456925294744764,27.593538184439648,3.601538856255181,11.062949457181496,0.19047619047619047,12
70,-11.780104712041888,-72.5,0.2367,9.5812396745116,90.88764916009677,8.611491990918493,7.743765083871056,0.2,1
71,-10.837696335078537,-72.5,0.2367,6.349477808096724,98.02803183285972,7.828512314456393,6.199466040032702,0.15,1
72,-9.895287958115185,-72.5,0.2367,6.612923463621653,93.43425526516512,6.549407664564301,8.382346913305831,0.5,1
73,-8.952879581151834,-72.5,0.2367,7.279379372791256,83.25363853651741,5.291730072971618,8.979203064671644,0.0,0
74,-8.010471204188482,-72.5,0.2367,10.385083242586806,40.96340487703286,5.103704782134077,5.204824330008209,0.0,0
75,-7.0680628272251305,-72.5,0.2367,11.810324052619777,61.31041253773725,5.022083650394454,8.20088936418222,0.0,0
76,-6.12565445026178,-72.5,0.2367,13.793640655125138,87.616918111081,5.342791455991305,14.68856843878807,0.0,3
77,-5.183246073298429,-72.5,0.2367,20.2808170996596,88.72800556426442,6.188054009172221,17.612779394319944,0.36666666666666664,6
78,-4.2408376963350785,-72.5,0.2367,31.77873724478329,80.69296546323856,7.493631078711199,21.10248042504278,0.4090909090909091,20
79,-3.298429319371728,-72.5,0.2367,41.2065379729962,92.31271491284717,8.955827228218153,26.905054595898967,0.28615384615384615,62
80,-2.356020942408377,-72.5,0.2367,54.99589853342272,90.0916560652417,10.529156368913084,29.420163072845813,0.31955645161290325,127
81,-1.4136125654450262,-72.5,0.2367,71.82556147651262,94.99632746021221,11.647845614836246,34.66423285495214,0.2407843137254902,278
82,-0.4712041884816754,-72.5,0.2367,96.42931586474377,97.18390878891172,12.49987400627807,38.71945649999037,0.24953358208955223,616
83,0.4712041884816754,-72.5,0.2367,112.38507776188756,97.91441334761043,12.077102393020459,39.70497736070277,0.24666432584269662,946
84,1.4136125654450262,-72.5,0.2367,139.05617832033337,100.0314567608395,10.516514389000829,45.172755192076934,0.20640569395017794,1210
85,-14.607329842931941,-71.25,0.2367,1.9974586652387523,24.211184937793746,1.3755016986256803,1.5874040213234628,0.0,0
86,-13.664921465968591,-71.25,0.2367,16.31070011269054,46.05089672107233,3.4029242868874716,10.22941105891914,0.4166666666666667,9
87,-12.72251308900524,-71.25,0.2367,14.78092688463126,58.23987928919003,7.137823590975946,11.276099523574775,0.2777777777777778,7
88,-11.780104712041888,-71.25,0.2367,6.420015523054955,86.43701454811,7.162688094898778,5.939075377244355,0.2857142857142857,1
89,-10.837696335078537,-71.25,0.2367,5.01267962554885,88.0364955252253,6.361970741208492,5.953000868456808,0.0,1
90,-9.895287958115185,-71.25,0.2367,5.037041362024758,84.85712476040223,5.783262166536897,6.803215973639014,0.0,1
91,-8.952879581151834,-71.25,0.2367,6.841436156288153,74.19028510255309,5.558950961754947,6.970987415007588,0.0,0
92,-8.010471204188482,-71.25,0.2367,8.211662023700796,27.886407183796642,5.392100238213458,2.53653542161825,0.0,0
93,-7.0680628272251305,-71.25,0.2367,11.85326529496973,78.10829295281496,5.786880170917883,8.029622807815294,0.0,0
94,-6.12565445026178,-71.25,0.2367,12.714583956778574,89.88794991938785,6.144462109396677,10.803074366054345,0.0,1
95,-5.183246073298429,-71.25,0.2367,17.322850519323545,93.6159630840403,7.289642513727493,14.472465480762994,0.35714285714285715,3
96,-4.2408376963350785,-71.25,0.2367,26.65940123445374,90.50765270407514,8.693001855221365,17.397504630105338,0.4166666666666667,8
97,-3.298429319371728,-71.25,0.2367,35.879201616572175,93.2462984416738,9.883395724375497,22.057154980700552,0.3030769230769231,43
98,-2.356020942408377,-71.25,0.2367,51.392642756179214,90.72426364662985,11.673788261785523,26.52688116421443,0.3390804597701149,78
99,-1.4136125654450262,-71.25,0.2367,67.11636208430943,97.22313179956114,13.469742642044366,28.983891136729326,0.29915433403805497,177
100,-0.4712041884816754,-71.25,0.2367,93.03804872030075,98.38967396324733,14.202412866213548,33.05569597524413,0.2710223835450696,383
101,0.4712041884816754,-71.25,0.2367,117.95872089788156,100.03968795906985,13.915538351205747,36.06223316626965,0.24537037037037038,754
102,1.4136125654450262,-71.25,0.2367,142.10445030920187,90.03410326473353,11.560084972342565,35.99393247680873,0.27292110874200426,937
103,-13.664921465968591,-70.0,0.2367,23.39161179642508,61.396808822468515,5.020254469452832,17.20695002226637,0.3181818181818182,17
104,-12.72251308900524,-70.0,0.2367,9.173610483184534,56.504492829578375,6.9226688716774785,5.022347658679362,0.5,1
105,-11.780104712041888,-70.0,0.2367,3.933656559341128,79.45627118479528,6.161643207234906,3.898246189648547,0.5,0
106,-10.837696335078537,-70.0,0.2367,4.479959730565013,52.96746438489781,5.765438080717674,3.450796764121278,0.0,0
107,-9.895287958115185,-70.0,0.2367,4.485799534275351,83.18574238780644,5.616403507350254,5.8177065832402475,0.0,0
108,-8.952879581151834,-70.0,0.2367,6.305006241678931,56.70072829936461,5.728525908086852,4.504833295037946,0.0,0
109,-8.010471204188482,-70.0,0.2367,6.211716616182813,46.8725863769467,5.769732591632097,3.277404603656466,0.0,0
110,-7.0680628272251305,-70.0,0.2367,7.983493488567309,86.55843892213883,6.361345848923113,6.4449850367256305,0.0,0
111,-6.12565445026178,-70.0,0.2367,10.773898369337354,92.72975075737655,6.825195252294783,8.887603885360459,0.0,0
112,-5.183246073298429,-70.0,0.2367,15.90540390670767,93.91605046112574,7.971146324260859,12.118247593769063,0.4,3
113,-4.2408376963350785,-70.0,0.2367,22.031260731709494,84.20638188291191,9.42101279751574,12.635389805034865,0.43636363636363634,3
114,-3.298429319371728,-70.0,0.2367,29.75891555359253,88.49997693578833,10.90353318852819,18.167966504695077,0.35714285714285715,18
115,-2.356020942408377,-70.0,0.2367,44.22284607110795,92.8948765891303,12.958944489706058,22.886886707780562,0.3172905525846702,54
116,-1.4136125654450262,-70.0,0.2367,59.00068617673714,93.41013469916787,14.66378307859402,24.120514138663637,0.354251012145749,119
117,-0.4712041884816754,-70.0,0.2367,84.63726617712526,97.18121449619565,15.566717767835,27.56567176899282,0.34574468085106386,267
118,0.4712041884816754,-70.0,0.2367,113.29267627566766,100.35056473528064,15.08684172361165,31.20815824830879,0.3082010582010582,574
119,1.4136125654450262,-70.0,0.2367,140.99256664315715,98.96498221668081,12.396559528690943,33.52264692619884,0.29528535980148884,794
120,-15.549738219895294,-68.75,0.2367,18.334308088702574,72.342630671937,3.2083496732422376,23.02816292569596,0.1507177033492823,66
121,-14.607329842931941,-68.75,0.2367,26.47580317894541,59.76678739999885,4.202772534160265,18.946548363298618,0.28846153846153844,27
122,-13.664921465968591,-68.75,0.2367,16.161931648658165,76.50701720134907,5.520288069319782,10.077673381442617,0.4642857142857143,4
123,-12.72251308900524,-68.75,0.2367,2.8181290345773187,73.66138244954023,5.876401408327505,2.414047905372791,0.5333333333333333,0
124,-11.780104712041888,-68.75,0.2367,2.443615613872658,43.26090621625064,5.39329626043449,2.047014992091732,0.5,0
125,-10.837696335078537,-68.75,0.2367,3.222238501383755,26.500608429029025,5.534065363059882,1.5963613684079085,0.0,0
126,-9.895287958115185,-68.75,0.2367,3.64295489460876,65.85914356162027,5.560008612055312,3.7286499029419073,0.0,0
127,-8.952879581151834,-68.75,0.2367,2.9044126830429073,22.426722479733154,5.843241151532735,1.1229784724970497,0.0,0
128,-8.010471204188482,-68.75,0.2367,2.644235739129366,87.72368679878086,6.14671571807449,3.5471958696912913,0.0,0
129,-7.0680628272251305,-68.75,0.2367,3.8209675643059704,91.65085763898912,6.581331068329032,4.35857775488542,0.0,0
130,-6.12565445026178,-68.75,0.2367,6.866858315873177,93.8911770266492,7.251881381423635,5.6405309887682575,0.0,0
131,-5.183246073298429,-68.75,0.2367,12.339217097917189,94.89506582901629,8.543954828850836,8.476815917264666,0.6666666666666666,1
132,-4.2408376963350785,-68.75,0.2367,17.599028147434808,93.17652852667243,9.999944123550776,10.948942580287563,0.3787878787878788,5
133,-3.298429319371728,-68.75,0.2367,27.444569354880553,95.37374758838286,11.795583072230714,14.389820228469711,0.391812865497076,12
134,-2.356020942408377,-68.75,0.2367,38.04497367099564,92.2244457938006,13.287318854918773,16.896902837820143,0.39,18
135,-1.4136125654450262,-68.75,0.2367,52.283859023959934,95.2486145498866,15.495969448668475,21.265498031371028,0.37857142857142856,74
136,-0.4712041884816754,-68.75,0.2367,72.74272531455144,99.19211971609676,16.701675466803902,24.888239757213675,0.34775510204081633,258
137,0.4712041884816754,-68.75,0.2367,104.21852225039682,99.88922415802674,15.57505598001108,27.72506902955556,0.3493935309973046,476
138,1.4136125654450262,-68.75,0.2367,146.00241031313374,100.35460341967182,13.954485845461763,34.57519607310934,0.2833861475780896,721
139,2.356020942408377,-68.75,0.2367,205.02819805527207,100.84453858734459,11.222664369084578,38.06342421553728,0.24527602815857724,934
140,-16.492146596858646,-67.5,0.2367,30.32401266173356,24.825270585912257,1.6691747876216356,15.845156746387033,0.39285714285714285,38
141,-15.549738219895294,-67.5,0.2367,28.174607355335237,41.320836023061666,3.6207049908647218,18.775804427865666,0.2184873949579832,42
142,-14.607329842931941,-67.5,0.2367,10.457904552426072,65.34468718253446,4.655189448946942,5.163223089378548,0.5,0
143,-13.664921465968591,-67.5,0.2367,1.9195212174957321,74.05881888891577,4.852778234119543,1.9666263376129463,0.5833333333333334,0
144,-12.72251308900524,-67.5,0.2367,1.3675387756986455,85.8033322481237,5.064178972501079,2.758146836704942,0.5,0
145,-11.780104712041888,-67.5,0.2367,2.0206338561503925,79.66141648821629,4.938492555950803,4.559673192893672,0.0,0
146,-10.837696335078537,-67.5,0.2367,1.8548219990483896,47.89912565353692,5.220298763514823,2.3047335685726926,0.0,0
147,-9.895287958115185,-67.5,0.2367,1.4708018354803203,8.670170253644319,5.708841347164949,0.3531982829259586,0.0,0
148,-8.952879581151834,-67.5,0.2367,0.8860527903547593,50.614473082110884,5.926673170425423,1.7604777247199224,0.0,0
149,-8.010471204188482,-67.5,0.2367,2.155027637183222,92.17891625235991,6.439928903833093,3.022666813537888,0.0,0
150,-7.0680628272251305,-67.5,0.2367,4.366574424818528,92.23607720953056,6.956170183625,3.750933987415026,0.0,0
151,-6.12565445026178,-67.5,0.2367,5.507733886406005,92.95189645800127,7.6244850029723965,4.636585721115343,0.0,0
152,-5.183246073298429,-67.5,0.2367,9.361175795343303,94.63699653599822,8.995612264418765,6.582098154111861,0.0,0
153,-4.2408376963350785,-67.5,0.2367,15.74169358182039,93.68826856033151,10.538804530334948,8.98051769080247,0.36666666666666664,5
154,-3.298429319371728,-67.5,0.2367,24.265775135061773,94.40531303851265,12.629350311569953,11.00593470020835,0.39210526315789473,8
155,-2.356020942408377,-67.5,0.2367,33.66303784684186,95.08239060487988,14.134900669312648,13.387485583699762,0.3933333333333333,12
156,-1.4136125654450262,-67.5,0.2367,46.273693953622825,96.59025068768759,16.114217335969904,18.331375576334537,0.38492063492063494,44
157,-0.4712041884816754,-67.5,0.2367,65.13600442559658,97.2850120346605,16.839753467467787,22.409847363208033,0.36632747456059206,177
158,0.4712041884816754,-67.5,0.2367,89.28886936221505,101.0172992182709,16.794346606607924,27.174069798367015,0.32730356133408706,496
159,1.4136125654450262,-67.5,0.2367,138.86709021130056,103.01758488045851,15.809155656698067,34.80930865263991,0.25942857142857145,824
160,2.356020942408377,-67.5,0.2367,216.23849504516,97.50517130815142,13.035393450723799,39.474245782353485,0.23710407239819004,780
161,-18.376963350785346,-66.25,0.2367,9.428216568484498,12.508303752337376,0.26382362184853736,4.857019814216039,0.0,1
162,-17.434554973821996,-66.25,0.2367,27.048571170462207,29.58882243710927,1.4829694699444083,10.006081927808063,0.08333333333333333,6
163,-16.492146596858646,-66.25,0.2367,32.33177651736462,62.1795991317898,2.589815137326177,28.675959527109573,0.08695652173913043,75
164,-15.549738219895294,-66.25,0.2367,9.294912589954016,79.00644675021971,3.5985270230022834,6.478237760829496,0.0,0
165,-14.607329842931941,-66.25,0.2367,1.1046813121904493,85.72715890170052,3.858244529201919,1.8116033302802903,0.0,0
166,-13.664921465968591,-66.25,0.2367,1.516952158764975,31.937960070208014,1.597002123655848,2.721455901855017,0.0,0
167,-12.72251308900524,-66.25,0.2367,0.7593902717783174,90.41264805797255,4.613169704123911,3.074466685166812,0.0,0
168,-11.780104712041888,-66.25,0.2367,1.2224744696207885,86.98196027436114,4.735987343427028,3.2906631731883254,0.0,0
169,-10.837696335078537,-66.25,0.2367,0.9297062161951697,73.11312223552628,4.986741202570039,2.3635316463119214,0.0,0
170,-9.895287958115185,-66.25,0.2367,1.1866254519074904,60.056683513893056,5.509547280048247,2.1231139617037327,0.0,0
171,-8.952879581151834,-66.25,0.2367,1.5850285647252296,65.06333333697027,6.0998806436902715,2.401687073182851,0.0,0
172,-8.010471204188482,-66.25,0.2367,2.3350894417113546,90.52525831917802,6.764339226503436,2.5804891522536093,0.0,0
173,-7.0680628272251305,-66.25,0.2367,3.4538243085180413,92.22333881595682,7.364799011471041,3.135211766471099,0.0,0
174,-6.12565445026178,-66.25,0.2367,4.743130107114829,92.8141884041449,8.117985540044547,4.274065401895944,0.0,0
175,-5.183246073298429,-66.25,0.2367,6.87742439331379,93.87579604459373,9.322385540472919,4.684927885975824,0.0,0
176,-4.2408376963350785,-66.25,0.2367,11.836365812183397,94.47688108981366,11.09775944172119,6.335799396917019,0.43333333333333335,2
177,-3.298429319371728,-66.25,0.2367,19.592274156403676,93.53267060677437,13.098953928660602,7.715097486603057,0.4064327485380117,2
178,-2.356020942408377,-66.25,0.2367,25.928747990834122,99.57596004455259,15.40610014454089,9.451828234139477,0.4,8
179,-1.4136125654450262,-66.25,0.2367,40.21920597843808,96.95974037982523,16.248323809359604,14.427008346234688,0.4180035650623886,26
180,-0.4712041884816754,-66.25,0.2367,54.43473880732851,98.43011900574291,17.43745893677152,16.818945033614614,0.39147286821705424,83
181,0.4712041884816754,-66.25,0.2367,82.60273669087692,99.54655935855642,17.698602724268348,22.046227249996175,0.360105580693816,290
182,1.4136125654450262,-66.25,0.2367,117.92894005044468,94.85279207361572,17.081811273946755,25.411066550436495,0.35661764705882354,390
183,2.356020942408377,-66.25,0.2367,169.47641064731746,100.53753414897577,15.01200523445243,27.555763916711815,0.2973856209150327,558
184,-18.376963350785346,-65.0,0.2367,18.887724463638982,27.816121349437758,0.7343636936395199,11.636209300905676,0.0,5
185,-17.434554973821996,-65.0,0.2367,24.2821293595341,32.63756935971508,1.7026301558220198,9.67227361202808,0.0,1
186,-16.492146596858646,-65.0,0.2367,10.860122763504162,74.37875915021849,2.4649732772277217,8.631014248845045,0.0,0
187,-15.549738219895294,-65.0,0.2367,1.9507581102630032,47.31680669861078,1.72083474441565,2.7330475265281278,0.0,0
188,-14.607329842931941,-65.0,0.2367,1.0252473588740219,61.52453512918647,2.380195886777286,1.2350171596851145,0.0,0
189,-13.664921465968591,-65.0,0.2367,0.9625699196768842,42.849518417639715,1.8429313770269558,2.2558289843567714,0.0,0
190,-12.72251308900524,-65.0,0.2367,1.1335607880328533,54.51270210915768,2.52160840893093,2.155728602909009,0.0,0
191,-11.780104712041888,-65.0,0.2367,1.1156247542271576,84.32247319960067,4.636342228860641,2.214678624470176,0.0,0
192,-10.837696335078537,-65.0,0.2367,0.7715995158972095,58.23257168891648,4.870367358480914,1.263687409595068,0.0,0
193,-9.895287958115185,-65.0,0.2367,0.8264442319323999,21.29275767841218,5.535744686715878,0.53051747699225,0.0,0
194,-8.952879581151834,-65.0,0.2367,1.2509916530146121,48.78086157480194,6.139263910815629,1.5801884929896648,0.0,0
195,-8.010471204188482,-65.0,0.2367,1.710965823888189,79.90883212584299,7.041476796608325,2.361742984986138,0.0,0
196,-7.0680628272251305,-65.0,0.2367,2.8907392968936874,80.23640048187858,7.946247662005646,2.5610536520972755,0.0,0
197,-6.12565445026178,-65.0,0.2367,4.37455574406527,94.5457080621097,8.694827619517673,2.914481190478991,0.0,0
198,-5.183246073298429,-65.0,0.2367,5.357749600713339,86.60042841647322,9.885973619937388,3.2602326827739763,0.0,0
199,-4.2408376963350785,-65.0,0.2367,8.762298783308337,84.21167693291602,11.534642783334691,3.5887985423881896,0.45,0
200,-3.298429319371728,-65.0,0.2367,11.289269919665292,86.25813334651855,13.759959228706206,4.052230887240162,0.46153846153846156,0
201,-2.356020942408377,-65.0,0.2367,19.27927871555738,100.18455457102336,15.854425426923694,7.2143117134542845,0.42934782608695654,2
202,-1.4136125654450262,-65.0,0.2367,37.517158122446425,96.55292379625664,17.034479261356946,12.19995469031387,0.4235294117647059,25
203,-0.4712041884816754,-65.0,0.2367,54.13288741504505,100.9313690193695,18.76408046582213,13.285449131566578,0.40064102564102566,37
204,0.4712041884816754,-65.0,0.2367,89.68469973976576,102.20581706970938,19.243141377300205,18.95156014898337,0.3596078431372549,242
205,1.4136125654450262,-65.0,0.2367,120.92680121324811,107.8644488378184,18.608848539796593,22.50924325402958,0.3388235294117647,362
206,-20.261780104712045,-63.75,0.2367,6.920537408987689,18.039697232743492,0.0,1.8087789876036622,0.0,0
207,-19.319371727748695,-63.75,0.2367,9.448726191105397,23.422952426434303,0.6721969780572937,3.3282289685418793,0.0,0
208,-18.376963350785346,-63.75,0.2367,12.48963932346833,30.74737271080387,0.9339985013034184,5.931088353325313,0.0,0
209,-17.434554973821996,-63.75,0.2367,12.190616373413008,15.907579494685015,1.2556214981212193,2.7782103109594773,0.0,0
210,-16.492146596858646,-63.75,0.2367,2.8756580278129,45.641648948972595,1.3902541580587375,4.836986687849541,0.0,0
211,-15.549738219895294,-63.75,0.2367,1.0255517442516018,68.5276517415004,2.2153048865199354,1.639411901144577,0.0,0
212,-14.607329842931941,-63.75,0.2367,0.49610878814279724,77.57069293395806,2.6537992557446537,1.1516133923233594,0.0,0
213,-13.664921465968591,-63.75,0.2367,0.36852030654209833,66.28328234796523,2.501271374176705,1.050879622639752,0.0,0
214,-12.72251308900524,-63.75,0.2367,-0.007894413813157808,90.79868209840674,3.8610669100597663,1.1274677033031704,0.0,0
215,-11.780104712041888,-63.75,0.2367,-0.1337971245737406,34.30268001512733,4.416617788030517,0.4443604664521553,0.0,0
216,-10.837696335078537,-63.75,0.2367,0.26598269701804944,38.428237212239964,2.3476675192308156,0.8018047497329209,0.0,0
217,-9.895287958115185,-63.75,0.2367,0.2670104921796299,21.300976215693396,4.509047305785875,0.37258107125364304,0.0,0
218,-8.952879581151834,-63.75,0.2367,0.2170646440644033,8.67180449894769,6.700719244583166,0.14310041844286842,0.0,0
219,-8.010471204188482,-63.75,0.2367,1.08946166800314,32.58931177577787,7.217343452505402,0.778268228754314,0.0,0
220,-7.0680628272251305,-63.75,0.2367,1.7883952078941268,70.53383461020022,8.055660466851016,1.720597001542361,0.0,0
221,-6.12565445026178,-63.75,0.2367,3.0061420912694343,95.15868201400714,9.189512386760542,2.4028335228745683,0.0,0
222,-5.183246073298429,-63.75,0.2367,3.4617123873718256,90.48484307572356,10.509112971905807,2.5314550718797,0.0,0
223,-4.2408376963350785,-63.75,0.2367,6.043550691206304,75.47643193731602,12.646474329987601,2.257618901111648,0.4166666666666667,0
224,-3.298429319371728,-63.75,0.2367,7.375404389106485,97.63068464998437,13.966026431291754,2.8631854376498374,0.4444444444444444,0
225,-2.356020942408377,-63.75,0.2367,16.139764794425137,93.8964533912015,15.418771534110164,5.394480447026321,0.4666666666666667,0
226,-1.4136125654450262,-63.75,0.2367,35.283953100458106,97.60798595683592,17.585686368670434,10.490784229450147,0.4176470588235294,19
227,-0.4712041884816754,-63.75,0.2367,54.63242209628817,106.01232645293591,19.9222899500384,12.341635581987097,0.3821353065539112,43
228,0.4712041884816754,-63.75,0.2367,91.63038863197201,108.32689447080753,20.742727137933876,16.029992103080556,0.35671191553544496,196
229,1.4136125654450262,-63.75,0.2367,137.38415520831342,112.514073307209,20.218272615330683,22.48884948175864,0.29104010025062654,356
230,3.298429319371728,-63.75,0.2367,244.15165502221885,117.9683891662532,10.778932310024594,36.21487726649322,0.32521008403361346,322
231,-19.319371727748695,-62.5,0.2367,8.077734363052032,18.253483725497105,0.48075399638461785,2.1041801905316246,0.0,0
232,-18.376963350785346,-62.5,0.2367,7.280933340445052,6.555099353518727,0.4796342415179571,1.2009878451384934,0.0,0
233,-17.434554973821996,-62.5,0.2367,4.323079164842183,4.220540769183586,0.520528722142927,0.5326952305676795,0.0,0
234,-16.492146596858646,-62.5,0.2367,2.1459532505084775,34.75826353193162,1.0616963594728062,2.1533311956899253,0.0,0
235,-15.549738219895294,-62.5,0.2367,0.9940164574430821,23.876862551224907,1.1317918297285399,1.2583029029566846,0.0,0
236,-14.607329842931941,-62.5,0.2367,0.8329532321715012,53.63103886584538,1.8612006290032637,1.3966394698164484,0.0,0
237,-13.664921465968591,-62.5,0.2367,0.33379462480177313,87.82412925208305,2.998458343058153,1.1570645508404893,0.0,0
238,-12.72251308900524,-62.5,0.2367,-0.22671928824627308,89.18068435660966,3.5794286830174653,0.7872605351035148,0.0,0
239,-11.780104712041888,-62.5,0.2367,-0.1195624159267129,34.9591187177046,3.972399145888694,0.39107219671498106,0.0,0
240,-10.837696335078537,-62.5,0.2367,-0.00936616705719251,42.082247139152216,4.22681830544725,0.4859786039398467,0.0,0
241,-9.895287958115185,-62.5,0.2367,0.3321060354461951,1.059521265435025,4.408916628954557,0.012791079960960494,0.0,0
242,-8.952879581151834,-62.5,0.2367,-0.13188994508203677,32.218610572912176,6.790580729410616,0.27370061470931867,0.0,0
243,-8.010471204188482,-62.5,0.2367,-0.25742920673691594,41.18304940000273,7.473209413577815,0.4229361864043017,0.0,0
244,-7.0680628272251305,-62.5,0.2367,-0.15361318291550674,16.425922071401374,8.417111041835545,0.15675874590920727,0.0,0
245,-6.12565445026178,-62.5,0.2367,0.9038999631906286,63.41458121816537,9.576028274392456,0.7878354734654975,0.0,0
246,-5.183246073298429,-62.5,0.2367,2.4287906419268213,96.9122280645804,11.125933251010245,1.7951267548425287,0.0,0
247,-4.2408376963350785,-62.5,0.2367,4.379883529425597,69.51624708453863,13.3948113637464,1.3432634901249085,0.45,0
248,-3.298429319371728,-62.5,0.2367,6.960100422497673,96.4034409548698,14.524780095856595,2.793864314182307,0.4444444444444444,0
249,-2.356020942408377,-62.5,0.2367,14.030191240978592,94.7241822192222,15.799147208491451,4.561452163978327,0.45614035087719296,0
250,-1.4136125654450262,-62.5,0.2367,33.35931475854811,89.52637776578938,18.968765680625882,7.297514228737239,0.4018492176386913,9
251,-0.4712041884816754,-62.5,0.2367,59.59124322871867,104.3640401597733,19.933228356787467,12.266885692858157,0.37465309898242366,67
252,0.4712041884816754,-62.5,0.2367,110.57283857028217,111.56516078354453,22.03531920504788,18.072085078978006,0.27802579365079366,228
253,1.4136125654450262,-62.5,0.2367,167.65532358014588,112.71908722034584,21.848888823611436,25.260872188922548,0.29207021791767557,298
254,2.356020942408377,-62.5,0.2367,222.62648412155116,119.65185565808451,19.813588787275865,29.626880196471273,0.3188277087033748,289
255,3.298429319371728,-62.5,0.2367,260.35126164880484,124.67643636104185,17.470370268240995,33.052021087761524,0.35237068965517243,219
256,-18.376963350785346,-61.25,0.2367,4.537057188345109,24.009186943315253,0.4669833366762394,2.786336422612073,0.0,0
257,-17.434554973821996,-61.25,0.2367,2.997134498486594,22.044669454811558,0.6575657827538344,1.6887227609317503,0.0,0
258,-16.492146596858646,-61.25,0.2367,1.857441384883408,27.720808950568294,1.0021969912934325,1.15815506176483,0.0,0
259,-15.549738219895294,-61.25,0.2367,1.0422087674976084,22.468278494336225,1.1584760620778682,0.9079595702012632,0.0,0
260,-14.607329842931941,-61.25,0.2367,0.7409946978392512,76.12184726227844,2.373385820428308,1.160835676350893,0.0,0
261,-13.664921465968591,-61.25,0.2367,0.13634389492999632,84.41790462631222,2.9482679380779335,0.7057031976760181,0.0,0
262,-12.72251308900524,-61.25,0.2367,-0.09824017652975203,22.941250557469388,3.4453278707664334,0.1844184070434429,0.0,0
263,-11.780104712041888,-61.25,0.2367,-0.15471510849505932,15.341499991421895,3.736420637413966,0.1423152578040804,0.0,0
264,-10.837696335078537,-61.25,0.2367,0.1277191070420356,25.108007024724145,2.7113229452332206,0.31339195056350383,0.0,0
265,-9.895287958115185,-61.25,0.2367,-0.2122267072545121,30.93874473552977,5.3749156451514315,0.2628001759087577,0.0,0
266,-8.952879581151834,-61.25,0.2367,-0.3940616026648338,51.97602794194809,6.772455174023846,0.5130021675288838,0.0,0
267,-8.010471204188482,-61.25,0.2367,-0.5626597859910352,57.28265539393973,7.88253442700338,0.5429418149425844,0.0,0
268,-7.0680628272251305,-61.25,0.2367,-0.1902795465726519,79.3076373996791,8.63224818891361,0.7403342882840481,0.0,0
269,-6.12565445026178,-61.25,0.2367,0.7436558985148443,72.52321200254354,10.083245217880714,0.8085615092402785,0.0,0
270,-5.183246073298429,-61.25,0.2367,2.7766995638176972,78.39311256148979,11.582855500939964,1.2306847216137082,0.0,0
271,-4.2408376963350785,-61.25,0.2367,5.345243250880811,45.07867582967601,13.335278636539714,1.0780516023568472,0.45,0
272,-3.298429319371728,-61.25,0.2367,8.308196661244896,52.07316649217767,15.898742869135221,1.5189883771803925,0.4166666666666667,0
273,-2.356020942408377,-61.25,0.2367,13.476141346371993,100.63324789363533,16.793331494453547,4.028394918316875,0.45098039215686275,0
274,-1.4136125654450262,-61.25,0.2367,29.325431963216978,92.48301342455214,18.30648442069398,6.869337667514385,0.4260504201680672,9
275,-0.4712041884816754,-61.25,0.2367,61.94615024768868,73.93677017136477,19.666421250433437,8.17946695689373,0.40418118466898956,28
276,0.4712041884816754,-61.25,0.2367,115.93059202147924,78.77642125326382,21.663459832665218,12.84020837974734,0.36569148936170215,120
277,1.4136125654450262,-61.25,0.2367,181.99686774999796,66.02693329692507,22.288100561802494,14.822906130642751,0.3293877551020408,163
278,2.356020942408377,-61.25,0.2367,236.41118806646153,17.673955711778937,22.37366693978452,3.7246811762989447,0.4268774703557312,7
279,3.298429319371728,-61.25,0.2367,244.2119454497721,90.07863086283032,21.39902419207448,15.402701365794103,0.39969135802469136,100
280,4.2408376963350785,-61.25,0.2367,257.9748336222691,107.31719783524797,11.965369568633074,19.02122935819815,0.45925925925925926,81
281,-15.549738219895294,-60.0,0.2367,1.0568838170564834,31.811556599494434,0.8571946232942055,0.8775213305669116,0.0,0
282,-14.607329842931941,-60.0,0.2367,0.9244744719793374,46.02293560201228,2.371228971522582,0.5171071713024806,0.0,0
283,-13.664921465968591,-60.0,0.2367,0.18977216214068182,32.07814226708334,2.80268199148788,0.266482717670707,0.0,0
284,-12.72251308900524,-60.0,0.2367,-0.11112089509664613,34.6083806911064,2.819184979292435,0.3033188380960144,0.0,0
285,-11.780104712041888,-60.0,0.2367,-0.18293402778614987,68.38610259707625,3.85546028061516,0.6261617349835396,0.0,0
286,-10.837696335078537,-60.0,0.2367,-0.020224606394359412,76.27198971111633,4.271569640184566,0.8157604999590392,0.0,0
287,-9.895287958115185,-60.0,0.2367,-0.2942989467748893,47.67880421862356,5.756825277207936,0.5189112683680216,0.0,0
288,-8.952879581151834,-60.0,0.2367,-0.5847770139753297,59.461618816297694,7.113149503355715,0.6073314329616479,0.0,0
289,-8.010471204188482,-60.0,0.2367,-0.7953739885373245,82.16149281351372,8.405551217653782,0.729844694838683,0.0,0
290,-7.0680628272251305,-60.0,0.2367,0.22700540174897288,33.89659612072166,9.463374850821276,0.3856792184133314,0.0,0
291,-6.12565445026178,-60.0,0.2367,1.076405255593992,68.38892673287698,10.360365689503382,0.8811147550495936,0.0,0
292,-5.183246073298429,-60.0,0.2367,2.141834303900427,72.35430395110005,12.3345456836962,0.9234905845534567,0.0,0
293,-4.2408376963350785,-60.0,0.2367,5.08043700912251,32.58855134917801,14.200465217911804,0.7147144447189947,0.45,0
294,-3.298429319371728,-60.0,0.2367,9.432851500291452,13.108588717467647,17.123146544476803,0.33808015897198995,0.42857142857142855,0
295,-2.356020942408377,-60.0,0.2367,14.580202786745026,7.545697678726106,16.22314772571118,0.3199298786143756,0.48484848484848486,0
296,-1.4136125654450262,-60.0,0.2367,25.238308705571537,58.473196374804395,18.024590175427164,3.244321779507023,0.4470899470899471,0
297,-0.4712041884816754,-60.0,0.2367,55.748650814601646,94.51236476599601,20.487607856353918,8.31012445050478,0.38743961352657,40
298,0.4712041884816754,-60.0,0.2367,105.94642920787703,97.87576735799567,22.479302890019685,12.954356533871074,0.32583454281567487,114
299,1.4136125654450262,-60.0,0.2367,175.35339308884986,21.5354753831054,22.843587116359025,3.581767235502983,0.43349753694581283,6
300,2.356020942408377,-60.0,0.2367,246.57752267833703,67.06995168082744,22.622884289274417,10.244613436927148,0.37542087542087543,69
301,3.298429319371728,-60.0,0.2367,262.71547875515944,112.06334895037169,24.65286958100463,11.827630263614868,0.3995381062355658,68
302,4.2408376963350785,-60.0,0.2367,277.6187119861128,123.83631981721474,22.007075381425615,11.310195340059726,0.42011834319526625,37
303,5.183246073298429,-60.0,0.2367,257.30770123474485,117.44214194547348,12.220848655167599,8.572295551116392,0.5185185185185185,11
304,-13.664921465968591,-58.75,0.2367,0.2833050952566887,36.13593268947353,1.1756028163532344,0.5515980246373606,0.0,0
305,-12.72251308900524,-58.75,0.2367,-0.13805418607985032,66.33351832247683,2.5884572084631405,0.5769295014659563,0.0,0
306,-11.780104712041888,-58.75,0.2367,-0.3159975587090902,61.36817938049389,4.125445300157048,0.45168495532587005,0.0,0
307,-10.837696335078537,-58.75,0.2367,-0.2164202004078437,21.434448398674963,5.20533813064762,0.20420028169587245,0.0,0
308,-9.895287958115185,-58.75,0.2367,-0.271261123691779,13.115475045362333,6.599994619058914,0.15841977122550552,0.0,0
309,-8.952879581151834,-58.75,0.2367,-0.5178857959140697,52.32195726612983,7.421002142838327,0.6039238160533149,0.0,0
310,-8.010471204188482,-58.75,0.2367,-0.4772763403940792,86.42451697422757,8.366645315435184,0.9490402495055186,0.0,0
311,-7.0680628272251305,-58.75,0.2367,0.14405698532792943,48.756011401037966,9.659953153082332,0.5836858968221731,0.0,0
312,-6.12565445026178,-58.75,0.2367,1.1294429518847995,88.16722875033592,10.690592920900626,1.2841229487432246,0.0,0
313,-5.183246073298429,-58.75,0.2367,2.1058639460538213,94.59826234732287,12.352065534542483,1.443850945512749,0.0,0
314,-4.2408376963350785,-58.75,0.2367,4.774747055109897,59.80348103513223,14.631780801867537,1.2799359674896407,0.45,0
315,-3.298429319371728,-58.75,0.2367,7.653830091117271,15.227992330785785,18.002753455696322,0.36647669304990516,0.40808823529411764,0
316,-2.356020942408377,-58.75,0.2367,11.297524938711476,65.45951137349172,16.98220212616776,2.237187619040238,0.4621212121212121,0
317,-1.4136125654450262,-58.75,0.2367,20.155072921023237,98.93095762397952,18.88309087804974,4.233305203257271,0.4367816091954023,2
318,-0.4712041884816754,-58.75,0.2367,44.92453436768773,103.4326320175808,20.975723998662115,7.9695223866324785,0.3885017421602787,39
319,0.4712041884816754,-58.75,0.2367,99.90265546689804,106.77065194920824,23.59052145419495,13.780973672557746,0.31825037707390647,92
320,-13.664921465968591,-57.5,0.2367,-0.20087680425935772,60.9449284819013,1.9230852660088897,0.34806259710137644,0.0,0
321,-12.72251308900524,-57.5,0.2367,-0.44954743183452306,60.53842482243258,2.723370769604205,0.3293360959167716,0.0,0
322,-11.780104712041888,-57.5,0.2367,-0.5153757410585194,25.99961142324817,4.2505887532454825,0.1540040262336862,0.0,0
323,-10.837696335078537,-57.5,0.2367,-0.41844981503647904,31.04119118657146,5.492283406101972,0.2600910591010742,0.0,0
324,-9.895287958115185,-57.5,0.2367,-0.5018637753277979,6.028832248157969,6.883751203017302,0.06070874627867898,0.0,0
325,-8.952879581151834,-57.5,0.2367,-0.6560624809357927,58.68031707122664,7.997826394617236,0.7090528519639628,0.0,0
326,-8.010471204188482,-57.5,0.2367,-0.3748714893799572,59.99363881197473,8.724030551812655,0.8044607221296001,0.0,0
327,-7.0680628272251305,-57.5,0.2367,-0.10556777526971306,92.23177988686763,10.23405065715881,1.035478792188169,0.0,0
328,-6.12565445026178,-57.5,0.2367,1.019385329617191,52.76771757019339,11.885742642072062,0.7336033963901517,0.0,0
329,-5.183246073298429,-57.5,0.2367,2.953176095446568,87.18125246176078,13.330318326024253,1.4934283805397617,0.5,0
330,-4.2408376963350785,-57.5,0.2367,4.517419864473519,77.397458849033,14.586976185194573,1.492394987313731,0.5833333333333334,0
331,-3.298429319371728,-57.5,0.2367,6.3115939952977325,53.48242603189787,17.374324643348306,1.16171598062145,0.44696969696969696,0
332,-2.356020942408377,-57.5,0.2367,8.408512759546756,97.39631863215007,19.85005783947163,2.0618181684325676,0.40942028985507245,0
333,-1.4136125654450262,-57.5,0.2367,12.91809274577458,101.02895784601874,19.826065449413054,2.8097428094591015,0.4605911330049261,0
334,-0.4712041884816754,-57.5,0.2367,30.539230378538015,87.9836269941402,21.84840541517458,5.092866316689021,0.4116059379217274,17
335,0.4712041884816754,-57.5,0.2367,73.6863018516929,94.13276285000097,24.954752684247012,9.31303109326312,0.3526570048309179,61
336,1.4136125654450262,-57.5,0.2367,129.68481606199208,88.44726965348373,24.757408187109448,11.440348992693428,0.3603658536585366,46
337,-13.664921465968591,-56.25,0.2367,-0.03817870361269571,31.379881607969416,1.7187373013571594,0.2025844099212467,0.0,0
338,-12.72251308900524,-56.25,0.2367,-0.3939239854299728,41.47115328129256,2.6244546027672206,0.19649253599368394,0.0,0
339,-11.780104712041888,-56.25,0.2367,-0.9228342910264816,13.292764463800154,4.478949168036104,0.05079241211807474,0.0,0
340,-10.837696335078537,-56.25,0.2367,-1.14704595429167,31.599900845540397,6.0222564421696285,0.12842347267003457,0.0,0
341,-9.895287958115185,-56.25,0.2367,-1.4390853859219397,0.9547159051133612,7.383092626473928,0.00426399563601574,0.0,0
342,-8.952879581151834,-56.25,0.2367,-1.5489442241888358,76.83202044160753,8.340519590934777,0.46521871285955374,0.0,0
343,-8.010471204188482,-56.25,0.2367,-1.6051681589361642,67.38573377027073,8.415565593384073,0.30822303082452523,0.0,0
344,-7.0680628272251305,-56.25,0.2367,-1.325874488317073,48.894906468462786,9.920995531972128,0.20230216049974784,0.0,0
345,-6.12565445026178,-56.25,0.2367,-0.9766731281532417,44.4650503349331,11.714120585530674,0.293856502116528,0.0,0
346,-5.183246073298429,-56.25,0.2367,0.33315563642047286,38.349509711528114,14.143568575327572,0.30158981711549926,0.4166666666666667,0
347,-4.2408376963350785,-56.25,0.2367,1.6754174345848547,46.18376532958566,15.447220726665675,0.43193384086465975,0.5833333333333334,0
348,-3.298429319371728,-56.25,0.2367,3.2361287112923893,61.711636914264766,16.600432605698224,0.7955556917053321,0.5333333333333333,0
349,-2.356020942408377,-56.25,0.2367,6.2485692991017086,63.063823541654415,21.629428147458178,0.8262298154770393,0.3817663817663818,0
350,-1.4136125654450262,-56.25,0.2367,7.691364575764446,92.91390827197837,21.05094727572531,1.4709356514426297,0.47011494252873565,0
351,-0.4712041884816754,-56.25,0.2367,19.73087390977945,95.88428290781552,20.84649193483723,2.8139395841750123,0.43333333333333335,4
352,0.4712041884816754,-56.25,0.2367,48.57584412265477,100.73402524016588,23.233529103811833,5.181635441696891,0.38124156545209176,28
353,1.4136125654450262,-56.25,0.2367,84.84950371952706,113.5309143944456,25.74626436075997,8.629648552048641,0.3741109530583215,25
354,-14.607329842931941,-55.0,0.2367,0.08767383838538584,26.40187011152061,0.6729356394487505,0.3138191315886116,0.0,0
355,-13.664921465968591,-55.0,0.2367,-0.1562034008052552,57.974392957203555,1.903354612270575,0.33516021698877246,0.0,0
356,-12.72251308900524,-55.0,0.2367,-0.5381482028027607,29.392401541284304,3.448227449237197,0.10674635007017236,0.0,0
357,-11.780104712041888,-55.0,0.2367,-0.9389577403630903,5.031244173829213,4.423727487136667,0.015963407915204075,0.0,0
358,-10.837696335078537,-55.0,0.2367,-1.4258472773244166,4.385897032136055,5.929174162852403,0.01340003088791172,0.0,0
359,-9.895287958115185,-55.0,0.2367,-1.792415227101578,6.756745753884863,7.536459179371098,0.018074450945853245,0.0,0
360,-8.952879581151834,-55.0,0.2367,-1.9036020975305659,60.95937534117616,8.779492849731712,0.1161499048616984,0.0,0
361,-8.010471204188482,-55.0,0.2367,-1.7451622422327138,21.710159433599017,9.400007038126098,0.022425911695426525,0.0,0
362,-7.0680628272251305,-55.0,0.2367,-1.6833626047344417,40.98203524479725,11.16955629899264,0.08680849964508999,0.0,0
363,-6.12565445026178,-55.0,0.2367,-1.2790766966590095,57.73356838455041,12.382829536121324,0.16190504549911752,0.0,0
364,-5.183246073298429,-55.0,0.2367,-0.10056309905530103,66.17463808423165,14.125753962206392,0.2621799992829176,1.0,0
365,-4.2408376963350785,-55.0,0.2367,0.4701659872476336,23.03853242609542,14.843240518420737,0.08929275699224752,0.5833333333333334,0
366,-3.298429319371728,-55.0,0.2367,1.2662072149731012,22.75328642266795,17.40775303523407,0.12407318867369065,0.40476190476190477,0
367,-2.356020942408377,-55.0,0.2367,4.762310872067367,31.64577983599772,19.722623959277584,0.23071457822844474,0.3815789473684211,0
368,-1.4136125654450262,-55.0,0.2367,6.28739995537487,63.34080653768192,18.62656050245977,0.5822792368667077,0.47802197802197804,0
369,-0.4712041884816754,-55.0,0.2367,20.054262024416794,73.63667139616601,17.181510584703222,1.6196883856651731,0.47368421052631576,0
370,0.4712041884816754,-55.0,0.2367,39.257682624203156,83.73082849157636,20.225836606421947,2.7032480292008163,0.4246031746031746,5
371,1.4136125654450262,-55.0,0.2367,55.1993333465676,98.52980939744077,22.693475408085966,3.9021815985827173,0.4088669950738916,8
372,2.356020942408377,-55.0,0.2367,82.06800580718064,108.55713079568181,20.825718553895307,4.5681896581060615,0.41333333333333333,6
373,-14.607329842931941,-53.75,0.2367,-0.10850770964622797,47.694119808280725,1.1986019594455306,0.31080489830420244,0.0,0
374,-13.664921465968591,-53.75,0.2367,-0.4462033037043973,82.00126583116753,2.7654340296762014,0.20688447212221497,0.0,0
375,-12.72251308900524,-53.75,0.2367,-0.7074936781877103,44.90539582463518,3.7237145344336486,0.06236268979746823,0.0,0
376,-11.780104712041888,-53.75,0.2367,-1.0970634852671939,57.337850627707766,4.94772124597961,0.06811412673815492,0.0,0
377,-10.837696335078537,-53.75,0.2367,-1.5458800634783758,30.054261995085255,6.419197284468738,0.02120356964494466,0.0,0
378,-9.895287958115185,-53.75,0.2367,-1.871733808057758,28.278920807902324,7.813539352006769,0.007940784480673643,0.0,0
379,-8.952879581151834,-53.75,0.2367,-1.9753095502603393,80.39392333487108,8.8322931911648,0.012795657552455701,0.0,0
380,-8.010471204188482,-53.75,0.2367,-2.130737193068633,92.14505145850347,10.32905055067833,0.015345782358862654,0.0,0
381,-7.0680628272251305,-53.75,0.2367,-1.994890195639643,60.884163997292674,11.592903641700214,0.02174351167162334,0.0,0
382,-6.12565445026178,-53.75,0.2367,-1.535006063532582,49.06401350397391,13.000084636234732,0.09603942977475391,0.0,0
383,-5.183246073298429,-53.75,0.2367,-0.8823137799984082,30.47749062285573,14.469534253434555,0.08371813365612218,0.5833333333333334,0
384,-4.2408376963350785,-53.75,0.2367,-0.5465579106145215,32.933666862324884,16.244709349909098,0.09090848054813037,0.5833333333333334,0
385,-3.298429319371728,-53.75,0.2367,-0.015248405331175885,7.7259426164793386,17.047671827281658,0.02704871705899735,0.43333333333333335,0
386,-2.356020942408377,-53.75,0.2367,1.8234748533598957,42.15432375497158,19.950479685916175,0.17983839118238545,0.4142857142857143,0
387,-1.4136125654450262,-53.75,0.2367,7.642661519405646,40.55111146517595,19.068171703511524,0.22490665781646382,0.46703296703296704,0
388,-0.4712041884816754,-53.75,0.2367,17.875697520063873,59.581416954016966,18.221067615984808,0.605075258512227,0.4738562091503268,0
389,0.4712041884816754,-53.75,0.2367,30.275632512716854,61.516168330420946,19.199561243133136,0.880904359792077,0.45652173913043476,0
390,1.4136125654450262,-53.75,0.2367,42.403371621166926,44.685582999914494,19.82541302331136,0.5572123530883796,0.4365942028985507,1
391,2.356020942408377,-53.75,0.2367,53.40802172147612,80.08651145145775,18.047404780807913,1.0879935152006872,0.43157894736842106,1
392,-13.664921465968591,-52.5,0.2367,-0.422196167864311,75.87218885976117,2.501635352211149,0.10266592542228056,0.0,0
393,-12.72251308900524,-52.5,0.2367,-0.7859829639170558,53.558477432862304,3.756467608038099,0.04356101859118462,0.0,0
394,-11.780104712041888,-52.5,0.2367,-1.2193256072788474,70.11948500111261,5.17762722572246,0.036776152720060025,0.0,0
395,-10.837696335078537,-52.5,0.2367,-1.6040785307173213,55.27235295957831,6.650137546181766,0.01665374021604886,0.0,0
396,-9.895287958115185,-52.5,0.2367,-1.9381578017585628,68.21938523071417,8.396697867750788,0.004565461153922221,0.0,0
397,-8.952879581151834,-52.5,0.2367,-2.05723579837624,88.04567607110934,9.33147206130377,0.004400652792522088,0.0,0
398,-8.010471204188482,-52.5,0.2367,-2.3104330870721563,84.80006208836427,11.07194764226682,0.006278815774165848,0.0,0
399,-7.0680628272251305,-52.5,0.2367,-2.4145127686013472,30.24522794094417,12.790559568738546,0.00935270130823872,0.0,0
400,-6.12565445026178,-52.5,0.2367,-2.326181617828712,22.762937483285306,14.313773219465837,0.017590645361696668,0.5,0
401,-5.183246073298429,-52.5,0.2367,-2.0765564927979447,78.85421657832684,15.553423557518737,0.08299675370802946,0.5833333333333334,0
402,-4.2408376963350785,-52.5,0.2367,-1.9384625165289568,59.23403896470287,16.87420759939236,0.05730071879995348,0.5833333333333334,0
403,-3.298429319371728,-52.5,0.2367,-1.1069957934175765,13.519203507860967,18.918745164585545,0.021115932602303364,0.42857142857142855,0
404,-2.356020942408377,-52.5,0.2367,1.0243541820729778,68.15543587744277,20.3502458505228,0.1285280224108263,0.44761904761904764,0
405,-1.4136125654450262,-52.5,0.2367,8.448147053558205,14.611949551783297,22.388375753709855,0.03390892069910749,0.435,0
406,-0.4712041884816754,-52.5,0.2367,18.83918520320497,52.03211478539408,20.773498427914344,0.1513123017257951,0.4601449275362319,0
407,0.4712041884816754,-52.5,0.2367,30.042766708497957,49.433719790140806,19.892190592010596,0.2104441086103494,0.4338461538461538,0
408,-8.952879581151834,-51.25,0.2367,-2.3275406387953024,14.932195494059705,10.77667494395636,0.0006086169476686959,0.0,0
409,-8.010471204188482,-51.25,0.2367,-2.5144692471234285,43.990221572643435,12.158806659396241,0.002126430657466222,0.0,0
410,-7.0680628272251305,-51.25,0.2367,-2.663175870347492,31.449578678825166,13.859168538937924,0.0016623451282193834,1.0,0
411,-5.183246073298429,-51.25,0.2367,-2.5841161458446975,52.01365192015882,16.24645096098485,0.011212227321958111,0.5833333333333334,0
412,-4.2408376963350785,-51.25,0.2367,-2.6358036396097133,29.20483625690703,17.620940172568854,0.00429015569118227,0.55,0
413,-3.298429319371728,-51.25,0.2367,-1.6871026845585333,1.5567262581430863,19.09287619827453,0.000933581545854591,0.36666666666666664,0
414,-2.356020942408377,-51.25,0.2367,0.22872721893312775,19.282364182252685,19.737162400773624,0.012249374790810995,0.4696969696969697,0
415,-3.298429319371728,-50.0,0.2367,-2.276518373514715,5.618763745565324,19.61808557422886,0.0009346226840628587,0.45,0
0,-6.12565445026178,-78.75,1.1514,4.197301196079665,16.999059739112337,0.2034708426757306,3.198932337967179,0.0,0
1,-5.183246073298429,-78.75,1.1514,12.694509500380967,29.80135356299538,0.28945205983158756,10.617960648032042,0.0,0
2,-4.2408376963350785,-78.75,1.1514,30.897110315751934,49.74085489451683,0.8281852555768429,23.868306002031446,0.0,0
3,-3.298429319371728,-78.75,1.1514,27.733214523086126,39.083160730843765,0.9336229127883541,18.288458574712426,0.0,0
4,-2.356020942408377,-78.75,1.1514,29.472997510594908,76.42741015733918,1.3680881624342929,36.16072248608874,0.0,0
5,-1.4136125654450262,-78.75,1.1514,38.32114640364648,65.51668178944965,1.6293948901472879,44.80598736322868,0.0,2
6,-8.952879581151834,-77.5,1.1514,5.3756758852428455,13.871197802889531,0.17411680586312928,5.6473222024276515,0.0,0
7,-8.010471204188482,-77.5,1.1514,8.488060137109391,22.89190559441746,0.3096276993727299,7.66363925151554,0.0,0
8,-7.0680628272251305,-77.5,1.1514,14.333836309463424,24.044882114286917,0.41408740886261935,9.63210897084593,0.0,0
9,-6.12565445026178,-77.5,1.1514,15.248100203867873,41.483496895871994,1.0077306510828152,8.870414319333065,0.0,0
10,-5.183246073298429,-77.5,1.1514,22.26275935607533,76.21937711307513,1.4034698689407126,14.140384227345427,0.0,0
11,-4.2408376963350785,-77.5,1.1514,33.763988730307155,91.24511793456355,2.1250581317014112,22.848344427181505,0.0,0
12,-3.298429319371728,-77.5,1.1514,52.51526915983202,52.670900878518296,2.5169447752471004,21.106108084217414,0.0,0
13,-2.356020942408377,-77.5,1.1514,73.26425742865092,65.53465465549351,3.6596892061988644,35.716695998754595,0.0,0
14,-1.4136125654450262,-77.5,1.1514,92.40887247880534,53.0481282208071,3.8181286544851187,35.25707740501862,0.0,0
15,-0.4712041884816754,-77.5,1.1514,98.76770921197769,61.035830394199714,2.8954777408514176,60.85076350154295,0.0,2
16,0.4712041884816754,-77.5,1.1514,79.04019338418672,59.13032194987709,2.646990232581296,73.07399556011943,0.16666666666666666,7
17,-10.837696335078537,-76.25,1.1514,9.326867387575222,43.20351696673248,0.342472050541378,6.474967934552229,0.0,0
18,-9.895287958115185,-76.25,1.1514,19.45618943019016,37.604580589767764,0.72417328410927,13.35616493171702,0.0,0
19,-8.952879581151834,-76.25,1.1514,36.003007909862156,37.986873319520356,2.066046196448218,17.980778864707297,0.0,0
20,-8.010471204188482,-76.25,1.1514,23.372570214353285,71.62192408790426,2.7728964124539215,15.884545124023951,0.0,0
21,-7.0680628272251305,-76.25,1.1514,18.692099001475352,65.20046011142429,2.5293429325557657,10.561136496892733,0.0,0
22,-6.12565445026178,-76.25,1.1514,17.481881872343386,50.17267378553185,2.783075914885862,7.416181956823731,0.0,0
23,-5.183246073298429,-76.25,1.1514,17.903747610787345,94.16271580357203,3.462351162666536,15.850145099519187,0.0,0
24,-4.2408376963350785,-76.25,1.1514,24.76353222283295,98.30760543740003,4.248592031291014,25.836785129089414,0.0,0
25,-3.298429319371728,-76.25,1.1514,33.699967003782014,99.96598417908498,5.092657865953393,29.51738271504611,0.0,0
26,-2.356020942408377,-76.25,1.1514,41.32388371740289,101.39137814669208,6.3076113900471515,31.57613018566165,0.0,0
27,-1.4136125654450262,-76.25,1.1514,45.08741586807337,97.65046931336555,6.893762319113602,28.441001645355897,0.0,0
28,-0.4712041884816754,-76.25,1.1514,59.470283285680466,79.73583138491155,7.279758009707136,25.51916944713424,0.0,0
29,0.4712041884816754,-76.25,1.1514,126.87813468484426,76.10656378167698,6.0905127939344235,45.93660920733976,0.5,3
30,1.4136125654450262,-76.25,1.1514,164.82495298380715,11.766468952822182,1.7806783863600257,11.666696983164668,0.0,0
31,-13.664921465968591,-75.0,1.1514,0.340169047830565,3.122319404719016,0.028682604811740384,0.2034275007758199,0.0,0
32,-12.72251308900524,-75.0,1.1514,9.85140244018165,32.05084286697105,0.4078278987898751,6.192560617194552,0.0,0
33,-11.780104712041888,-75.0,1.1514,20.296573043841722,44.109176575114674,0.8636285809103216,14.81356572815379,0.0,0
34,-10.837696335078537,-75.0,1.1514,43.93299154071658,41.31752599035519,3.339704814212109,21.885076831969574,0.0,0
35,-9.895287958115185,-75.0,1.1514,23.76587318971093,70.33956759573262,5.2755302721168285,13.399132870847597,0.0,0
36,-8.952879581151834,-75.0,1.1514,10.681725118460243,45.0251192047885,5.248591166851784,4.394538193775398,0.0,0
37,-8.010471204188482,-75.0,1.1514,8.2373636795596,69.96128567293661,4.413731097800079,5.896777953163066,0.0,0
38,-7.0680628272251305,-75.0,1.1514,9.745760549065688,89.32057924247958,3.9500573486111583,9.507505401165574,0.0,0
39,-6.12565445026178,-75.0,1.1514,13.215445964548035,85.82657526184214,3.7633268346529354,14.611507911236052,0.0,0
40,-5.183246073298429,-75.0,1.1514,22.63163333067142,85.38900351146668,4.186095292958487,26.335058834242872,0.0,0
41,-4.2408376963350785,-75.0,1.1514,32.724212737101524,86.06365186882928,4.994177506519019,37.82820814496992,0.0,0
42,-3.298429319371728,-75.0,1.1514,46.31867812042887,88.50627371077817,6.403604094294356,49.882183643052585,0.0,1
43,-2.356020942408377,-75.0,1.1514,59.89554360845933,90.19426412352941,7.56393140839105,54.426747295675916,0.0,2
44,-1.4136125654450262,-75.0,1.1514,72.15043874133447,93.52563971750885,8.612485152816406,52.84680280139482,0.0,5
45,-0.4712041884816754,-75.0,1.1514,75.16342739213593,94.47176438973528,9.069104753816104,41.75882501569373,0.0,1
46,0.4712041884816754,-75.0,1.1514,75.72678240995008,98.69269219244923,8.420657594548878,32.072490878513605,0.5,1
47,1.4136125654450262,-75.0,1.1514,112.99916191371315,45.53425895631238,5.023306646012191,19.403101351077453,0.0,0
48,2.356020942408377,-75.0,1.1514,158.1541947049852,8.085774762057254,1.3542868914187458,5.190398070871728,0.0,0
49,-14.607329842931941,-73.75,1.1514,0.1928740100955454,21.72628484162729,0.7986169876246703,0.3465617853694133,0.0,0
50,-13.664921465968591,-73.75,1.1514,9.861491987657958,41.779870615281865,1.8303515223181706,5.665504911064408,0.0,0
51,-12.72251308900524,-73.75,1.1514,27.610286911905476,49.52272620731283,2.838078002159909,13.677712774972264,0.0,0
52,-11.780104712041888,-73.75,1.1514,28.2410407816883,72.03534160225688,7.466408433363125,26.469352719512823,0.0,2
53,-10.837696335078537,-73.75,1.1514,11.371954142517497,89.25443042670321,8.301879316817281,7.606825144477107,0.0,0
54,-9.895287958115185,-73.75,1.1514,8.084839655831168,90.89975120344916,6.916695547962228,7.32571703027371,0.0,0
55,-8.952879581151834,-73.75,1.1514,8.461523627613785,81.27473977102056,5.611619879375845,8.638245397712264,0.0,0
56,-8.010471204188482,-73.75,1.1514,9.43748602777261,72.03628390472944,4.815404504162994,9.642247685499635,0.0,0
57,-7.0680628272251305,-73.75,1.1514,11.4724699600328,77.63976446973925,4.347343448399089,13.011369087592033,0.0,0
58,-6.12565445026178,-73.75,1.1514,15.601856332949573,84.62839357596656,4.55679090473784,20.895191779750427,0.0,0
59,-5.183246073298429,-73.75,1.1514,21.705966101590615,82.86223701666236,5.174681941128001,21.192246298368236,0.0,0
60,-4.2408376963350785,-73.75,1.1514,32.020505362269475,87.93869634402503,6.160442699480711,26.10442590991703,0.0,0
61,-3.298429319371728,-73.75,1.1514,40.346423103522866,90.16112983632738,7.754518759792594,30.9743742200054,0.0,0
62,-2.356020942408377,-73.75,1.1514,51.32467898564491,93.08195906282104,9.358488940582207,34.385944937537104,0.0,0
63,-1.4136125654450262,-73.75,1.1514,77.45493927592761,85.7215349019322,10.471028948363571,38.75409079994951,0.0,1
64,-0.4712041884816754,-73.75,1.1514,95.35706045626853,96.46663888933637,10.943351641831784,48.487129879232896,0.0,5
65,0.4712041884816754,-73.75,1.1514,103.43051717029384,98.06053415306154,10.265685245797513,42.86438573717263,0.0,5
66,1.4136125654450262,-73.75,1.1514,110.00074204599949,100.35546754627089,8.57435544589359,36.80239843712621,0.0,3
67,-14.607329842931941,-72.5,1.1514,0.6916172605589388,29.885677509554696,1.4948775085589707,0.876108596507887,0.0,0
68,-13.664921465968591,-72.5,1.1514,8.298365587401246,24.025318647331325,1.5322473767211546,4.71745427088657,0.0,0
69,-12.72251308900524,-72.5,1.1514,14.456925294744764,27.593538184439648,3.601538856255181,11.062949457181496,0.0,0
70,-11.780104712041888,-72.5,1.1514,9.5812396745116,90.88764916009677,8.611491990918493,7.743765083871056,0.0,0
71,-10.837696335078537,-72.5,1.1514,6.349477808096724,98.02803183285972,7.828512314456393,6.199466040032702,0.0,0
72,-9.895287958115185,-72.5,1.1514,6.612923463621653,93.43425526516512,6.549407664564301,8.382346913305831,0.0,0
73,-8.952879581151834,-72.5,1.1514,7.279379372791256,83.25363853651741,5.291730072971618,8.979203064671644,0.0,0
74,-8.010471204188482,-72.5,1.1514,10.385083242586806,40.96340487703286,5.103704782134077,5.204824330008209,0.0,0
75,-7.0680628272251305,-72.5,1.1514,11.810324052619777,61.31041253773725,5.022083650394454,8.20088936418222,0.0,0
76,-6.12565445026178,-72.5,1.1514,13.793640655125138,87.616918111081,5.342791455991305,14.68856843878807,0.0,0
77,-5.183246073298429,-72.5,1.1514,20.2808170996596,88.72800556426442,6.188054009172221,17.612779394319944,0.0,0
78,-4.2408376963350785,-72.5,1.1514,31.77873724478329,80.69296546323856,7.493631078711199,21.10248042504278,0.0,0
79,-3.298429319371728,-72.5,1.1514,41.2065379729962,92.31271491284717,8.955827228218153,26.905054595898967,0.0,0
80,-2.356020942408377,-72.5,1.1514,54.99589853342272,90.0916560652417,10.529156368913084,29.420163072845813,0.0,0
81,-1.4136125654450262,-72.5,1.1514,71.82556147651262,94.99632746021221,11.647845614836246,34.66423285495214,0.0,1
82,-0.4712041884816754,-72.5,1.1514,96.42931586474377,97.18390878891172,12.49987400627807,38.71945649999037,0.0,1
83,0.4712041884816754,-72.5,1.1514,112.38507776188756,97.91441334761043,12.077102393020459,39.70497736070277,0.0,3
84,1.4136125654450262,-72.5,1.1514,139.05617832033337,100.0314567608395,10.516514389000829,45.172755192076934,0.0,3
85,-14.607329842931941,-71.25,1.1514,1.9974586652387523,24.211184937793746,1.3755016986256803,1.5874040213234628,0.0,0
86,-13.664921465968591,-71.25,1.1514,16.31070011269054,46.05089672107233,3.4029242868874716,10.22941105891914,0.0,0
87,-12.72251308900524,-71.25,1.1514,14.78092688463126,58.23987928919003,7.137823590975946,11.276099523574775,0.0,0
88,-11.780104712041888,-71.25,1.1514,6.420015523054955,86.43701454811,7.162688094898778,5.939075377244355,0.0,0
89,-10.837696335078537,-71.25,1.1514,5.01267962554885,88.0364955252253,6.361970741208492,5.953000868456808,0.0,0
90,-9.895287958115185,-71.25,1.1514,5.037041362024758,84.85712476040223,5.783262166536897,6.803215973639014,0.0,0
91,-8.952879581151834,-71.25,1.1514,6.841436156288153,74.19028510255309,5.558950961754947,6.970987415007588,0.0,0
92,-8.010471204188482,-71.25,1.1514,8.211662023700796,27.886407183796642,5.392100238213458,2.53653542161825,0.0,0
93,-7.0680628272251305,-71.25,1.1514,11.85326529496973,78.10829295281496,5.786880170917883,8.029622807815294,0.0,0
94,-6.12565445026178,-71.25,1.1514,12.714583956778574,89.88794991938785,6.144462109396677,10.803074366054345,0.0,0
95,-5.183246073298429,-71.25,1.1514,17.322850519323545,93.6159630840403,7.289642513727493,14.472465480762994,0.0,0
96,-4.2408376963350785,-71.25,1.1514,26.65940123445374,90.50765270407514,8.693001855221365,17.397504630105338,0.0,0
97,-3.298429319371728,-71.25,1.1514,35.879201616572175,93.2462984416738,9.883395724375497,22.057154980700552,0.0,0
98,-2.356020942408377,-71.25,1.1514,51.392642756179214,90.72426364662985,11.673788261785523,26.52688116421443,0.0,0
99,-1.4136125654450262,-71.25,1.1514,67.11636208430943,97.22313179956114,13.469742642044366,28.983891136729326,0.0,1
100,-0.4712041884816754,-71.25,1.1514,93.03804872030075,98.38967396324733,14.202412866213548,33.05569597524413,0.0,1
101,0.4712041884816754,-71.25,1.1514,117.95872089788156,100.03968795906985,13.915538351205747,36.06223316626965,0.0,3
102,1.4136125654450262,-71.25,1.1514,142.10445030920187,90.03410326473353,11.560084972342565,35.99393247680873,0.0,3
103,-13.664921465968591,-70.0,1.1514,23.39161179642508,61.396808822468515,5.020254469452832,17.20695002226637,0.0,0
104,-12.72251308900524,-70.0,1.1514,9.173610483184534,56.504492829578375,6.9226688716774785,5.022347658679362,0.0,0
105,-11.780104712041888,-70.0,1.1514,3.933656559341128,79.45627118479528,6.161643207234906,3.898246189648547,0.0,0
106,-10.837696335078537,-70.0,1.1514,4.479959730565013,52.96746438489781,5.765438080717674,3.450796764121278,0.0,0
107,-9.895287958115185,-70.0,1.1514,4.485799534275351,83.18574238780644,5.616403507350254,5.8177065832402475,0.0,0
108,-8.952879581151834,-70.0,1.1514,6.305006241678931,56.70072829936461,5.728525908086852,4.504833295037946,0.0,0
109,-8.010471204188482,-70.0,1.1514,6.211716616182813,46.8725863769467,5.769732591632097,3.277404603656466,0.0,0
110,-7.0680628272251305,-70.0,1.1514,7.983493488567309,86.55843892213883,6.361345848923113,6.4449850367256305,0.0,0
111,-6.12565445026178,-70.0,1.1514,10.773898369337354,92.72975075737655,6.825195252294783,8.887603885360459,0.0,0
112,-5.183246073298429,-70.0,1.1514,15.90540390670767,93.91605046112574,7.971146324260859,12.118247593769063,0.0,0
113,-4.2408376963350785,-70.0,1.1514,22.031260731709494,84.20638188291191,9.42101279751574,12.635389805034865,0.0,0
114,-3.298429319371728,-70.0,1.1514,29.75891555359253,88.49997693578833,10.90353318852819,18.167966504695077,0.0,0
115,-2.356020942408377,-70.0,1.1514,44.22284607110795,92.8948765891303,12.958944489706058,22.886886707780562,0.0,0
116,-1.4136125654450262,-70.0,1.1514,59.00068617673714,93.41013469916787,14.66378307859402,24.120514138663637,0.0,0
117,-0.4712041884816754,-70.0,1.1514,84.63726617712526,97.18121449619565,15.566717767835,27.56567176899282,0.0,1
118,0.4712041884816754,-70.0,1.1514,113.29267627566766,100.35056473528064,15.08684172361165,31.20815824830879,0.0,1
119,1.4136125654450262,-70.0,1.1514,140.99256664315715,98.96498221668081,12.396559528690943,33.52264692619884,0.0,3
120,-15.549738219895294,-68.75,1.1514,18.334308088702574,72.342630671937,3.2083496732422376,23.02816292569596,0.0,0
121,-14.607329842931941,-68.75,1.1514,26.47580317894541,59.76678739999885,4.202772534160265,18.946548363298618,0.0,0
122,-13.664921465968591,-68.75,1.1514,16.161931648658165,76.50701720134907,5.520288069319782,10.077673381442617,0.0,0
123,-12.72251308900524,-68.75,1.1514,2.8181290345773187,73.66138244954023,5.876401408327505,2.414047905372791,0.0,0
124,-11.780104712041888,-68.75,1.1514,2.443615613872658,43.26090621625064,5.39329626043449,2.047014992091732,0.0,0
125,-10.837696335078537,-68.75,1.1514,3.222238501383755,26.500608429029025,5.534065363059882,1.5963613684079085,0.0,0
126,-9.895287958115185,-68.75,1.1514,3.64295489460876,65.85914356162027,5.560008612055312,3.7286499029419073,0.0,0
127,-8.952879581151834,-68.75,1.1514,2.9044126830429073,22.426722479733154,5.843241151532735,1.1229784724970497,0.0,0
128,-8.010471204188482,-68.75,1.1514,2.644235739129366,87.72368679878086,6.14671571807449,3.5471958696912913,0.0,0
129,-7.0680628272251305,-68.75,1.1514,3.8209675643059704,91.65085763898912,6.581331068329032,4.35857775488542,0.0,0
130,-6.12565445026178,-68.75,1.1514,6.866858315873177,93.8911770266492,7.251881381423635,5.6405309887682575,0.0,0
131,-5.183246073298429,-68.75,1.1514,12.339217097917189,94.89506582901629,8.543954828850836,8.476815917264666,0.0,0
132,-4.2408376963350785,-68.75,1.1514,17.599028147434808,93.17652852667243,9.999944123550776,10.948942580287563,0.0,0
133,-3.298429319371728,-68.75,1.1514,27.444569354880553,95.37374758838286,11.795583072230714,14.389820228469711,0.0,0
134,-2.356020942408377,-68.75,1.1514,38.04497367099564,92.2244457938006,13.287318854918773,16.896902837820143,0.0,0
135,-1.4136125654450262,-68.75,1.1514,52.283859023959934,95.2486145498866,15.495969448668475,21.265498031371028,0.0,0
136,-0.4712041884816754,-68.75,1.1514,72.74272531455144,99.19211971609676,16.701675466803902,24.888239757213675,0.0,1
137,0.4712041884816754,-68.75,1.1514,104.21852225039682,99.88922415802674,15.57505598001108,27.72506902955556,0.0,1
138,1.4136125654450262,-68.75,1.1514,146.00241031313374,100.35460341967182,13.954485845461763,34.57519607310934,0.16666666666666666,6
139,2.356020942408377,-68.75,1.1514,205.02819805527207,100.84453858734459,11.222664369084578,38.06342421553728,0.25,9
140,-16.492146596858646,-67.5,1.1514,30.32401266173356,24.825270585912257,1.6691747876216356,15.845156746387033,0.0,0
141,-15.549738219895294,-67.5,1.1514,28.174607355335237,41.320836023061666,3.6207049908647218,18.775804427865666,0.0,0
142,-14.607329842931941,-67.5,1.1514,10.457904552426072,65.34468718253446,4.655189448946942,5.163223089378548,0.0,0
143,-13.664921465968591,-67.5,1.1514,1.9195212174957321,74.05881888891577,4.852778234119543,1.9666263376129463,0.0,0
144,-12.72251308900524,-67.5,1.1514,1.3675387756986455,85.8033322481237,5.064178972501079,2.758146836704942,0.0,0
145,-11.780104712041888,-67.5,1.1514,2.0206338561503925,79.66141648821629,4.938492555950803,4.559673192893672,0.0,0
146,-10.837696335078537,-67.5,1.1514,1.8548219990483896,47.89912565353692,5.220298763514823,2.3047335685726926,0.0,0
147,-9.895287958115185,-67.5,1.1514,1.4708018354803203,8.670170253644319,5.708841347164949,0.3531982829259586,0.0,0
148,-8.952879581151834,-67.5,1.1514,0.8860527903547593,50.614473082110884,5.926673170425423,1.7604777247199224,0.0,0
149,-8.010471204188482,-67.5,1.1514,2.155027637183222,92.17891625235991,6.439928903833093,3.022666813537888,0.0,0
150,-7.0680628272251305,-67.5,1.1514,4.366574424818528,92.23607720953056,6.956170183625,3.750933987415026,0.0,0
151,-6.12565445026178,-67.5,1.1514,5.507733886406005,92.95189645800127,7.6244850029723965,4.636585721115343,0.0,0
152,-5.183246073298429,-67.5,1.1514,9.361175795343303,94.63699653599822,8.995612264418765,6.582098154111861,0.0,0
153,-4.2408376963350785,-67.5,1.1514,15.74169358182039,93.68826856033151,10.538804530334948,8.98051769080247,0.0,0
154,-3.298429319371728,-67.5,1.1514,24.265775135061773,94.40531303851265,12.629350311569953,11.00593470020835,0.0,0
155,-2.356020942408377,-67.5,1.1514,33.66303784684186,95.08239060487988,14.134900669312648,13.387485583699762,0.0,0
156,-1.4136125654450262,-67.5,1.1514,46.273693953622825,96.59025068768759,16.114217335969904,18.331375576334537,0.0,0
157,-0.4712041884816754,-67.5,1.1514,65.13600442559658,97.2850120346605,16.839753467467787,22.409847363208033,0.0,0
158,0.4712041884816754,-67.5,1.1514,89.28886936221505,101.0172992182709,16.794346606607924,27.174069798367015,0.0,3
159,1.4136125654450262,-67.5,1.1514,138.86709021130056,103.01758488045851,15.809155656698067,34.80930865263991,0.25,10
160,2.356020942408377,-67.5,1.1514,216.23849504516,97.50517130815142,13.035393450723799,39.474245782353485,0.25,8
161,-18.376963350785346,-66.25,1.1514,9.428216568484498,12.508303752337376,0.26382362184853736,4.857019814216039,0.0,0
162,-17.434554973821996,-66.25,1.1514,27.048571170462207,29.58882243710927,1.4829694699444083,10.006081927808063,0.0,0
163,-16.492146596858646,-66.25,1.1514,32.33177651736462,62.1795991317898,2.589815137326177,28.675959527109573,0.0,0
164,-15.549738219895294,-66.25,1.1514,9.294912589954016,79.00644675021971,3.5985270230022834,6.478237760829496,0.0,0
165,-14.607329842931941,-66.25,1.1514,1.1046813121904493,85.72715890170052,3.858244529201919,1.8116033302802903,0.0,0
166,-13.664921465968591,-66.25,1.1514,1.516952158764975,31.937960070208014,1.597002123655848,2.721455901855017,0.0,0
167,-12.72251308900524,-66.25,1.1514,0.7593902717783174,90.41264805797255,4.613169704123911,3.074466685166812,0.0,0
168,-11.780104712041888,-66.25,1.1514,1.2224744696207885,86.98196027436114,4.735987343427028,3.2906631731883254,0.0,0
169,-10.837696335078537,-66.25,1.1514,0.9297062161951697,73.11312223552628,4.986741202570039,2.3635316463119214,0.0,0
170,-9.895287958115185,-66.25,1.1514,1.1866254519074904,60.056683513893056,5.509547280048247,2.1231139617037327,0.0,0
171,-8.952879581151834,-66.25,1.1514,1.5850285647252296,65.06333333697027,6.0998806436902715,2.401687073182851,0.0,0
172,-8.010471204188482,-66.25,1.1514,2.3350894417113546,90.52525831917802,6.764339226503436,2.5804891522536093,0.0,0
173,-7.0680628272251305,-66.25,1.1514,3.4538243085180413,92.22333881595682,7.364799011471041,3.135211766471099,0.0,0
174,-6.12565445026178,-66.25,1.1514,4.743130107114829,92.8141884041449,8.117985540044547,4.274065401895944,0.0,0
175,-5.183246073298429,-66.25,1.1514,6.87742439331379,93.87579604459373,9.322385540472919,4.684927885975824,0.0,0
176,-4.2408376963350785,-66.25,1.1514,11.836365812183397,94.47688108981366,11.09775944172119,6.335799396917019,0.0,0
177,-3.298429319371728,-66.25,1.1514,19.592274156403676,93.53267060677437,13.098953928660602,7.715097486603057,0.0,0
178,-2.356020942408377,-66.25,1.1514,25.928747990834122,99.57596004455259,15.40610014454089,9.451828234139477,0.0,0
179,-1.4136125654450262,-66.25,1.1514,40.21920597843808,96.95974037982523,16.248323809359604,14.427008346234688,0.0,0
180,-0.4712041884816754,-66.25,1.1514,54.43473880732851,98.43011900574291,17.43745893677152,16.818945033614614,0.0,0
181,0.4712041884816754,-66.25,1.1514,82.60273669087692,99.54655935855642,17.698602724268348,22.046227249996175,0.0,3
182,1.4136125654450262,-66.25,1.1514,117.92894005044468,94.85279207361572,17.081811273946755,25.411066550436495,0.5,3
183,2.356020942408377,-66.25,1.1514,169.47641064731746,100.53753414897577,15.01200523445243,27.555763916711815,0.5,1
184,-18.376963350785346,-65.0,1.1514,18.887724463638982,27.816121349437758,0.7343636936395199,11.636209300905676,0.0,0
185,-17.434554973821996,-65.0,1.1514,24.2821293595341,32.63756935971508,1.7026301558220198,9.67227361202808,0.0,0
186,-16.492146596858646,-65.0,1.1514,10.860122763504162,74.37875915021849,2.4649732772277217,8.631014248845045,0.0,0
187,-15.549738219895294,-65.0,1.1514,1.9507581102630032,47.31680669861078,1.72083474441565,2.7330475265281278,0.0,0
188,-14.607329842931941,-65.0,1.1514,1.0252473588740219,61.52453512918647,2.380195886777286,1.2350171596851145,0.0,0
189,-13.664921465968591,-65.0,1.1514,0.9625699196768842,42.849518417639715,1.8429313770269558,2.2558289843567714,0.0,0
190,-12.72251308900524,-65.0,1.1514,1.1335607880328533,54.51270210915768,2.52160840893093,2.155728602909009,0.0,0
191,-11.780104712041888,-65.0,1.1514,1.1156247542271576,84.32247319960067,4.636342228860641,2.214678624470176,0.0,0
192,-10.837696335078537,-65.0,1.1514,0.7715995158972095,58.23257168891648,4.870367358480914,1.263687409595068,0.0,0
193,-9.895287958115185,-65.0,1.1514,0.8264442319323999,21.29275767841218,5.535744686715878,0.53051747699225,0.0,0
194,-8.952879581151834,-65.0,1.1514,1.2509916530146121,48.78086157480194,6.139263910815629,1.5801884929896648,0.0,0
195,-8.010471204188482,-65.0,1.1514,1.710965823888189,79.90883212584299,7.041476796608325,2.361742984986138,0.0,0
196,-7.0680628272251305,-65.0,1.1514,2.8907392968936874,80.23640048187858,7.946247662005646,2.5610536520972755,0.0,0
197,-6.12565445026178,-65.0,1.1514,4.37455574406527,94.5457080621097,8.694827619517673,2.914481190478991,0.0,0
198,-5.183246073298429,-65.0,1.1514,5.357749600713339,86.60042841647322,9.885973619937388,3.2602326827739763,0.0,0
199,-4.2408376963350785,-65.0,1.1514,8.762298783308337,84.21167693291602,11.534642783334691,3.5887985423881896,0.0,0
200,-3.298429319371728,-65.0,1.1514,11.289269919665292,86.25813334651855,13.759959228706206,4.052230887240162,0.0,0
201,-2.356020942408377,-65.0,1.1514,19.27927871555738,100.18455457102336,15.854425426923694,7.2143117134542845,0.0,0
202,-1.4136125654450262,-65.0,1.1514,37.517158122446425,96.55292379625664,17.034479261356946,12.19995469031387,0.0,0
203,-0.4712041884816754,-65.0,1.1514,54.13288741504505,100.9313690193695,18.76408046582213,13.285449131566578,0.0,0
204,0.4712041884816754,-65.0,1.1514,89.68469973976576,102.20581706970938,19.243141377300205,18.95156014898337,0.0,1
205,1.4136125654450262,-65.0,1.1514,120.92680121324811,107.8644488378184,18.608848539796593,22.50924325402958,0.25,3
206,-20.261780104712045,-63.75,1.1514,6.920537408987689,18.039697232743492,0.0,1.8087789876036622,0.0,0
207,-19.319371727748695,-63.75,1.1514,9.448726191105397,23.422952426434303,0.6721969780572937,3.3282289685418793,0.0,0
208,-18.376963350785346,-63.75,1.1514,12.48963932346833,30.74737271080387,0.9339985013034184,5.931088353325313,0.0,0
209,-17.434554973821996,-63.75,1.1514,12.190616373413008,15.907579494685015,1.2556214981212193,2.7782103109594773,0.0,0
210,-16.492146596858646,-63.75,1.1514,2.8756580278129,45.641648948972595,1.3902541580587375,4.836986687849541,0.0,0
211,-15.549738219895294,-63.75,1.1514,1.0255517442516018,68.5276517415004,2.2153048865199354,1.639411901144577,0.0,0
212,-14.607329842931941,-63.75,1.1514,0.49610878814279724,77.57069293395806,2.6537992557446537,1.1516133923233594,0.0,0
213,-13.664921465968591,-63.75,1.1514,0.36852030654209833,66.28328234796523,2.501271374176705,1.050879622639752,0.0,0
214,-12.72251308900524,-63.75,1.1514,-0.007894413813157808,90.79868209840674,3.8610669100597663,1.1274677033031704,0.0,0
215,-11.780104712041888,-63.75,1.1514,-0.1337971245737406,34.30268001512733,4.416617788030517,0.4443604664521553,0.0,0
216,-10.837696335078537,-63.75,1.1514,0.26598269701804944,38.428237212239964,2.3476675192308156,0.8018047497329209,0.0,0
217,-9.895287958115185,-63.75,1.1514,0.2670104921796299,21.300976215693396,4.509047305785875,0.37258107125364304,0.0,0
218,-8.952879581151834,-63.75,1.1514,0.2170646440644033,8.67180449894769,6.700719244583166,0.14310041844286842,0.0,0
219,-8.010471204188482,-63.75,1.1514,1.08946166800314,32.58931177577787,7.217343452505402,0.778268228754314,0.0,0
220,-7.0680628272251305,-63.75,1.1514,1.7883952078941268,70.53383461020022,8.055660466851016,1.720597001542361,0.0,0
221,-6.12565445026178,-63.75,1.1514,3.0061420912694343,95.15868201400714,9.189512386760542,2.4028335228745683,0.0,0
222,-5.183246073298429,-63.75,1.1514,3.4617123873718256,90.48484307572356,10.509112971905807,2.5314550718797,0.0,0
223,-4.2408376963350785,-63.75,1.1514,6.043550691206304,75.47643193731602,12.646474329987601,2.257618901111648,0.0,0
224,-3.298429319371728,-63.75,1.1514,7.375404389106485,97.63068464998437,13.966026431291754,2.8631854376498374,0.0,0
225,-2.356020942408377,-63.75,1.1514,16.139764794425137,93.8964533912015,15.418771534110164,5.394480447026321,0.0,0
226,-1.4136125654450262,-63.75,1.1514,35.283953100458106,97.60798595683592,17.585686368670434,10.490784229450147,0.0,0
227,-0.4712041884816754,-63.75,1.1514,54.63242209628817,106.01232645293591,19.9222899500384,12.341635581987097,0.0,0
228,0.4712041884816754,-63.75,1.1514,91.63038863197201,108.32689447080753,20.742727137933876,16.029992103080556,0.0,0
229,1.4136125654450262,-63.75,1.1514,137.38415520831342,112.514073307209,20.218272615330683,22.48884948175864,0.16666666666666666,6
230,3.298429319371728,-63.75,1.1514,244.15165502221885,117.9683891662532,10.778932310024594,36.21487726649322,0.26785714285714285,31
231,-19.319371727748695,-62.5,1.1514,8.077734363052032,18.253483725497105,0.48075399638461785,2.1041801905316246,0.0,0
232,-18.376963350785346,-62.5,1.1514,7.280933340445052,6.555099353518727,0.4796342415179571,1.2009878451384934,0.0,0
233,-17.434554973821996,-62.5,1.1514,4.323079164842183,4.220540769183586,0.520528722142927,0.5326952305676795,0.0,0
234,-16.492146596858646,-62.5,1.1514,2.1459532505084775,34.75826353193162,1.0616963594728062,2.1533311956899253,0.0,0
235,-15.549738219895294,-62.5,1.1514,0.9940164574430821,23.876862551224907,1.1317918297285399,1.2583029029566846,0.0,0
236,-14.607329842931941,-62.5,1.1514,0.8329532321715012,53.63103886584538,1.8612006290032637,1.3966394698164484,0.0,0
237,-13.664921465968591,-62.5,1.1514,0.33379462480177313,87.82412925208305,2.998458343058153,1.1570645508404893,0.0,0
238,-12.72251308900524,-62.5,1.1514,-0.22671928824627308,89.18068435660966,3.5794286830174653,0.7872605351035148,0.0,0
239,-11.780104712041888,-62.5,1.1514,-0.1195624159267129,34.9591187177046,3.972399145888694,0.39107219671498106,0.0,0
240,-10.837696335078537,-62.5,1.1514,-0.00936616705719251,42.082247139152216,4.22681830544725,0.4859786039398467,0.0,0
241,-9.895287958115185,-62.5,1.1514,0.3321060354461951,1.059521265435025,4.408916628954557,0.012791079960960494,0.0,0
242,-8.952879581151834,-62.5,1.1514,-0.13188994508203677,32.218610572912176,6.790580729410616,0.27370061470931867,0.0,0
243,-8.010471204188482,-62.5,1.1514,-0.25742920673691594,41.18304940000273,7.473209413577815,0.4229361864043017,0.0,0
244,-7.0680628272251305,-62.5,1.1514,-0.15361318291550674,16.425922071401374,8.417111041835545,0.15675874590920727,0.0,0
245,-6.12565445026178,-62.5,1.1514,0.9038999631906286,63.41458121816537,9.576028274392456,0.7878354734654975,0.0,0
246,-5.183246073298429,-62.5,1.1514,2.4287906419268213,96.9122280645804,11.125933251010245,1.7951267548425287,0.0,0
247,-4.2408376963350785,-62.5,1.1514,4.379883529425597,69.51624708453863,13.3948113637464,1.3432634901249085,0.0,0
248,-3.298429319371728,-62.5,1.1514,6.960100422497673,96.4034409548698,14.524780095856595,2.793864314182307,0.0,0
249,-2.356020942408377,-62.5,1.1514,14.030191240978592,94.7241822192222,15.799147208491451,4.561452163978327,0.0,0
250,-1.4136125654450262,-62.5,1.1514,33.35931475854811,89.52637776578938,18.968765680625882,7.297514228737239,0.0,0
251,-0.4712041884816754,-62.5,1.1514,59.59124322871867,104.3640401597733,19.933228356787467,12.266885692858157,0.0,0
252,0.4712041884816754,-62.5,1.1514,110.57283857028217,111.56516078354453,22.03531920504788,18.072085078978006,0.0,0
253,1.4136125654450262,-62.5,1.1514,167.65532358014588,112.71908722034584,21.848888823611436,25.260872188922548,0.16666666666666666,6
254,2.356020942408377,-62.5,1.1514,222.62648412155116,119.65185565808451,19.813588787275865,29.626880196471273,0.16666666666666666,9
255,3.298429319371728,-62.5,1.1514,260.35126164880484,124.67643636104185,17.470370268240995,33.052021087761524,0.2619047619047619,17
256,-18.376963350785346,-61.25,1.1514,4.537057188345109,24.009186943315253,0.4669833366762394,2.786336422612073,0.0,0
257,-17.434554973821996,-61.25,1.1514,2.997134498486594,22.044669454811558,0.6575657827538344,1.6887227609317503,0.0,0
258,-16.492146596858646,-61.25,1.1514,1.857441384883408,27.720808950568294,1.0021969912934325,1.15815506176483,0.0,0
259,-15.549738219895294,-61.25,1.1514,1.0422087674976084,22.468278494336225,1.1584760620778682,0.9079595702012632,0.0,0
260,-14.607329842931941,-61.25,1.1514,0.7409946978392512,76.12184726227844,2.373385820428308,1.160835676350893,0.0,0
261,-13.664921465968591,-61.25,1.1514,0.13634389492999632,84.41790462631222,2.9482679380779335,0.7057031976760181,0.0,0
262,-12.72251308900524,-61.25,1.1514,-0.09824017652975203,22.941250557469388,3.4453278707664334,0.1844184070434429,0.0,0
263,-11.780104712041888,-61.25,1.1514,-0.15471510849505932,15.341499991421895,3.736420637413966,0.1423152578040804,0.0,0
264,-10.837696335078537,-61.25,1.1514,0.1277191070420356,25.108007024724145,2.7113229452332206,0.31339195056350383,0.0,0
265,-9.895287958115185,-61.25,1.1514,-0.2122267072545121,30.93874473552977,5.3749156451514315,0.2628001759087577,0.0,0
266,-8.952879581151834,-61.25,1.1514,-0.3940616026648338,51.97602794194809,6.772455174023846,0.5130021675288838,0.0,0
267,-8.010471204188482,-61.25,1.1514,-0.5626597859910352,57.28265539393973,7.88253442700338,0.5429418149425844,0.0,0
268,-7.0680628272251305,-61.25,1.1514,-0.1902795465726519,79.3076373996791,8.63224818891361,0.7403342882840481,0.0,0
269,-6.12565445026178,-61.25,1.1514,0.7436558985148443,72.52321200254354,10.083245217880714,0.8085615092402785,0.0,0
270,-5.183246073298429,-61.25,1.1514,2.7766995638176972,78.39311256148979,11.582855500939964,1.2306847216137082,0.0,0
271,-4.2408376963350785,-61.25,1.1514,5.345243250880811,45.07867582967601,13.335278636539714,1.0780516023568472,0.0,0
272,-3.298429319371728,-61.25,1.1514,8.308196661244896,52.07316649217767,15.898742869135221,1.5189883771803925,0.0,0
273,-2.356020942408377,-61.25,1.1514,13.476141346371993,100.63324789363533,16.793331494453547,4.028394918316875,0.0,0
274,-1.4136125654450262,-61.25,1.1514,29.325431963216978,92.48301342455214,18.30648442069398,6.869337667514385,0.0,0
275,-0.4712041884816754,-61.25,1.1514,61.94615024768868,73.93677017136477,19.666421250433437,8.17946695689373,0.0,0
276,0.4712041884816754,-61.25,1.1514,115.93059202147924,78.77642125326382,21.663459832665218,12.84020837974734,0.0,0
277,1.4136125654450262,-61.25,1.1514,181.99686774999796,66.02693329692507,22.288100561802494,14.822906130642751,0.0,1
278,2.356020942408377,-61.25,1.1514,236.41118806646153,17.673955711778937,22.37366693978452,3.7246811762989447,0.25,0
279,3.298429319371728,-61.25,1.1514,244.2119454497721,90.07863086283032,21.39902419207448,15.402701365794103,0.4,6
280,4.2408376963350785,-61.25,1.1514,257.9748336222691,107.31719783524797,11.965369568633074,19.02122935819815,0.35,9
281,-15.549738219895294,-60.0,1.1514,1.0568838170564834,31.811556599494434,0.8571946232942055,0.8775213305669116,0.0,0
282,-14.607329842931941,-60.0,1.1514,0.9244744719793374,46.02293560201228,2.371228971522582,0.5171071713024806,0.0,0
283,-13.664921465968591,-60.0,1.1514,0.18977216214068182,32.07814226708334,2.80268199148788,0.266482717670707,0.0,0
284,-12.72251308900524,-60.0,1.1514,-0.11112089509664613,34.6083806911064,2.819184979292435,0.3033188380960144,0.0,0
285,-11.780104712041888,-60.0,1.1514,-0.18293402778614987,68.38610259707625,3.85546028061516,0.6261617349835396,0.0,0
286,-10.837696335078537,-60.0,1.1514,-0.020224606394359412,76.27198971111633,4.271569640184566,0.8157604999590392,0.0,0
287,-9.895287958115185,-60.0,1.1514,-0.2942989467748893,47.67880421862356,5.756825277207936,0.5189112683680216,0.0,0
288,-8.952879581151834,-60.0,1.1514,-0.5847770139753297,59.461618816297694,7.113149503355715,0.6073314329616479,0.0,0
289,-8.010471204188482,-60.0,1.1514,-0.7953739885373245,82.16149281351372,8.405551217653782,0.729844694838683,0.0,0
290,-7.0680628272251305,-60.0,1.1514,0.22700540174897288,33.89659612072166,9.463374850821276,0.3856792184133314,0.0,0
291,-6.12565445026178,-60.0,1.1514,1.076405255593992,68.38892673287698,10.360365689503382,0.8811147550495936,0.0,0
292,-5.183246073298429,-60.0,1.1514,2.141834303900427,72.35430395110005,12.3345456836962,0.9234905845534567,0.0,0
293,-4.2408376963350785,-60.0,1.1514,5.08043700912251,32.58855134917801,14.200465217911804,0.7147144447189947,0.0,0
294,-3.298429319371728,-60.0,1.1514,9.432851500291452,13.108588717467647,17.123146544476803,0.33808015897198995,0.0,0
295,-2.356020942408377,-60.0,1.1514,14.580202786745026,7.545697678726106,16.22314772571118,0.3199298786143756,0.0,0
296,-1.4136125654450262,-60.0,1.1514,25.238308705571537,58.473196374804395,18.024590175427164,3.244321779507023,0.0,0
297,-0.4712041884816754,-60.0,1.1514,55.748650814601646,94.51236476599601,20.487607856353918,8.31012445050478,0.0,0
298,0.4712041884816754,-60.0,1.1514,105.94642920787703,97.87576735799567,22.479302890019685,12.954356533871074,0.0,0
299,1.4136125654450262,-60.0,1.1514,175.35339308884986,21.5354753831054,22.843587116359025,3.581767235502983,0.0,0
300,2.356020942408377,-60.0,1.1514,246.57752267833703,67.06995168082744,22.622884289274417,10.244613436927148,0.16666666666666666,1
301,3.298429319371728,-60.0,1.1514,262.71547875515944,112.06334895037169,24.65286958100463,11.827630263614868,0.36666666666666664,3
302,4.2408376963350785,-60.0,1.1514,277.6187119861128,123.83631981721474,22.007075381425615,11.310195340059726,0.3333333333333333,3
303,5.183246073298429,-60.0,1.1514,257.30770123474485,117.44214194547348,12.220848655167599,8.572295551116392,0.5,1
304,-13.664921465968591,-58.75,1.1514,0.2833050952566887,36.13593268947353,1.1756028163532344,0.5515980246373606,0.0,0
305,-12.72251308900524,-58.75,1.1514,-0.13805418607985032,66.33351832247683,2.5884572084631405,0.5769295014659563,0.0,0
306,-11.780104712041888,-58.75,1.1514,-0.3159975587090902,61.36817938049389,4.125445300157048,0.45168495532587005,0.0,0
307,-10.837696335078537,-58.75,1.1514,-0.2164202004078437,21.434448398674963,5.20533813064762,0.20420028169587245,0.0,0
308,-9.895287958115185,-58.75,1.1514,-0.271261123691779,13.115475045362333,6.599994619058914,0.15841977122550552,0.0,0
309,-8.952879581151834,-58.75,1.1514,-0.5178857959140697,52.32195726612983,7.421002142838327,0.6039238160533149,0.0,0
310,-8.010471204188482,-58.75,1.1514,-0.4772763403940792,86.42451697422757,8.366645315435184,0.9490402495055186,0.0,0
311,-7.0680628272251305,-58.75,1.1514,0.14405698532792943,48.756011401037966,9.659953153082332,0.5836858968221731,0.0,0
312,-6.12565445026178,-58.75,1.1514,1.1294429518847995,88.16722875033592,10.690592920900626,1.2841229487432246,0.0,0
313,-5.183246073298429,-58.75,1.1514,2.1058639460538213,94.59826234732287,12.352065534542483,1.443850945512749,0.0,0
314,-4.2408376963350785,-58.75,1.1514,4.774747055109897,59.80348103513223,14.631780801867537,1.2799359674896407,0.0,0
315,-3.298429319371728,-58.75,1.1514,7.653830091117271,15.227992330785785,18.002753455696322,0.36647669304990516,0.0,0
316,-2.356020942408377,-58.75,1.1514,11.297524938711476,65.45951137349172,16.98220212616776,2.237187619040238,0.0,0
317,-1.4136125654450262,-58.75,1.1514,20.155072921023237,98.93095762397952,18.88309087804974,4.233305203257271,0.0,0
318,-0.4712041884816754,-58.75,1.1514,44.92453436768773,103.4326320175808,20.975723998662115,7.9695223866324785,0.0,0
319,0.4712041884816754,-58.75,1.1514,99.90265546689804,106.77065194920824,23.59052145419495,13.780973672557746,0.0,4
320,-13.664921465968591,-57.5,1.1514,-0.20087680425935772,60.9449284819013,1.9230852660088897,0.34806259710137644,0.0,0
321,-12.72251308900524,-57.5,1.1514,-0.44954743183452306,60.53842482243258,2.723370769604205,0.3293360959167716,0.0,0
322,-11.780104712041888,-57.5,1.1514,-0.5153757410585194,25.99961142324817,4.2505887532454825,0.1540040262336862,0.0,0
323,-10.837696335078537,-57.5,1.1514,-0.41844981503647904,31.04119118657146,5.492283406101972,0.2600910591010742,0.0,0
324,-9.895287958115185,-57.5,1.1514,-0.5018637753277979,6.028832248157969,6.883751203017302,0.06070874627867898,0.0,0
325,-8.952879581151834,-57.5,1.1514,-0.6560624809357927,58.68031707122664,7.997826394617236,0.7090528519639628,0.0,0
326,-8.010471204188482,-57.5,1.1514,-0.3748714893799572,59.99363881197473,8.724030551812655,0.8044607221296001,0.0,0
327,-7.0680628272251305,-57.5,1.1514,-0.10556777526971306,92.23177988686763,10.23405065715881,1.035478792188169,0.0,0
328,-6.12565445026178,-57.5,1.1514,1.019385329617191,52.76771757019339,11.885742642072062,0.7336033963901517,0.0,0
329,-5.183246073298429,-57.5,1.1514,2.953176095446568,87.18125246176078,13.330318326024253,1.4934283805397617,0.0,0
330,-4.2408376963350785,-57.5,1.1514,4.517419864473519,77.397458849033,14.586976185194573,1.492394987313731,0.0,0
331,-3.298429319371728,-57.5,1.1514,6.3115939952977325,53.48242603189787,17.374324643348306,1.16171598062145,0.0,0
332,-2.356020942408377,-57.5,1.1514,8.408512759546756,97.39631863215007,19.85005783947163,2.0618181684325676,0.0,0
333,-1.4136125654450262,-57.5,1.1514,12.91809274577458,101.02895784601874,19.826065449413054,2.8097428094591015,0.0,0
334,-0.4712041884816754,-57.5,1.1514,30.539230378538015,87.9836269941402,21.84840541517458,5.092866316689021,0.0,0
335,0.4712041884816754,-57.5,1.1514,73.6863018516929,94.13276285000097,24.954752684247012,9.31303109326312,0.0,0
336,1.4136125654450262,-57.5,1.1514,129.68481606199208,88.44726965348373,24.757408187109448,11.440348992693428,0.16666666666666666,5
337,-13.664921465968591,-56.25,1.1514,-0.03817870361269571,31.379881607969416,1.7187373013571594,0.2025844099212467,0.0,0
338,-12.72251308900524,-56.25,1.1514,-0.3939239854299728,41.47115328129256,2.6244546027672206,0.19649253599368394,0.0,0
339,-11.780104712041888,-56.25,1.1514,-0.9228342910264816,13.292764463800154,4.478949168036104,0.05079241211807474,0.0,0
340,-10.837696335078537,-56.25,1.1514,-1.14704595429167,31.599900845540397,6.0222564421696285,0.12842347267003457,0.0,0
341,-9.895287958115185,-56.25,1.1514,-1.4390853859219397,0.9547159051133612,7.383092626473928,0.00426399563601574,0.0,0
342,-8.952879581151834,-56.25,1.1514,-1.5489442241888358,76.83202044160753,8.340519590934777,0.46521871285955374,0.0,0
343,-8.010471204188482,-56.25,1.1514,-1.6051681589361642,67.38573377027073,8.415565593384073,0.30822303082452523,0.0,0
344,-7.0680628272251305,-56.25,1.1514,-1.325874488317073,48.894906468462786,9.920995531972128,0.20230216049974784,0.0,0
345,-6.12565445026178,-56.25,1.1514,-0.9766731281532417,44.4650503349331,11.714120585530674,0.293856502116528,0.0,0
346,-5.183246073298429,-56.25,1.1514,0.33315563642047286,38.349509711528114,14.143568575327572,0.30158981711549926,0.0,0
347,-4.2408376963350785,-56.25,1.1514,1.6754174345848547,46.18376532958566,15.447220726665675,0.43193384086465975,0.0,0
348,-3.298429319371728,-56.25,1.1514,3.2361287112923893,61.711636914264766,16.600432605698224,0.7955556917053321,0.0,0
349,-2.356020942408377,-56.25,1.1514,6.2485692991017086,63.063823541654415,21.629428147458178,0.8262298154770393,0.0,0
350,-1.4136125654450262,-56.25,1.1514,7.691364575764446,92.91390827197837,21.05094727572531,1.4709356514426297,0.0,0
351,-0.4712041884816754,-56.25,1.1514,19.73087390977945,95.88428290781552,20.84649193483723,2.8139395841750123,0.0,0
352,0.4712041884816754,-56.25,1.1514,48.57584412265477,100.73402524016588,23.233529103811833,5.181635441696891,0.0,0
353,1.4136125654450262,-56.25,1.1514,84.84950371952706,113.5309143944456,25.74626436075997,8.629648552048641,0.5,2
354,-14.607329842931941,-55.0,1.1514,0.08767383838538584,26.40187011152061,0.6729356394487505,0.3138191315886116,0.0,0
355,-13.664921465968591,-55.0,1.1514,-0.1562034008052552,57.974392957203555,1.903354612270575,0.33516021698877246,0.0,0
356,-12.72251308900524,-55.0,1.1514,-0.5381482028027607,29.392401541284304,3.448227449237197,0.10674635007017236,0.0,0
357,-11.780104712041888,-55.0,1.1514,-0.9389577403630903,5.031244173829213,4.423727487136667,0.015963407915204075,0.0,0
358,-10.837696335078537,-55.0,1.1514,-1.4258472773244166,4.385897032136055,5.929174162852403,0.01340003088791172,0.0,0
359,-9.895287958115185,-55.0,1.1514,-1.792415227101578,6.756745753884863,7.536459179371098,0.018074450945853245,0.0,0
360,-8.952879581151834,-55.0,1.1514,-1.9036020975305659,60.95937534117616,8.779492849731712,0.1161499048616984,0.0,0
361,-8.010471204188482,-55.0,1.1514,-1.7451622422327138,21.710159433599017,9.400007038126098,0.022425911695426525,0.0,0
362,-7.0680628272251305,-55.0,1.1514,-1.6833626047344417,40.98203524479725,11.16955629899264,0.08680849964508999,0.0,0
363,-6.12565445026178,-55.0,1.1514,-1.2790766966590095,57.73356838455041,12.382829536121324,0.16190504549911752,0.0,0
364,-5.183246073298429,-55.0,1.1514,-0.10056309905530103,66.17463808423165,14.125753962206392,0.2621799992829176,0.0,0
365,-4.2408376963350785,-55.0,1.1514,0.4701659872476336,23.03853242609542,14.843240518420737,0.08929275699224752,0.0,0
366,-3.298429319371728,-55.0,1.1514,1.2662072149731012,22.75328642266795,17.40775303523407,0.12407318867369065,0.0,0
367,-2.356020942408377,-55.0,1.1514,4.762310872067367,31.64577983599772,19.722623959277584,0.23071457822844474,0.0,0
368,-1.4136125654450262,-55.0,1.1514,6.28739995537487,63.34080653768192,18.62656050245977,0.5822792368667077,0.0,0
369,-0.4712041884816754,-55.0,1.1514,20.054262024416794,73.63667139616601,17.181510584703222,1.6196883856651731,0.0,0
370,0.4712041884816754,-55.0,1.1514,39.257682624203156,83.73082849157636,20.225836606421947,2.7032480292008163,0.0,0
371,1.4136125654450262,-55.0,1.1514,55.1993333465676,98.52980939744077,22.693475408085966,3.9021815985827173,0.16666666666666666,0
372,2.356020942408377,-55.0,1.1514,82.06800580718064,108.55713079568181,20.825718553895307,4.5681896581060615,0.0,2
373,-14.607329842931941,-53.75,1.1514,-0.10850770964622797,47.694119808280725,1.1986019594455306,0.31080489830420244,0.0,0
374,-13.664921465968591,-53.75,1.1514,-0.4462033037043973,82.00126583116753,2.7654340296762014,0.20688447212221497,0.0,0
375,-12.72251308900524,-53.75,1.1514,-0.7074936781877103,44.90539582463518,3.7237145344336486,0.06236268979746823,0.0,0
376,-11.780104712041888,-53.75,1.1514,-1.0970634852671939,57.337850627707766,4.94772124597961,0.06811412673815492,0.0,0
377,-10.837696335078537,-53.75,1.1514,-1.5458800634783758,30.054261995085255,6.419197284468738,0.02120356964494466,0.0,0
378,-9.895287958115185,-53.75,1.1514,-1.871733808057758,28.278920807902324,7.813539352006769,0.007940784480673643,0.0,0
379,-8.952879581151834,-53.75,1.1514,-1.9753095502603393,80.39392333487108,8.8322931911648,0.012795657552455701,0.0,0
380,-8.010471204188482,-53.75,1.1514,-2.130737193068633,92.14505145850347,10.32905055067833,0.015345782358862654,0.0,0
381,-7.0680628272251305,-53.75,1.1514,-1.994890195639643,60.884163997292674,11.592903641700214,0.02174351167162334,0.0,0
382,-6.12565445026178,-53.75,1.1514,-1.535006063532582,49.06401350397391,13.000084636234732,0.09603942977475391,0.0,0
383,-5.183246073298429,-53.75,1.1514,-0.8823137799984082,30.47749062285573,14.469534253434555,0.08371813365612218,0.0,0
384,-4.2408376963350785,-53.75,1.1514,-0.5465579106145215,32.933666862324884,16.244709349909098,0.09090848054813037,0.0,0
385,-3.298429319371728,-53.75,1.1514,-0.015248405331175885,7.7259426164793386,17.047671827281658,0.02704871705899735,0.0,0
386,-2.356020942408377,-53.75,1.1514,1.8234748533598957,42.15432375497158,19.950479685916175,0.17983839118238545,0.0,0
387,-1.4136125654450262,-53.75,1.1514,7.642661519405646,40.55111146517595,19.068171703511524,0.22490665781646382,0.0,0
388,-0.4712041884816754,-53.75,1.1514,17.875697520063873,59.581416954016966,18.221067615984808,0.605075258512227,0.0,0
389,0.4712041884816754,-53.75,1.1514,30.275632512716854,61.516168330420946,19.199561243133136,0.880904359792077,0.0,0
390,1.4136125654450262,-53.75,1.1514,42.403371621166926,44.685582999914494,19.82541302331136,0.5572123530883796,0.0,0
391,2.356020942408377,-53.75,1.1514,53.40802172147612,80.08651145145775,18.047404780807913,1.0879935152006872,0.0,0
392,-13.664921465968591,-52.5,1.1514,-0.422196167864311,75.87218885976117,2.501635352211149,0.10266592542228056,0.0,0
393,-12.72251308900524,-52.5,1.1514,-0.7859829639170558,53.558477432862304,3.756467608038099,0.04356101859118462,0.0,0
394,-11.780104712041888,-52.5,1.1514,-1.2193256072788474,70.11948500111261,5.17762722572246,0.036776152720060025,0.0,0
395,-10.837696335078537,-52.5,1.1514,-1.6040785307173213,55.27235295957831,6.650137546181766,0.01665374021604886,0.0,0
396,-9.895287958115185,-52.5,1.1514,-1.9381578017585628,68.21938523071417,8.396697867750788,0.004565461153922221,0.0,0
397,-8.952879581151834,-52.5,1.1514,-2.05723579837624,88.04567607110934,9.33147206130377,0.004400652792522088,0.0,0
398,-8.010471204188482,-52.5,1.1514,-2.3104330870721563,84.80006208836427,11.07194764226682,0.006278815774165848,0.0,0
399,-7.0680628272251305,-52.5,1.1514,-2.4145127686013472,30.24522794094417,12.790559568738546,0.00935270130823872,0.0,0
400,-6.12565445026178,-52.5,1.1514,-2.326181617828712,22.762937483285306,14.313773219465837,0.017590645361696668,0.0,0
401,-5.183246073298429,-52.5,1.1514,-2.0765564927979447,78.85421657832684,15.553423557518737,0.08299675370802946,0.0,0
402,-4.2408376963350785,-52.5,1.1514,-1.9384625165289568,59.23403896470287,16.87420759939236,0.05730071879995348,0.0,0
403,-3.298429319371728,-52.5,1.1514,-1.1069957934175765,13.519203507860967,18.918745164585545,0.021115932602303364,0.0,0
404,-2.356020942408377,-52.5,1.1514,1.0243541820729778,68.15543587744277,20.3502458505228,0.1285280224108263,0.0,0
405,-1.4136125654450262,-52.5,1.1514,8.448147053558205,14.611949551783297,22.388375753709855,0.03390892069910749,0.0,0
406,-0.4712041884816754,-52.5,1.1514,18.83918520320497,52.03211478539408,20.773498427914344,0.1513123017257951,0.0,0
407,0.4712041884816754,-52.5,1.1514,30.042766708497957,49.433719790140806,19.892190592010596,0.2104441086103494,0.0,0
408,-8.952879581151834,-51.25,1.1514,-2.3275406387953024,14.932195494059705,10.77667494395636,0.0006086169476686959,0.0,0
409,-8.010471204188482,-51.25,1.1514,-2.5144692471234285,43.990221572643435,12.158806659396241,0.002126430657466222,0.0,0
410,-7.0680628272251305,-51.25,1.1514,-2.663175870347492,31.449578678825166,13.859168538937924,0.0016623451282193834,0.0,0
411,-5.183246073298429,-51.25,1.1514,-2.5841161458446975,52.01365192015882,16.24645096098485,0.011212227321958111,0.0,0
412,-4.2408376963350785,-51.25,1.1514,-2.6358036396097133,29.20483625690703,17.620940172568854,0.00429015569118227,0.0,0
413,-3.298429319371728,-51.25,1.1514,-1.6871026845585333,1.5567262581430863,19.09287619827453,0.000933581545854591,0.0,0
414,-2.356020942408377,-51.25,1.1514,0.22872721893312775,19.282364182252685,19.737162400773624,0.012249374790810995,0.0,0
415,-3.298429319371728,-50.0,1.1514,-2.276518373514715,5.618763745565324,19.61808557422886,0.0009346226840628587,0.0,0
0,-6.12565445026178,-78.75,3.112,4.197301196079665,16.999059739112337,0.2034708426757306,3.198932337967179,0.0,0
1,-5.183246073298429,-78.75,3.112,12.694509500380967,29.80135356299538,0.28945205983158756,10.617960648032042,0.0,0
2,-4.2408376963350785,-78.75,3.112,30.897110315751934,49.74085489451683,0.8281852555768429,23.868306002031446,0.0,0
3,-3.298429319371728,-78.75,3.112,27.733214523086126,39.083160730843765,0.9336229127883541,18.288458574712426,0.0,0
4,-2.356020942408377,-78.75,3.112,29.472997510594908,76.42741015733918,1.3680881624342929,36.16072248608874,0.0,0
5,-1.4136125654450262,-78.75,3.112,38.32114640364648,65.51668178944965,1.6293948901472879,44.80598736322868,0.0,0
6,-8.952879581151834,-77.5,3.112,5.3756758852428455,13.871197802889531,0.17411680586312928,5.6473222024276515,0.0,0
7,-8.010471204188482,-77.5,3.112,8.488060137109391,22.89190559441746,0.3096276993727299,7.66363925151554,0.0,0
8,-7.0680628272251305,-77.5,3.112,14.333836309463424,24.044882114286917,0.41408740886261935,9.63210897084593,0.0,0
9,-6.12565445026178,-77.5,3.112,15.248100203867873,41.483496895871994,1.0077306510828152,8.870414319333065,0.0,0
10,-5.183246073298429,-77.5,3.112,22.26275935607533,76.21937711307513,1.4034698689407126,14.140384227345427,0.0,0
11,-4.2408376963350785,-77.5,3.112,33.763988730307155,91.24511793456355,2.1250581317014112,22.848344427181505,0.0,0
12,-3.298429319371728,-77.5,3.112,52.51526915983202,52.670900878518296,2.5169447752471004,21.106108084217414,0.0,0
13,-2.356020942408377,-77.5,3.112,73.26425742865092,65.53465465549351,3.6596892061988644,35.716695998754595,0.0,0
14,-1.4136125654450262,-77.5,3.112,92.40887247880534,53.0481282208071,3.8181286544851187,35.25707740501862,0.0,0
15,-0.4712041884816754,-77.5,3.112,98.76770921197769,61.035830394199714,2.8954777408514176,60.85076350154295,0.0,0
16,0.4712041884816754,-77.5,3.112,79.04019338418672,59.13032194987709,2.646990232581296,73.07399556011943,0.0,0
17,-10.837696335078537,-76.25,3.112,9.326867387575222,43.20351696673248,0.342472050541378,6.474967934552229,0.0,0
18,-9.895287958115185,-76.25,3.112,19.45618943019016,37.604580589767764,0.72417328410927,13.35616493171702,0.0,0
19,-8.952879581151834,-76.25,3.112,36.003007909862156,37.986873319520356,2.066046196448218,17.980778864707297,0.0,0
20,-8.010471204188482,-76.25,3.112,23.372570214353285,71.62192408790426,2.7728964124539215,15.884545124023951,0.0,0
21,-7.0680628272251305,-76.25,3.112,18.692099001475352,65.20046011142429,2.5293429325557657,10.561136496892733,0.0,0
22,-6.12565445026178,-76.25,3.112,17.481881872343386,50.17267378553185,2.783075914885862,7.416181956823731,0.0,0
23,-5.183246073298429,-76.25,3.112,17.903747610787345,94.16271580357203,3.462351162666536,15.850145099519187,0.0,0
24,-4.2408376963350785,-76.25,3.112,24.76353222283295,98.30760543740003,4.248592031291014,25.836785129089414,0.0,0
25,-3.298429319371728,-76.25,3.112,33.699967003782014,99.96598417908498,5.092657865953393,29.51738271504611,0.0,0
26,-2.356020942408377,-76.25,3.112,41.32388371740289,101.39137814669208,6.3076113900471515,31.57613018566165,0.0,0
27,-1.4136125654450262,-76.25,3.112,45.08741586807337,97.65046931336555,6.893762319113602,28.441001645355897,0.0,0
28,-0.4712041884816754,-76.25,3.112,59.470283285680466,79.73583138491155,7.279758009707136,25.51916944713424,0.0,0
29,0.4712041884816754,-76.25,3.112,126.87813468484426,76.10656378167698,6.0905127939344235,45.93660920733976,0.0,0
30,1.4136125654450262,-76.25,3.112,164.82495298380715,11.766468952822182,1.7806783863600257,11.666696983164668,0.0,0
31,-13.664921465968591,-75.0,3.112,0.340169047830565,3.122319404719016,0.028682604811740384,0.2034275007758199,0.0,0
32,-12.72251308900524,-75.0,3.112,9.85140244018165,32.05084286697105,0.4078278987898751,6.192560617194552,0.0,0
33,-11.780104712041888,-75.0,3.112,20.296573043841722,44.109176575114674,0.8636285809103216,14.81356572815379,0.0,0
34,-10.837696335078537,-75.0,3.112,43.93299154071658,41.31752599035519,3.339704814212109,21.885076831969574,0.0,0
35,-9.895287958115185,-75.0,3.112,23.76587318971093,70.33956759573262,5.2755302721168285,13.399132870847597,0.0,0
36,-8.952879581151834,-75.0,3.112,10.681725118460243,45.0251192047885,5.248591166851784,4.394538193775398,0.0,0
37,-8.010471204188482,-75.0,3.112,8.2373636795596,69.96128567293661,4.413731097800079,5.896777953163066,0.0,0
38,-7.0680628272251305,-75.0,3.112,9.745760549065688,89.32057924247958,3.9500573486111583,9.507505401165574,0.0,0
39,-6.12565445026178,-75.0,3.112,13.215445964548035,85.82657526184214,3.7633268346529354,14.611507911236052,0.0,0
40,-5.183246073298429,-75.0,3.112,22.63163333067142,85.38900351146668,4.186095292958487,26.335058834242872,0.0,0
41,-4.2408376963350785,-75.0,3.112,32.724212737101524,86.06365186882928,4.994177506519019,37.82820814496992,0.0,0
42,-3.298429319371728,-75.0,3.112,46.31867812042887,88.50627371077817,6.403604094294356,49.882183643052585,0.0,0
43,-2.356020942408377,-75.0,3.112,59.89554360845933,90.19426412352941,7.56393140839105,54.426747295675916,0.0,0
44,-1.4136125654450262,-75.0,3.112,72.15043874133447,93.52563971750885,8.612485152816406,52.84680280139482,0.0,0
45,-0.4712041884816754,-75.0,3.112,75.16342739213593,94.47176438973528,9.069104753816104,41.75882501569373,0.0,0
46,0.4712041884816754,-75.0,3.112,75.72678240995008,98.69269219244923,8.420657594548878,32.072490878513605,0.0,0
47,1.4136125654450262,-75.0,3.112,112.99916191371315,45.53425895631238,5.023306646012191,19.403101351077453,0.0,0
48,2.356020942408377,-75.0,3.112,158.1541947049852,8.085774762057254,1.3542868914187458,5.190398070871728,0.0,0
49,-14.607329842931941,-73.75,3.112,0.1928740100955454,21.72628484162729,0.7986169876246703,0.3465617853694133,0.0,0
50,-13.664921465968591,-73.75,3.112,9.861491987657958,41.779870615281865,1.8303515223181706,5.665504911064408,0.0,0
51,-12.72251308900524,-73.75,3.112,27.610286911905476,49.52272620731283,2.838078002159909,13.677712774972264,0.0,0
52,-11.780104712041888,-73.75,3.112,28.2410407816883,72.03534160225688,7.466408433363125,26.469352719512823,0.0,0
53,-10.837696335078537,-73.75,3.112,11.371954142517497,89.25443042670321,8.301879316817281,7.606825144477107,0.0,0
54,-9.895287958115185,-73.75,3.112,8.084839655831168,90.89975120344916,6.916695547962228,7.32571703027371,0.0,0
55,-8.952879581151834,-73.75,3.112,8.461523627613785,81.27473977102056,5.611619879375845,8.638245397712264,0.0,0
56,-8.010471204188482,-73.75,3.112,9.43748602777261,72.03628390472944,4.815404504162994,9.642247685499635,0.0,0
57,-7.0680628272251305,-73.75,3.112,11.4724699600328,77.63976446973925,4.347343448399089,13.011369087592033,0.0,0
58,-6.12565445026178,-73.75,3.112,15.601856332949573,84.62839357596656,4.55679090473784,20.895191779750427,0.0,0
59,-5.183246073298429,-73.75,3.112,21.705966101590615,82.86223701666236,5.174681941128001,21.192246298368236,0.0,0
60,-4.2408376963350785,-73.75,3.112,32.020505362269475,87.93869634402503,6.160442699480711,26.10442590991703,0.0,0
61,-3.298429319371728,-73.75,3.112,40.346423103522866,90.16112983632738,7.754518759792594,30.9743742200054,0.0,0
62,-2.356020942408377,-73.75,3.112,51.32467898564491,93.08195906282104,9.358488940582207,34.385944937537104,0.0,0
63,-1.4136125654450262,-73.75,3.112,77.45493927592761,85.7215349019322,10.471028948363571,38.75409079994951,0.0,0
64,-0.4712041884816754,-73.75,3.112,95.35706045626853,96.46663888933637,10.943351641831784,48.487129879232896,0.0,0
65,0.4712041884816754,-73.75,3.112,103.43051717029384,98.06053415306154,10.265685245797513,42.86438573717263,0.0,0
66,1.4136125654450262,-73.75,3.112,110.00074204599949,100.35546754627089,8.57435544589359,36.80239843712621,0.0,0
67,-14.607329842931941,-72.5,3.112,0.6916172605589388,29.885677509554696,1.4948775085589707,0.876108596507887,0.0,0
68,-13.664921465968591,-72.5,3.112,8.298365587401246,24.025318647331325,1.5322473767211546,4.71745427088657,0.0,0
69,-12.72251308900524,-72.5,3.112,14.456925294744764,27.593538184439648,3.601538856255181,11.062949457181496,0.0,0
70,-11.780104712041888,-72.5,3.112,9.5812396745116,90.88764916009677,8.611491990918493,7.743765083871056,0.0,0
71,-10.837696335078537,-72.5,3.112,6.349477808096724,98.02803183285972,7.828512314456393,6.199466040032702,0.0,0
72,-9.895287958115185,-72.5,3.112,6.612923463621653,93.43425526516512,6.549407664564301,8.382346913305831,0.0,0
73,-8.952879581151834,-72.5,3.112,7.279379372791256,83.25363853651741,5.291730072971618,8.979203064671644,0.0,0
74,-8.010471204188482,-72.5,3.112,10.385083242586806,40.96340487703286,5.103704782134077,5.204824330008209,0.0,0
75,-7.0680628272251305,-72.5,3.112,11.810324052619777,61.31041253773725,5.022083650394454,8.20088936418222,0.0,0
76,-6.12565445026178,-72.5,3.112,13.793640655125138,87.616918111081,5.342791455991305,14.68856843878807,0.0,0
77,-5.183246073298429,-72.5,3.112,20.2808170996596,88.72800556426442,6.188054009172221,17.612779394319944,0.0,0
78,-4.2408376963350785,-72.5,3.112,31.77873724478329,80.69296546323856,7.493631078711199,21.10248042504278,0.0,0
79,-3.298429319371728,-72.5,3.112,41.2065379729962,92.31271491284717,8.955827228218153,26.905054595898967,0.0,0
80,-2.356020942408377,-72.5,3.112,54.99589853342272,90.0916560652417,10.529156368913084,29.420163072845813,0.0,0
81,-1.4136125654450262,-72.5,3.112,71.82556147651262,94.99632746021221,11.647845614836246,34.66423285495214,0.0,0
82,-0.4712041884816754,-72.5,3.112,96.42931586474377,97.18390878891172,12.49987400627807,38.71945649999037,0.0,0
83,0.4712041884816754,-72.5,3.112,112.38507776188756,97.91441334761043,12.077102393020459,39.70497736070277,0.0,0
84,1.4136125654450262,-72.5,3.112,139.05617832033337,100.0314567608395,10.516514389000829,45.172755192076934,0.0,0
85,-14.607329842931941,-71.25,3.112,1.9974586652387523,24.211184937793746,1.3755016986256803,1.5874040213234628,0.0,0
86,-13.664921465968591,-71.25,3.112,16.31070011269054,46.05089672107233,3.4029242868874716,10.22941105891914,0.0,0
87,-12.72251308900524,-71.25,3.112,14.78092688463126,58.23987928919003,7.137823590975946,11.276099523574775,0.0,0
88,-11.780104712041888,-71.25,3.112,6.420015523054955,86.43701454811,7.162688094898778,5.939075377244355,0.0,0
89,-10.837696335078537,-71.25,3.112,5.01267962554885,88.0364955252253,6.361970741208492,5.953000868456808,0.0,0
90,-9.895287958115185,-71.25,3.112,5.037041362024758,84.85712476040223,5.783262166536897,6.803215973639014,0.0,0
91,-8.952879581151834,-71.25,3.112,6.841436156288153,74.19028510255309,5.558950961754947,6.970987415007588,0.0,0
92,-8.010471204188482,-71.25,3.112,8.211662023700796,27.886407183796642,5.392100238213458,2.53653542161825,0.0,0
93,-7.0680628272251305,-71.25,3.112,11.85326529496973,78.10829295281496,5.786880170917883,8.029622807815294,0.0,0
94,-6.12565445026178,-71.25,3.112,12.714583956778574,89.88794991938785,6.144462109396677,10.803074366054345,0.0,0
95,-5.183246073298429,-71.25,3.112,17.322850519323545,93.6159630840403,7.289642513727493,14.472465480762994,0.0,0
96,-4.2408376963350785,-71.25,3.112,26.65940123445374,90.50765270407514,8.693001855221365,17.397504630105338,0.0,0
97,-3.298429319371728,-71.25,3.112,35.879201616572175,93.2462984416738,9.883395724375497,22.057154980700552,0.0,0
98,-2.356020942408377,-71.25,3.112,51.392642756179214,90.72426364662985,11.673788261785523,26.52688116421443,0.0,0
99,-1.4136125654450262,-71.25,3.112,67.11636208430943,97.22313179956114,13.469742642044366,28.983891136729326,0.0,0
100,-0.4712041884816754,-71.25,3.112,93.03804872030075,98.38967396324733,14.202412866213548,33.05569597524413,0.0,0
101,0.4712041884816754,-71.25,3.112,117.95872089788156,100.03968795906985,13.915538351205747,36.06223316626965,0.0,0
102,1.4136125654450262,-71.25,3.112,142.10445030920187,90.03410326473353,11.560084972342565,35.99393247680873,0.0,0
103,-13.664921465968591,-70.0,3.112,23.39161179642508,61.396808822468515,5.020254469452832,17.20695002226637,0.0,0
104,-12.72251308900524,-70.0,3.112,9.173610483184534,56.504492829578375,6.9226688716774785,5.022347658679362,0.0,0
105,-11.780104712041888,-70.0,3.112,3.933656559341128,79.45627118479528,6.161643207234906,3.898246189648547,0.0,0
106,-10.837696335078537,-70.0,3.112,4.479959730565013,52.96746438489781,5.765438080717674,3.450796764121278,0.0,0
107,-9.895287958115185,-70.0,3.112,4.485799534275351,83.18574238780644,5.616403507350254,5.8177065832402475,0.0,0
108,-8.952879581151834,-70.0,3.112,6.305006241678931,56.70072829936461,5.728525908086852,4.504833295037946,0.0,0
109,-8.010471204188482,-70.0,3.112,6.211716616182813,46.8725863769467,5.769732591632097,3.277404603656466,0.0,0
110,-7.0680628272251305,-70.0,3.112,7.983493488567309,86.55843892213883,6.361345848923113,6.4449850367256305,0.0,0
111,-6.12565445026178,-70.0,3.112,10.773898369337354,92.72975075737655,6.825195252294783,8.887603885360459,0.0,0
112,-5.183246073298429,-70.0,3.112,15.90540390670767,93.91605046112574,7.971146324260859,12.118247593769063,0.0,0
113,-4.2408376963350785,-70.0,3.112,22.031260731709494,84.20638188291191,9.42101279751574,12.635389805034865,0.0,0
114,-3.298429319371728,-70.0,3.112,29.75891555359253,88.49997693578833,10.90353318852819,18.167966504695077,0.0,0
115,-2.356020942408377,-70.0,3.112,44.22284607110795,92.8948765891303,12.958944489706058,22.886886707780562,0.0,0
116,-1.4136125654450262,-70.0,3.112,59.00068617673714,93.41013469916787,14.66378307859402,24.120514138663637,0.0,0
117,-0.4712041884816754,-70.0,3.112,84.63726617712526,97.18121449619565,15.566717767835,27.56567176899282,0.0,0
118,0.4712041884816754,-70.0,3.112,113.29267627566766,100.35056473528064,15.08684172361165,31.20815824830879,0.0,0
119,1.4136125654450262,-70.0,3.112,140.99256664315715,98.96498221668081,12.396559528690943,33.52264692619884,0.0,0
120,-15.549738219895294,-68.75,3.112,18.334308088702574,72.342630671937,3.2083496732422376,23.02816292569596,0.0,0
121,-14.607329842931941,-68.75,3.112,26.47580317894541,59.76678739999885,4.202772534160265,18.946548363298618,0.0,0
122,-13.664921465968591,-68.75,3.112,16.161931648658165,76.50701720134907,5.520288069319782,10.077673381442617,0.0,0
123,-12.72251308900524,-68.75,3.112,2.8181290345773187,73.66138244954023,5.876401408327505,2.414047905372791,0.0,0
124,-11.780104712041888,-68.75,3.112,2.443615613872658,43.26090621625064,5.39329626043449,2.047014992091732,0.0,0
125,-10.837696335078537,-68.75,3.112,3.222238501383755,26.500608429029025,5.534065363059882,1.5963613684079085,0.0,0
126,-9.895287958115185,-68.75,3.112,3.64295489460876,65.85914356162027,5.560008612055312,3.7286499029419073,0.0,0
127,-8.952879581151834,-68.75,3.112,2.9044126830429073,22.426722479733154,5.843241151532735,1.1229784724970497,0.0,0
128,-8.010471204188482,-68.75,3.112,2.644235739129366,87.72368679878086,6.14671571807449,3.5471958696912913,0.0,0
129,-7.0680628272251305,-68.75,3.112,3.8209675643059704,91.65085763898912,6.581331068329032,4.35857775488542,0.0,0
130,-6.12565445026178,-68.75,3.112,6.866858315873177,93.8911770266492,7.251881381423635,5.6405309887682575,0.0,0
131,-5.183246073298429,-68.75,3.112,12.339217097917189,94.89506582901629,8.543954828850836,8.476815917264666,0.0,0
132,-4.2408376963350785,-68.75,3.112,17.599028147434808,93.17652852667243,9.999944123550776,10.948942580287563,0.0,0
133,-3.298429319371728,-68.75,3.112,27.444569354880553,95.37374758838286,11.795583072230714,14.389820228469711,0.0,0
134,-2.356020942408377,-68.75,3.112,38.04497367099564,92.2244457938006,13.287318854918773,16.896902837820143,0.0,0
135,-1.4136125654450262,-68.75,3.112,52.283859023959934,95.2486145498866,15.495969448668475,21.265498031371028,0.0,0
136,-0.4712041884816754,-68.75,3.112,72.74272531455144,99.19211971609676,16.701675466803902,24.888239757213675,0.0,0
137,0.4712041884816754,-68.75,3.112,104.21852225039682,99.88922415802674,15.57505598001108,27.72506902955556,0.0,0
138,1.4136125654450262,-68.75,3.112,146.00241031313374,100.35460341967182,13.954485845461763,34.57519607310934,0.0,0
139,2.356020942408377,-68.75,3.112,205.02819805527207,100.84453858734459,11.222664369084578,38.06342421553728,0.0,0
140,-16.492146596858646,-67.5,3.112,30.32401266173356,24.825270585912257,1.6691747876216356,15.845156746387033,0.0,0
141,-15.549738219895294,-67.5,3.112,28.174607355335237,41.320836023061666,3.6207049908647218,18.775804427865666,0.0,0
142,-14.607329842931941,-67.5,3.112,10.457904552426072,65.34468718253446,4.655189448946942,5.163223089378548,0.0,0
143,-13.664921465968591,-67.5,3.112,1.9195212174957321,74.05881888891577,4.852778234119543,1.9666263376129463,0.0,0
144,-12.72251308900524,-67.5,3.112,1.3675387756986455,85.8033322481237,5.064178972501079,2.758146836704942,0.0,0
145,-11.780104712041888,-67.5,3.112,2.0206338561503925,79.66141648821629,4.938492555950803,4.559673192893672,0.0,0
146,-10.837696335078537,-67.5,3.112,1.8548219990483896,47.89912565353692,5.220298763514823,2.3047335685726926,0.0,0
147,-9.895287958115185,-67.5,3.112,1.4708018354803203,8.670170253644319,5.708841347164949,0.3531982829259586,0.0,0
148,-8.952879581151834,-67.5,3.112,0.8860527903547593,50.614473082110884,5.926673170425423,1.7604777247199224,0.0,0
149,-8.010471204188482,-67.5,3.112,2.155027637183222,92.17891625235991,6.439928903833093,3.022666813537888,0.0,0
150,-7.0680628272251305,-67.5,3.112,4.366574424818528,92.23607720953056,6.956170183625,3.750933987415026,0.0,0
151,-6.12565445026178,-67.5,3.112,5.507733886406005,92.95189645800127,7.6244850029723965,4.636585721115343,0.0,0
152,-5.183246073298429,-67.5,3.112,9.361175795343303,94.63699653599822,8.995612264418765,6.582098154111861,0.0,0
153,-4.2408376963350785,-67.5,3.112,15.74169358182039,93.68826856033151,10.538804530334948,8.98051769080247,0.0,0
154,-3.298429319371728,-67.5,3.112,24.265775135061773,94.40531303851265,12.629350311569953,11.00593470020835,0.0,0
155,-2.356020942408377,-67.5,3.112,33.66303784684186,95.08239060487988,14.134900669312648,13.387485583699762,0.0,0
156,-1.4136125654450262,-67.5,3.112,46.273693953622825,96.59025068768759,16.114217335969904,18.331375576334537,0.0,0
157,-0.4712041884816754,-67.5,3.112,65.13600442559658,97.2850120346605,16.839753467467787,22.409847363208033,0.0,0
158,0.4712041884816754,-67.5,3.112,89.28886936221505,101.0172992182709,16.794346606607924,27.174069798367015,0.0,0
159,1.4136125654450262,-67.5,3.112,138.86709021130056,103.01758488045851,15.809155656698067,34.80930865263991,0.0,0
160,2.356020942408377,-67.5,3.112,216.23849504516,97.50517130815142,13.035393450723799,39.474245782353485,0.0,0
161,-18.376963350785346,-66.25,3.112,9.428216568484498,12.508303752337376,0.26382362184853736,4.857019814216039,0.0,0
162,-17.434554973821996,-66.25,3.112,27.048571170462207,29.58882243710927,1.4829694699444083,10.006081927808063,0.0,0
163,-16.492146596858646,-66.25,3.112,32.33177651736462,62.1795991317898,2.589815137326177,28.675959527109573,0.0,0
164,-15.549738219895294,-66.25,3.112,9.294912589954016,79.00644675021971,3.5985270230022834,6.478237760829496,0.0,0
165,-14.607329842931941,-66.25,3.112,1.1046813121904493,85.72715890170052,3.858244529201919,1.8116033302802903,0.0,0
166,-13.664921465968591,-66.25,3.112,1.516952158764975,31.937960070208014,1.597002123655848,2.721455901855017,0.0,0
167,-12.72251308900524,-66.25,3.112,0.7593902717783174,90.41264805797255,4.613169704123911,3.074466685166812,0.0,0
168,-11.780104712041888,-66.25,3.112,1.2224744696207885,86.98196027436114,4.735987343427028,3.2906631731883254,0.0,0
169,-10.837696335078537,-66.25,3.112,0.9297062161951697,73.11312223552628,4.986741202570039,2.3635316463119214,0.0,0
170,-9.895287958115185,-66.25,3.112,1.1866254519074904,60.056683513893056,5.509547280048247,2.1231139617037327,0.0,0
171,-8.952879581151834,-66.25,3.112,1.5850285647252296,65.06333333697027,6.0998806436902715,2.401687073182851,0.0,0
172,-8.010471204188482,-66.25,3.112,2.3350894417113546,90.52525831917802,6.764339226503436,2.5804891522536093,0.0,0
173,-7.0680628272251305,-66.25,3.112,3.4538243085180413,92.22333881595682,7.364799011471041,3.135211766471099,0.0,0
174,-6.12565445026178,-66.25,3.112,4.743130107114829,92.8141884041449,8.117985540044547,4.274065401895944,0.0,0
175,-5.183246073298429,-66.25,3.112,6.87742439331379,93.87579604459373,9.322385540472919,4.684927885975824,0.0,0
176,-4.2408376963350785,-66.25,3.112,11.836365812183397,94.47688108981366,11.09775944172119,6.335799396917019,0.0,0
177,-3.298429319371728,-66.25,3.112,19.592274156403676,93.53267060677437,13.098953928660602,7.715097486603057,0.0,0
178,-2.356020942408377,-66.25,3.112,25.928747990834122,99.57596004455259,15.40610014454089,9.451828234139477,0.0,0
179,-1.4136125654450262,-66.25,3.112,40.21920597843808,96.95974037982523,16.248323809359604,14.427008346234688,0.0,0
180,-0.4712041884816754,-66.25,3.112,54.43473880732851,98.43011900574291,17.43745893677152,16.818945033614614,0.0,0
181,0.4712041884816754,-66.25,3.112,82.60273669087692,99.54655935855642,17.698602724268348,22.046227249996175,0.0,0
182,1.4136125654450262,-66.25,3.112,117.92894005044468,94.85279207361572,17.081811273946755,25.411066550436495,0.0,0
183,2.356020942408377,-66.25,3.112,169.47641064731746,100.53753414897577,15.01200523445243,27.555763916711815,0.0,0
184,-18.376963350785346,-65.0,3.112,18.887724463638982,27.816121349437758,0.7343636936395199,11.636209300905676,0.0,0
185,-17.434554973821996,-65.0,3.112,24.2821293595341,32.63756935971508,1.7026301558220198,9.67227361202808,0.0,0
186,-16.492146596858646,-65.0,3.112,10.860122763504162,74.37875915021849,2.4649732772277217,8.631014248845045,0.0,0
187,-15.549738219895294,-65.0,3.112,1.9507581102630032,47.31680669861078,1.72083474441565,2.7330475265281278,0.0,0
188,-14.607329842931941,-65.0,3.112,1.0252473588740219,61.52453512918647,2.380195886777286,1.2350171596851145,0.0,0
189,-13.664921465968591,-65.0,3.112,0.9625699196768842,42.849518417639715,1.8429313770269558,2.2558289843567714,0.0,0
190,-12.72251308900524,-65.0,3.112,1.1335607880328533,54.51270210915768,2.52160840893093,2.155728602909009,0.0,0
191,-11.780104712041888,-65.0,3.112,1.1156247542271576,84.32247319960067,4.636342228860641,2.214678624470176,0.0,0
192,-10.837696335078537,-65.0,3.112,0.7715995158972095,58.23257168891648,4.870367358480914,1.263687409595068,0.0,0
193,-9.895287958115185,-65.0,3.112,0.8264442319323999,21.29275767841218,5.535744686715878,0.53051747699225,0.0,0
194,-8.952879581151834,-65.0,3.112,1.2509916530146121,48.78086157480194,6.139263910815629,1.5801884929896648,0.0,0
195,-8.010471204188482,-65.0,3.112,1.710965823888189,79.90883212584299,7.041476796608325,2.361742984986138,0.0,0
196,-7.0680628272251305,-65.0,3.112,2.8907392968936874,80.23640048187858,7.946247662005646,2.5610536520972755,0.0,0
197,-6.12565445026178,-65.0,3.112,4.37455574406527,94.5457080621097,8.694827619517673,2.914481190478991,0.0,0
198,-5.183246073298429,-65.0,3.112,5.357749600713339,86.60042841647322,9.885973619937388,3.2602326827739763,0.0,0
199,-4.2408376963350785,-65.0,3.112,8.762298783308337,84.21167693291602,11.534642783334691,3.5887985423881896,0.0,0
200,-3.298429319371728,-65.0,3.112,11.289269919665292,86.25813334651855,13.759959228706206,4.052230887240162,0.0,0
201,-2.356020942408377,-65.0,3.112,19.27927871555738,100.18455457102336,15.854425426923694,7.2143117134542845,0.0,0
202,-1.4136125654450262,-65.0,3.112,37.517158122446425,96.55292379625664,17.034479261356946,12.19995469031387,0.0,0
203,-0.4712041884816754,-65.0,3.112,54.13288741504505,100.9313690193695,18.76408046582213,13.285449131566578,0.0,0
204,0.4712041884816754,-65.0,3.112,89.68469973976576,102.20581706970938,19.243141377300205,18.95156014898337,0.0,0
205,1.4136125654450262,-65.0,3.112,120.92680121324811,107.8644488378184,18.608848539796593,22.50924325402958,0.0,0
206,-20.261780104712045,-63.75,3.112,6.920537408987689,18.039697232743492,0.0,1.8087789876036622,0.0,0
207,-19.319371727748695,-63.75,3.112,9.448726191105397,23.422952426434303,0.6721969780572937,3.3282289685418793,0.0,0
208,-18.376963350785346,-63.75,3.112,12.48963932346833,30.74737271080387,0.9339985013034184,5.931088353325313,0.0,0
209,-17.434554973821996,-63.75,3.112,12.190616373413008,15.907579494685015,1.2556214981212193,2.7782103109594773,0.0,0
210,-16.492146596858646,-63.75,3.112,2.8756580278129,45.641648948972595,1.3902541580587375,4.836986687849541,0.0,0
211,-15.549738219895294,-63.75,3.112,1.0255517442516018,68.5276517415004,2.2153048865199354,1.639411901144577,0.0,0
212,-14.607329842931941,-63.75,3.112,0.49610878814279724,77.57069293395806,2.6537992557446537,1.1516133923233594,0.0,0
213,-13.664921465968591,-63.75,3.112,0.36852030654209833,66.28328234796523,2.501271374176705,1.050879622639752,0.0,0
214,-12.72251308900524,-63.75,3.112,-0.007894413813157808,90.79868209840674,3.8610669100597663,1.1274677033031704,0.0,0
215,-11.780104712041888,-63.75,3.112,-0.1337971245737406,34.30268001512733,4.416617788030517,0.4443604664521553,0.0,0
216,-10.837696335078537,-63.75,3.112,0.26598269701804944,38.428237212239964,2.3476675192308156,0.8018047497329209,0.0,0
217,-9.895287958115185,-63.75,3.112,0.2670104921796299,21.300976215693396,4.509047305785875,0.37258107125364304,0.0,0
218,-8.952879581151834,-63.75,3.112,0.2170646440644033,8.67180449894769,6.700719244583166,0.14310041844286842,0.0,0
219,-8.010471204188482,-63.75,3.112,1.08946166800314,32.58931177577787,7.217343452505402,0.778268228754314,0.0,0
220,-7.0680628272251305,-63.75,3.112,1.7883952078941268,70.53383461020022,8.055660466851016,1.720597001542361,0.0,0
221,-6.12565445026178,-63.75,3.112,3.0061420912694343,95.15868201400714,9.189512386760542,2.4028335228745683,0.0,0
222,-5.183246073298429,-63.75,3.112,3.4617123873718256,90.48484307572356,10.509112971905807,2.5314550718797,0.0,0
223,-4.2408376963350785,-63.75,3.112,6.043550691206304,75.47643193731602,12.646474329987601,2.257618901111648,0.0,0
224,-3.298429319371728,-63.75,3.112,7.375404389106485,97.63068464998437,13.966026431291754,2.8631854376498374,0.0,0
225,-2.356020942408377,-63.75,3.112,16.139764794425137,93.8964533912015,15.418771534110164,5.394480447026321,0.0,0
226,-1.4136125654450262,-63.75,3.112,35.283953100458106,97.60798595683592,17.585686368670434,10.490784229450147,0.0,0
227,-0.4712041884816754,-63.75,3.112,54.63242209628817,106.01232645293591,19.9222899500384,12.341635581987097,0.0,0
228,0.4712041884816754,-63.75,3.112,91.63038863197201,108.32689447080753,20.742727137933876,16.029992103080556,0.0,0
229,1.4136125654450262,-63.75,3.112,137.38415520831342,112.514073307209,20.218272615330683,22.48884948175864,0.0,0
230,3.298429319371728,-63.75,3.112,244.15165502221885,117.9683891662532,10.778932310024594,36.21487726649322,0.0,3
231,-19.319371727748695,-62.5,3.112,8.077734363052032,18.253483725497105,0.48075399638461785,2.1041801905316246,0.0,0
232,-18.376963350785346,-62.5,3.112,7.280933340445052,6.555099353518727,0.4796342415179571,1.2009878451384934,0.0,0
233,-17.434554973821996,-62.5,3.112,4.323079164842183,4.220540769183586,0.520528722142927,0.5326952305676795,0.0,0
234,-16.492146596858646,-62.5,3.112,2.1459532505084775,34.75826353193162,1.0616963594728062,2.1533311956899253,0.0,0
235,-15.549738219895294,-62.5,3.112,0.9940164574430821,23.876862551224907,1.1317918297285399,1.2583029029566846,0.0,0
236,-14.607329842931941,-62.5,3.112,0.8329532321715012,53.63103886584538,1.8612006290032637,1.3966394698164484,0.0,0
237,-13.664921465968591,-62.5,3.112,0.33379462480177313,87.82412925208305,2.998458343058153,1.1570645508404893,0.0,0
238,-12.72251308900524,-62.5,3.112,-0.22671928824627308,89.18068435660966,3.5794286830174653,0.7872605351035148,0.0,0
239,-11.780104712041888,-62.5,3.112,-0.1195624159267129,34.9591187177046,3.972399145888694,0.39107219671498106,0.0,0
240,-10.837696335078537,-62.5,3.112,-0.00936616705719251,42.082247139152216,4.22681830544725,0.4859786039398467,0.0,0
241,-9.895287958115185,-62.5,3.112,0.3321060354461951,1.059521265435025,4.408916628954557,0.012791079960960494,0.0,0
242,-8.952879581151834,-62.5,3.112,-0.13188994508203677,32.218610572912176,6.790580729410616,0.27370061470931867,0.0,0
243,-8.010471204188482,-62.5,3.112,-0.25742920673691594,41.18304940000273,7.473209413577815,0.4229361864043017,0.0,0
244,-7.0680628272251305,-62.5,3.112,-0.15361318291550674,16.425922071401374,8.417111041835545,0.15675874590920727,0.0,0
245,-6.12565445026178,-62.5,3.112,0.9038999631906286,63.41458121816537,9.576028274392456,0.7878354734654975,0.0,0
246,-5.183246073298429,-62.5,3.112,2.4287906419268213,96.9122280645804,11.125933251010245,1.7951267548425287,0.0,0
247,-4.2408376963350785,-62.5,3.112,4.379883529425597,69.51624708453863,13.3948113637464,1.3432634901249085,0.0,0
248,-3.298429319371728,-62.5,3.112,6.960100422497673,96.4034409548698,14.524780095856595,2.793864314182307,0.0,0
249,-2.356020942408377,-62.5,3.112,14.030191240978592,94.7241822192222,15.799147208491451,4.561452163978327,0.0,0
250,-1.4136125654450262,-62.5,3.112,33.35931475854811,89.52637776578938,18.968765680625882,7.297514228737239,0.0,0
251,-0.4712041884816754,-62.5,3.112,59.59124322871867,104.3640401597733,19.933228356787467,12.266885692858157,0.0,0
252,0.4712041884816754,-62.5,3.112,110.57283857028217,111.56516078354453,22.03531920504788,18.072085078978006,0.0,0
253,1.4136125654450262,-62.5,3.112,167.65532358014588,112.71908722034584,21.848888823611436,25.260872188922548,0.0,0
254,2.356020942408377,-62.5,3.112,222.62648412155116,119.65185565808451,19.813588787275865,29.626880196471273,0.0,0
255,3.298429319371728,-62.5,3.112,260.35126164880484,124.67643636104185,17.470370268240995,33.052021087761524,0.0,2
256,-18.376963350785346,-61.25,3.112,4.537057188345109,24.009186943315253,0.4669833366762394,2.786336422612073,0.0,0
257,-17.434554973821996,-61.25,3.112,2.997134498486594,22.044669454811558,0.6575657827538344,1.6887227609317503,0.0,0
258,-16.492146596858646,-61.25,3.112,1.857441384883408,27.720808950568294,1.0021969912934325,1.15815506176483,0.0,0
259,-15.549738219895294,-61.25,3.112,1.0422087674976084,22.468278494336225,1.1584760620778682,0.9079595702012632,0.0,0
260,-14.607329842931941,-61.25,3.112,0.7409946978392512,76.12184726227844,2.373385820428308,1.160835676350893,0.0,0
261,-13.664921465968591,-61.25,3.112,0.13634389492999632,84.41790462631222,2.9482679380779335,0.7057031976760181,0.0,0
262,-12.72251308900524,-61.25,3.112,-0.09824017652975203,22.941250557469388,3.4453278707664334,0.1844184070434429,0.0,0
263,-11.780104712041888,-61.25,3.112,-0.15471510849505932,15.341499991421895,3.736420637413966,0.1423152578040804,0.0,0
264,-10.837696335078537,-61.25,3.112,0.1277191070420356,25.108007024724145,2.7113229452332206,0.31339195056350383,0.0,0
265,-9.895287958115185,-61.25,3.112,-0.2122267072545121,30.93874473552977,5.3749156451514315,0.2628001759087577,0.0,0
266,-8.952879581151834,-61.25,3.112,-0.3940616026648338,51.97602794194809,6.772455174023846,0.5130021675288838,0.0,0
267,-8.010471204188482,-61.25,3.112,-0.5626597859910352,57.28265539393973,7.88253442700338,0.5429418149425844,0.0,0
268,-7.0680628272251305,-61.25,3.112,-0.1902795465726519,79.3076373996791,8.63224818891361,0.7403342882840481,0.0,0
269,-6.12565445026178,-61.25,3.112,0.7436558985148443,72.52321200254354,10.083245217880714,0.8085615092402785,0.0,0
270,-5.183246073298429,-61.25,3.112,2.7766995638176972,78.39311256148979,11.582855500939964,1.2306847216137082,0.0,0
271,-4.2408376963350785,-61.25,3.112,5.345243250880811,45.07867582967601,13.335278636539714,1.0780516023568472,0.0,0
272,-3.298429319371728,-61.25,3.112,8.308196661244896,52.07316649217767,15.898742869135221,1.5189883771803925,0.0,0
273,-2.356020942408377,-61.25,3.112,13.476141346371993,100.63324789363533,16.793331494453547,4.028394918316875,0.0,0
274,-1.4136125654450262,-61.25,3.112,29.325431963216978,92.48301342455214,18.30648442069398,6.869337667514385,0.0,0
275,-0.4712041884816754,-61.25,3.112,61.94615024768868,73.93677017136477,19.666421250433437,8.17946695689373,0.0,0
276,0.4712041884816754,-61.25,3.112,115.93059202147924,78.77642125326382,21.663459832665218,12.84020837974734,0.0,0
277,1.4136125654450262,-61.25,3.112,181.99686774999796,66.02693329692507,22.288100561802494,14.822906130642751,0.0,0
278,2.356020942408377,-61.25,3.112,236.41118806646153,17.673955711778937,22.37366693978452,3.7246811762989447,0.0,0
279,3.298429319371728,-61.25,3.112,244.2119454497721,90.07863086283032,21.39902419207448,15.402701365794103,0.0,0
280,4.2408376963350785,-61.25,3.112,257.9748336222691,107.31719783524797,11.965369568633074,19.02122935819815,0.0,3
281,-15.549738219895294,-60.0,3.112,1.0568838170564834,31.811556599494434,0.8571946232942055,0.8775213305669116,0.0,0
282,-14.607329842931941,-60.0,3.112,0.9244744719793374,46.02293560201228,2.371228971522582,0.5171071713024806,0.0,0
283,-13.664921465968591,-60.0,3.112,0.18977216214068182,32.07814226708334,2.80268199148788,0.266482717670707,0.0,0
284,-12.72251308900524,-60.0,3.112,-0.11112089509664613,34.6083806911064,2.819184979292435,0.3033188380960144,0.0,0
285,-11.780104712041888,-60.0,3.112,-0.18293402778614987,68.38610259707625,3.85546028061516,0.6261617349835396,0.0,0
286,-10.837696335078537,-60.0,3.112,-0.020224606394359412,76.27198971111633,4.271569640184566,0.8157604999590392,0.0,0
287,-9.895287958115185,-60.0,3.112,-0.2942989467748893,47.67880421862356,5.756825277207936,0.5189112683680216,0.0,0
288,-8.952879581151834,-60.0,3.112,-0.5847770139753297,59.461618816297694,7.113149503355715,0.6073314329616479,0.0,0
289,-8.010471204188482,-60.0,3.112,-0.7953739885373245,82.16149281351372,8.405551217653782,0.729844694838683,0.0,0
290,-7.0680628272251305,-60.0,3.112,0.22700540174897288,33.89659612072166,9.463374850821276,0.3856792184133314,0.0,0
291,-6.12565445026178,-60.0,3.112,1.076405255593992,68.38892673287698,10.360365689503382,0.8811147550495936,0.0,0
292,-5.183246073298429,-60.0,3.112,2.141834303900427,72.35430395110005,12.3345456836962,0.9234905845534567,0.0,0
293,-4.2408376963350785,-60.0,3.112,5.08043700912251,32.58855134917801,14.200465217911804,0.7147144447189947,0.0,0
294,-3.298429319371728,-60.0,3.112,9.432851500291452,13.108588717467647,17.123146544476803,0.33808015897198995,0.0,0
295,-2.356020942408377,-60.0,3.112,14.580202786745026,7.545697678726106,16.22314772571118,0.3199298786143756,0.0,0
296,-1.4136125654450262,-60.0,3.112,25.238308705571537,58.473196374804395,18.024590175427164,3.244321779507023,0.0,0
297,-0.4712041884816754,-60.0,3.112,55.748650814601646,94.51236476599601,20.487607856353918,8.31012445050478,0.0,0
298,0.4712041884816754,-60.0,3.112,105.94642920787703,97.87576735799567,22.479302890019685,12.954356533871074,0.0,0
299,1.4136125654450262,-60.0,3.112,175.35339308884986,21.5354753831054,22.843587116359025,3.581767235502983,0.0,0
300,2.356020942408377,-60.0,3.112,246.57752267833703,67.06995168082744,22.622884289274417,10.244613436927148,0.0,0
301,3.298429319371728,-60.0,3.112,262.71547875515944,112.06334895037169,24.65286958100463,11.827630263614868,0.0,0
302,4.2408376963350785,-60.0,3.112,277.6187119861128,123.83631981721474,22.007075381425615,11.310195340059726,0.0,1
303,5.183246073298429,-60.0,3.112,257.30770123474485,117.44214194547348,12.220848655167599,8.572295551116392,0.0,1
304,-13.664921465968591,-58.75,3.112,0.2833050952566887,36.13593268947353,1.1756028163532344,0.5515980246373606,0.0,0
305,-12.72251308900524,-58.75,3.112,-0.13805418607985032,66.33351832247683,2.5884572084631405,0.5769295014659563,0.0,0
306,-11.780104712041888,-58.75,3.112,-0.3159975587090902,61.36817938049389,4.125445300157048,0.45168495532587005,0.0,0
307,-10.837696335078537,-58.75,3.112,-0.2164202004078437,21.434448398674963,5.20533813064762,0.20420028169587245,0.0,0
308,-9.895287958115185,-58.75,3.112,-0.271261123691779,13.115475045362333,6.599994619058914,0.15841977122550552,0.0,0
309,-8.952879581151834,-58.75,3.112,-0.5178857959140697,52.32195726612983,7.421002142838327,0.6039238160533149,0.0,0
310,-8.010471204188482,-58.75,3.112,-0.4772763403940792,86.42451697422757,8.366645315435184,0.9490402495055186,0.0,0
311,-7.0680628272251305,-58.75,3.112,0.14405698532792943,48.756011401037966,9.659953153082332,0.5836858968221731,0.0,0
312,-6.12565445026178,-58.75,3.112,1.1294429518847995,88.16722875033592,10.690592920900626,1.2841229487432246,0.0,0
313,-5.183246073298429,-58.75,3.112,2.1058639460538213,94.59826234732287,12.352065534542483,1.443850945512749,0.0,0
314,-4.2408376963350785,-58.75,3.112,4.774747055109897,59.80348103513223,14.631780801867537,1.2799359674896407,0.0,0
315,-3.298429319371728,-58.75,3.112,7.653830091117271,15.227992330785785,18.002753455696322,0.36647669304990516,0.0,0
316,-2.356020942408377,-58.75,3.112,11.297524938711476,65.45951137349172,16.98220212616776,2.237187619040238,0.0,0
317,-1.4136125654450262,-58.75,3.112,20.155072921023237,98.93095762397952,18.88309087804974,4.233305203257271,0.0,0
318,-0.4712041884816754,-58.75,3.112,44.92453436768773,103.4326320175808,20.975723998662115,7.9695223866324785,0.0,0
319,0.4712041884816754,-58.75,3.112,99.90265546689804,106.77065194920824,23.59052145419495,13.780973672557746,0.0,0
320,-13.664921465968591,-57.5,3.112,-0.20087680425935772,60.9449284819013,1.9230852660088897,0.34806259710137644,0.0,0
321,-12.72251308900524,-57.5,3.112,-0.44954743183452306,60.53842482243258,2.723370769604205,0.3293360959167716,0.0,0
322,-11.780104712041888,-57.5,3.112,-0.5153757410585194,25.99961142324817,4.2505887532454825,0.1540040262336862,0.0,0
323,-10.837696335078537,-57.5,3.112,-0.41844981503647904,31.04119118657146,5.492283406101972,0.2600910591010742,0.0,0
324,-9.895287958115185,-57.5,3.112,-0.5018637753277979,6.028832248157969,6.883751203017302,0.06070874627867898,0.0,0
325,-8.952879581151834,-57.5,3.112,-0.6560624809357927,58.68031707122664,7.997826394617236,0.7090528519639628,0.0,0
326,-8.010471204188482,-57.5,3.112,-0.3748714893799572,59.99363881197473,8.724030551812655,0.8044607221296001,0.0,0
327,-7.0680628272251305,-57.5,3.112,-0.10556777526971306,92.23177988686763,10.23405065715881,1.035478792188169,0.0,0
328,-6.12565445026178,-57.5,3.112,1.019385329617191,52.76771757019339,11.885742642072062,0.7336033963901517,0.0,0
329,-5.183246073298429,-57.5,3.112,2.953176095446568,87.18125246176078,13.330318326024253,1.4934283805397617,0.0,0
330,-4.2408376963350785,-57.5,3.112,4.517419864473519,77.397458849033,14.586976185194573,1.492394987313731,0.0,0
331,-3.298429319371728,-57.5,3.112,6.3115939952977325,53.48242603189787,17.374324643348306,1.16171598062145,0.0,0
332,-2.356020942408377,-57.5,3.112,8.408512759546756,97.39631863215007,19.85005783947163,2.0618181684325676,0.0,0
333,-1.4136125654450262,-57.5,3.112,12.91809274577458,101.02895784601874,19.826065449413054,2.8097428094591015,0.0,0
334,-0.4712041884816754,-57.5,3.112,30.539230378538015,87.9836269941402,21.84840541517458,5.092866316689021,0.0,0
335,0.4712041884816754,-57.5,3.112,73.6863018516929,94.13276285000097,24.954752684247012,9.31303109326312,0.0,0
336,1.4136125654450262,-57.5,3.112,129.68481606199208,88.44726965348373,24.757408187109448,11.440348992693428,0.0,0
337,-13.664921465968591,-56.25,3.112,-0.03817870361269571,31.379881607969416,1.7187373013571594,0.2025844099212467,0.0,0
338,-12.72251308900524,-56.25,3.112,-0.3939239854299728,41.47115328129256,2.6244546027672206,0.19649253599368394,0.0,0
339,-11.780104712041888,-56.25,3.112,-0.9228342910264816,13.292764463800154,4.478949168036104,0.05079241211807474,0.0,0
340,-10.837696335078537,-56.25,3.112,-1.14704595429167,31.599900845540397,6.0222564421696285,0.12842347267003457,0.0,0
341,-9.895287958115185,-56.25,3.112,-1.4390853859219397,0.9547159051133612,7.383092626473928,0.00426399563601574,0.0,0
342,-8.952879581151834,-56.25,3.112,-1.5489442241888358,76.83202044160753,8.340519590934777,0.46521871285955374,0.0,0
343,-8.010471204188482,-56.25,3.112,-1.6051681589361642,67.38573377027073,8.415565593384073,0.30822303082452523,0.0,0
344,-7.0680628272251305,-56.25,3.112,-1.325874488317073,48.894906468462786,9.920995531972128,0.20230216049974784,0.0,0
345,-6.12565445026178,-56.25,3.112,-0.9766731281532417,44.4650503349331,11.714120585530674,0.293856502116528,0.0,0
346,-5.183246073298429,-56.25,3.112,0.33315563642047286,38.349509711528114,14.143568575327572,0.30158981711549926,0.0,0
347,-4.2408376963350785,-56.25,3.112,1.6754174345848547,46.18376532958566,15.447220726665675,0.43193384086465975,0.0,0
348,-3.298429319371728,-56.25,3.112,3.2361287112923893,61.711636914264766,16.600432605698224,0.7955556917053321,0.0,0
349,-2.356020942408377,-56.25,3.112,6.2485692991017086,63.063823541654415,21.629428147458178,0.8262298154770393,0.0,0
350,-1.4136125654450262,-56.25,3.112,7.691364575764446,92.91390827197837,21.05094727572531,1.4709356514426297,0.0,0
351,-0.4712041884816754,-56.25,3.112,19.73087390977945,95.88428290781552,20.84649193483723,2.8139395841750123,0.0,0
352,0.4712041884816754,-56.25,3.112,48.57584412265477,100.73402524016588,23.233529103811833,5.181635441696891,0.0,0
353,1.4136125654450262,-56.25,3.112,84.84950371952706,113.5309143944456,25.74626436075997,8.629648552048641,0.0,0
354,-14.607329842931941,-55.0,3.112,0.08767383838538584,26.40187011152061,0.6729356394487505,0.3138191315886116,0.0,0
355,-13.664921465968591,-55.0,3.112,-0.1562034008052552,57.974392957203555,1.903354612270575,0.33516021698877246,0.0,0
356,-12.72251308900524,-55.0,3.112,-0.5381482028027607,29.392401541284304,3.448227449237197,0.10674635007017236,0.0,0
357,-11.780104712041888,-55.0,3.112,-0.9389577403630903,5.031244173829213,4.423727487136667,0.015963407915204075,0.0,0
358,-10.837696335078537,-55.0,3.112,-1.4258472773244166,4.385897032136055,5.929174162852403,0.01340003088791172,0.0,0
359,-9.895287958115185,-55.0,3.112,-1.792415227101578,6.756745753884863,7.536459179371098,0.018074450945853245,0.0,0
360,-8.952879581151834,-55.0,3.112,-1.9036020975305659,60.95937534117616,8.779492849731712,0.1161499048616984,0.0,0
361,-8.010471204188482,-55.0,3.112,-1.7451622422327138,21.710159433599017,9.400007038126098,0.022425911695426525,0.0,0
362,-7.0680628272251305,-55.0,3.112,-1.6833626047344417,40.98203524479725,11.16955629899264,0.08680849964508999,0.0,0
363,-6.12565445026178,-55.0,3.112,-1.2790766966590095,57.73356838455041,12.382829536121324,0.16190504549911752,0.0,0
364,-5.183246073298429,-55.0,3.112,-0.10056309905530103,66.17463808423165,14.125753962206392,0.2621799992829176,0.0,0
365,-4.2408376963350785,-55.0,3.112,0.4701659872476336,23.03853242609542,14.843240518420737,0.08929275699224752,0.0,0
366,-3.298429319371728,-55.0,3.112,1.2662072149731012,22.75328642266795,17.40775303523407,0.12407318867369065,0.0,0
367,-2.356020942408377,-55.0,3.112,4.762310872067367,31.64577983599772,19.722623959277584,0.23071457822844474,0.0,0
368,-1.4136125654450262,-55.0,3.112,6.28739995537487,63.34080653768192,18.62656050245977,0.5822792368667077,0.0,0
369,-0.4712041884816754,-55.0,3.112,20.054262024416794,73.63667139616601,17.181510584703222,1.6196883856651731,0.0,0
370,0.4712041884816754,-55.0,3.112,39.257682624203156,83.73082849157636,20.225836606421947,2.7032480292008163,0.0,0
371,1.4136125654450262,-55.0,3.112,55.1993333465676,98.52980939744077,22.693475408085966,3.9021815985827173,0.0,0
372,2.356020942408377,-55.0,3.112,82.06800580718064,108.55713079568181,20.825718553895307,4.5681896581060615,0.0,0
373,-14.607329842931941,-53.75,3.112,-0.10850770964622797,47.694119808280725,1.1986019594455306,0.31080489830420244,0.0,0
374,-13.664921465968591,-53.75,3.112,-0.4462033037043973,82.00126583116753,2.7654340296762014,0.20688447212221497,0.0,0
375,-12.72251308900524,-53.75,3.112,-0.7074936781877103,44.90539582463518,3.7237145344336486,0.06236268979746823,0.0,0
376,-11.780104712041888,-53.75,3.112,-1.0970634852671939,57.337850627707766,4.94772124597961,0.06811412673815492,0.0,0
377,-10.837696335078537,-53.75,3.112,-1.5458800634783758,30.054261995085255,6.419197284468738,0.02120356964494466,0.0,0
378,-9.895287958115185,-53.75,3.112,-1.871733808057758,28.278920807902324,7.813539352006769,0.007940784480673643,0.0,0
379,-8.952879581151834,-53.75,3.112,-1.9753095502603393,80.39392333487108,8.8322931911648,0.012795657552455701,0.0,0
380,-8.010471204188482,-53.75,3.112,-2.130737193068633,92.14505145850347,10.32905055067833,0.015345782358862654,0.0,0
381,-7.0680628272251305,-53.75,3.112,-1.994890195639643,60.884163997292674,11.592903641700214,0.02174351167162334,0.0,0
382,-6.12565445026178,-53.75,3.112,-1.535006063532582,49.06401350397391,13.000084636234732,0.09603942977475391,0.0,0
383,-5.183246073298429,-53.75,3.112,-0.8823137799984082,30.47749062285573,14.469534253434555,0.08371813365612218,0.0,0
384,-4.2408376963350785,-53.75,3.112,-0.5465579106145215,32.933666862324884,16.244709349909098,0.09090848054813037,0.0,0
385,-3.298429319371728,-53.75,3.112,-0.015248405331175885,7.7259426164793386,17.047671827281658,0.02704871705899735,0.0,0
386,-2.356020942408377,-53.75,3.112,1.8234748533598957,42.15432375497158,19.950479685916175,0.17983839118238545,0.0,0
387,-1.4136125654450262,-53.75,3.112,7.642661519405646,40.55111146517595,19.068171703511524,0.22490665781646382,0.0,0
388,-0.4712041884816754,-53.75,3.112,17.875697520063873,59.581416954016966,18.221067615984808,0.605075258512227,0.0,0
389,0.4712041884816754,-53.75,3.112,30.275632512716854,61.516168330420946,19.199561243133136,0.880904359792077,0.0,0
390,1.4136125654450262,-53.75,3.112,42.403371621166926,44.685582999914494,19.82541302331136,0.5572123530883796,0.0,0
391,2.356020942408377,-53.75,3.112,53.40802172147612,80.08651145145775,18.047404780807913,1.0879935152006872,0.0,0
392,-13.664921465968591,-52.5,3.112,-0.422196167864311,75.87218885976117,2.501635352211149,0.10266592542228056,0.0,0
393,-12.72251308900524,-52.5,3.112,-0.7859829639170558,53.558477432862304,3.756467608038099,0.04356101859118462,0.0,0
394,-11.780104712041888,-52.5,3.112,-1.2193256072788474,70.11948500111261,5.17762722572246,0.036776152720060025,0.0,0
395,-10.837696335078537,-52.5,3.112,-1.6040785307173213,55.27235295957831,6.650137546181766,0.01665374021604886,0.0,0
396,-9.895287958115185,-52.5,3.112,-1.9381578017585628,68.21938523071417,8.396697867750788,0.004565461153922221,0.0,0
397,-8.952879581151834,-52.5,3.112,-2.05723579837624,88.04567607110934,9.33147206130377,0.004400652792522088,0.0,0
398,-8.010471204188482,-52.5,3.112,-2.3104330870721563,84.80006208836427,11.07194764226682,0.006278815774165848,0.0,0
399,-7.0680628272251305,-52.5,3.112,-2.4145127686013472,30.24522794094417,12.790559568738546,0.00935270130823872,0.0,0
400,-6.12565445026178,-52.5,3.112,-2.326181617828712,22.762937483285306,14.313773219465837,0.017590645361696668,0.0,0
401,-5.183246073298429,-52.5,3.112,-2.0765564927979447,78.85421657832684,15.553423557518737,0.08299675370802946,0.0,0
402,-4.2408376963350785,-52.5,3.112,-1.9384625165289568,59.23403896470287,16.87420759939236,0.05730071879995348,0.0,0
403,-3.298429319371728,-52.5,3.112,-1.1069957934175765,13.519203507860967,18.918745164585545,0.021115932602303364,0.0,0
404,-2.356020942408377,-52.5,3.112,1.0243541820729778,68.15543587744277,20.3502458505228,0.1285280224108263,0.0,0
405,-1.4136125654450262,-52.5,3.112,8.448147053558205,14.611949551783297,22.388375753709855,0.03390892069910749,0.0,0
406,-0.4712041884816754,-52.5,3.112,18.83918520320497,52.03211478539408,20.773498427914344,0.1513123017257951,0.0,0
407,0.4712041884816754,-52.5,3.112,30.042766708497957,49.433719790140806,19.892190592010596,0.2104441086103494,0.0,0
408,-8.952879581151834,-51.25,3.112,-2.3275406387953024,14.932195494059705,10.77667494395636,0.0006086169476686959,0.0,0
409,-8.010471204188482,-51.25,3.112,-2.5144692471234285,43.990221572643435,12.158806659396241,0.002126430657466222,0.0,0
410,-7.0680628272251305,-51.25,3.112,-2.663175870347492,31.449578678825166,13.859168538937924,0.0016623451282193834,0.0,0
411,-5.183246073298429,-51.25,3.112,-2.5841161458446975,52.01365192015882,16.24645096098485,0.011212227321958111,0.0,0
412,-4.2408376963350785,-51.25,3.112,-2.6358036396097133,29.20483625690703,17.620940172568854,0.00429015569118227,0.0,0
413,-3.298429319371728,-51.25,3.112,-1.6871026845585333,1.5567262581430863,19.09287619827453,0.000933581545854591,0.0,0
414,-2.356020942408377,-51.25,3.112,0.22872721893312775,19.282364182252685,19.737162400773624,0.012249374790810995,0.0,0
415,-3.298429319371728,-50.0,3.112,-2.276518373514715,5.618763745565324,19.61808557422886,0.0009346226840628587,0.0,0
